"STATION","DATE","LATITUDE","LONGITUDE","ELEVATION","NAME","PRCP","PRCP_ATTRIBUTES","SNWD","SNWD_ATTRIBUTES","TMAX","TMAX_ATTRIBUTES","TMIN","TMIN_ATTRIBUTES","TAVG","TAVG_ATTRIBUTES"
"UPM00033356","1959-01-01","50.217","31.8","128.0","YAHOTYN, UP","    0","B,,S",,,"   22",",,S","  -22",",,S","    0","H,,S"
"UPM00033356","1959-01-04","50.217","31.8","128.0","YAHOTYN, UP",,,,,,,,,"   19","H,,S"
"UPM00033356","1959-01-05","50.217","31.8","128.0","YAHOTYN, UP",,,,,,,,,"   15","H,,S"
"UPM00033356","1959-01-08","50.217","31.8","128.0","YAHOTYN, UP",,,,,,,,,"  -40","H,,S"
"UPM00033356","1959-01-13","50.217","31.8","128.0","YAHOTYN, UP",,,,,"    0",",,S",,,"   -8","H,,S"
"UPM00033356","1959-01-14","50.217","31.8","128.0","YAHOTYN, UP",,,,,,,,,"  -67","H,,S"
"UPM00033356","1959-01-19","50.217","31.8","128.0","YAHOTYN, UP",,,,,,,,,"  -89","H,,S"
"UPM00033356","1959-01-21","50.217","31.8","128.0","YAHOTYN, UP",,,,,,,,,"  -36","H,,S"
"UPM00033356","1959-01-25","50.217","31.8","128.0","YAHOTYN, UP",,,,,,,,,"  -21","H,,S"
"UPM00033356","1959-01-31","50.217","31.8","128.0","YAHOTYN, UP",,,,,"  -22",",,S",,,"  -62","H,,S"
"UPM00033356","1959-03-14","50.217","31.8","128.0","YAHOTYN, UP",,,,,,,,,"  -21","H,,S"
"UPM00033356","1959-03-19","50.217","31.8","128.0","YAHOTYN, UP",,,,,,,,,"   11","H,,S"
"UPM00033356","1959-03-31","50.217","31.8","128.0","YAHOTYN, UP",,,,,,,,,"    8","H,,S"
"UPM00033356","1959-04-13","50.217","31.8","128.0","YAHOTYN, UP",,,,,,,"   28",",,S","   57","H,,S"
"UPM00033356","1959-07-01","50.217","31.8","128.0","YAHOTYN, UP","    0",",,I",,,,,,,,
"UPM00033356","1959-07-02","50.217","31.8","128.0","YAHOTYN, UP","    0",",,I",,,,,,,,
"UPM00033356","1959-07-03","50.217","31.8","128.0","YAHOTYN, UP","    0",",,I",,,,,,,,
"UPM00033356","1959-07-05","50.217","31.8","128.0","YAHOTYN, UP","    0",",,I",,,,,,,,
"UPM00033356","1959-07-09","50.217","31.8","128.0","YAHOTYN, UP","    0",",,I",,,,,,,,
"UPM00033356","1959-07-10","50.217","31.8","128.0","YAHOTYN, UP","    0",",,I",,,,,,,,
"UPM00033356","1959-07-11","50.217","31.8","128.0","YAHOTYN, UP","    0",",,I",,,,,,,,
"UPM00033356","1959-07-12","50.217","31.8","128.0","YAHOTYN, UP","    0",",,I",,,,,,,,
"UPM00033356","1959-07-13","50.217","31.8","128.0","YAHOTYN, UP","    0",",,I",,,,,,,,
"UPM00033356","1959-07-14","50.217","31.8","128.0","YAHOTYN, UP","    0",",,I",,,,,,,,
"UPM00033356","1959-07-15","50.217","31.8","128.0","YAHOTYN, UP","    0",",,I",,,,,,,,
"UPM00033356","1959-07-16","50.217","31.8","128.0","YAHOTYN, UP","    0",",,I",,,,,,,,
"UPM00033356","1959-07-17","50.217","31.8","128.0","YAHOTYN, UP","    0",",,I",,,,,,,,
"UPM00033356","1959-07-18","50.217","31.8","128.0","YAHOTYN, UP","    0",",,I",,,,,,,,
"UPM00033356","1959-07-19","50.217","31.8","128.0","YAHOTYN, UP","    0",",,I",,,,,,,,
"UPM00033356","1959-07-20","50.217","31.8","128.0","YAHOTYN, UP","    0",",,I",,,,,,,"  204","H,,S"
"UPM00033356","1959-07-21","50.217","31.8","128.0","YAHOTYN, UP","    0",",,I",,,,,,,,
"UPM00033356","1959-07-22","50.217","31.8","128.0","YAHOTYN, UP","    0",",,I",,,,,,,,
"UPM00033356","1959-07-23","50.217","31.8","128.0","YAHOTYN, UP","    0",",,I",,,,,,,,
"UPM00033356","1959-07-24","50.217","31.8","128.0","YAHOTYN, UP","    0",",,I",,,,,,,,
"UPM00033356","1959-07-28","50.217","31.8","128.0","YAHOTYN, UP","    0",",,I",,,,,,,,
"UPM00033356","1959-07-29","50.217","31.8","128.0","YAHOTYN, UP","    0",",,I",,,,,,,,
"UPM00033356","1959-07-30","50.217","31.8","128.0","YAHOTYN, UP","    0",",,I",,,,,,,,
"UPM00033356","1959-08-01","50.217","31.8","128.0","YAHOTYN, UP","    0",",,I",,,,,,,,
"UPM00033356","1959-08-04","50.217","31.8","128.0","YAHOTYN, UP","    0",",,I",,,,,,,,
"UPM00033356","1959-08-05","50.217","31.8","128.0","YAHOTYN, UP","    2",",,I",,,,,,,,
"UPM00033356","1959-08-06","50.217","31.8","128.0","YAHOTYN, UP","   16",",,I",,,,,,,,
"UPM00033356","1959-08-07","50.217","31.8","128.0","YAHOTYN, UP","   41",",,I",,,,,,,,
"UPM00033356","1959-08-08","50.217","31.8","128.0","YAHOTYN, UP","    0","T,,I",,,,,,,,
"UPM00033356","1959-08-09","50.217","31.8","128.0","YAHOTYN, UP","    0",",,I",,,,,,,,
"UPM00033356","1959-08-10","50.217","31.8","128.0","YAHOTYN, UP","    0",",,I",,,,,,,,
"UPM00033356","1959-08-11","50.217","31.8","128.0","YAHOTYN, UP","    0",",,I",,,,,,,,
"UPM00033356","1959-08-12","50.217","31.8","128.0","YAHOTYN, UP","   20",",,I",,,,,,,,
"UPM00033356","1959-08-13","50.217","31.8","128.0","YAHOTYN, UP","    0",",,I",,,,,,,,
"UPM00033356","1959-08-14","50.217","31.8","128.0","YAHOTYN, UP","    0",",,I",,,,,,,,
"UPM00033356","1959-08-15","50.217","31.8","128.0","YAHOTYN, UP","    0",",,I",,,,,,,,
"UPM00033356","1959-08-16","50.217","31.8","128.0","YAHOTYN, UP","    0",",,I",,,,,,,,
"UPM00033356","1959-08-17","50.217","31.8","128.0","YAHOTYN, UP","    0",",,I",,,,,,,,
"UPM00033356","1959-08-18","50.217","31.8","128.0","YAHOTYN, UP","    0",",,I",,,,,,,,
"UPM00033356","1959-08-19","50.217","31.8","128.0","YAHOTYN, UP","   68",",,I",,,,,,,,
"UPM00033356","1959-08-20","50.217","31.8","128.0","YAHOTYN, UP","   42",",,I",,,,,,,,
"UPM00033356","1959-08-21","50.217","31.8","128.0","YAHOTYN, UP","    0",",,I",,,,,,,,
"UPM00033356","1959-08-22","50.217","31.8","128.0","YAHOTYN, UP","    0",",,I",,,,,,,,
"UPM00033356","1959-08-23","50.217","31.8","128.0","YAHOTYN, UP","    0",",,I",,,,,,,,
"UPM00033356","1959-08-25","50.217","31.8","128.0","YAHOTYN, UP","    0",",,I",,,,,,,,
"UPM00033356","1959-08-26","50.217","31.8","128.0","YAHOTYN, UP","    0",",,I",,,,,,,,
"UPM00033356","1959-08-27","50.217","31.8","128.0","YAHOTYN, UP","   20",",,I",,,,,,,,
"UPM00033356","1959-08-29","50.217","31.8","128.0","YAHOTYN, UP","    0",",,I",,,,,,,,
"UPM00033356","1959-08-30","50.217","31.8","128.0","YAHOTYN, UP","    0",",,I",,,,,,,,
"UPM00033356","1959-08-31","50.217","31.8","128.0","YAHOTYN, UP","    0",",,I",,,,,,,,
"UPM00033356","1959-09-01","50.217","31.8","128.0","YAHOTYN, UP","    0",",,I",,,,,,,,
"UPM00033356","1959-09-02","50.217","31.8","128.0","YAHOTYN, UP","   37",",,I",,,,,,,,
"UPM00033356","1959-09-04","50.217","31.8","128.0","YAHOTYN, UP","    6",",,I",,,,,,,,
"UPM00033356","1959-09-06","50.217","31.8","128.0","YAHOTYN, UP","    2",",,I",,,,,,,,
"UPM00033356","1959-09-07","50.217","31.8","128.0","YAHOTYN, UP","    6",",,I",,,,,,,,
"UPM00033356","1959-09-08","50.217","31.8","128.0","YAHOTYN, UP","    0",",,I",,,,,,,,
"UPM00033356","1959-09-09","50.217","31.8","128.0","YAHOTYN, UP","   36",",,I",,,,,,,,
"UPM00033356","1959-09-10","50.217","31.8","128.0","YAHOTYN, UP","    0",",,I",,,,,,,,
"UPM00033356","1959-09-11","50.217","31.8","128.0","YAHOTYN, UP","    0",",,I",,,,,,,,
"UPM00033356","1959-09-13","50.217","31.8","128.0","YAHOTYN, UP","    0",",,I",,,,,,,,
"UPM00033356","1959-09-14","50.217","31.8","128.0","YAHOTYN, UP","    0",",,I",,,,,,,,
"UPM00033356","1959-09-15","50.217","31.8","128.0","YAHOTYN, UP","    0",",,I",,,,,,,,
"UPM00033356","1959-09-16","50.217","31.8","128.0","YAHOTYN, UP","    0",",,I",,,,,,,,
"UPM00033356","1959-09-17","50.217","31.8","128.0","YAHOTYN, UP","   16",",,I",,,,,,,,
"UPM00033356","1959-09-18","50.217","31.8","128.0","YAHOTYN, UP","    0",",,I",,,,,,,,
"UPM00033356","1959-09-19","50.217","31.8","128.0","YAHOTYN, UP","    0",",,I",,,,,,,,
"UPM00033356","1959-09-20","50.217","31.8","128.0","YAHOTYN, UP","   26",",,I",,,,,,,,
"UPM00033356","1959-09-22","50.217","31.8","128.0","YAHOTYN, UP","    0",",,I",,,,,,,,
"UPM00033356","1959-09-23","50.217","31.8","128.0","YAHOTYN, UP","    0",",,I",,,,,,,,
"UPM00033356","1959-09-24","50.217","31.8","128.0","YAHOTYN, UP","    0",",,I",,,,,,,,
"UPM00033356","1959-09-25","50.217","31.8","128.0","YAHOTYN, UP","   13",",,I",,,,,,,,
"UPM00033356","1959-09-26","50.217","31.8","128.0","YAHOTYN, UP","    0",",,I",,,,,,,,
"UPM00033356","1959-09-27","50.217","31.8","128.0","YAHOTYN, UP","    0",",,I",,,,,,,,
"UPM00033356","1959-09-28","50.217","31.8","128.0","YAHOTYN, UP","  168",",,I",,,,,,,,
"UPM00033356","1959-09-29","50.217","31.8","128.0","YAHOTYN, UP","   82",",,I",,,,,,,,
"UPM00033356","1959-09-30","50.217","31.8","128.0","YAHOTYN, UP","    0",",,I",,,,,,,,
"UPM00033356","1959-10-01","50.217","31.8","128.0","YAHOTYN, UP","   36",",,I",,,,,,,,
"UPM00033356","1959-10-03","50.217","31.8","128.0","YAHOTYN, UP","   21",",,I",,,,,,,,
"UPM00033356","1959-10-04","50.217","31.8","128.0","YAHOTYN, UP","    0",",,I",,,,,,,,
"UPM00033356","1959-10-05","50.217","31.8","128.0","YAHOTYN, UP","    0",",,I",,,,,,,,
"UPM00033356","1959-10-06","50.217","31.8","128.0","YAHOTYN, UP","    2",",,I",,,,,,,,
"UPM00033356","1959-10-07","50.217","31.8","128.0","YAHOTYN, UP","    5",",,I",,,,,,,,
"UPM00033356","1959-10-08","50.217","31.8","128.0","YAHOTYN, UP","    3",",,I",,,,,,,,
"UPM00033356","1959-10-09","50.217","31.8","128.0","YAHOTYN, UP","    0",",,I",,,,,,,,
"UPM00033356","1959-10-10","50.217","31.8","128.0","YAHOTYN, UP","    0",",,I",,,,,,,,
"UPM00033356","1959-10-11","50.217","31.8","128.0","YAHOTYN, UP","    0",",,I",,,,,,,,
"UPM00033356","1959-10-12","50.217","31.8","128.0","YAHOTYN, UP","    3",",,I",,,,,,,,
"UPM00033356","1959-10-13","50.217","31.8","128.0","YAHOTYN, UP","    8",",,I",,,,,,,,
"UPM00033356","1959-10-14","50.217","31.8","128.0","YAHOTYN, UP","    1",",,I",,,,,,,,
"UPM00033356","1959-10-15","50.217","31.8","128.0","YAHOTYN, UP","    0",",,I",,,,,,,,
"UPM00033356","1959-10-16","50.217","31.8","128.0","YAHOTYN, UP","    0",",,I",,,,,,,,
"UPM00033356","1959-10-17","50.217","31.8","128.0","YAHOTYN, UP","    0",",,I",,,,,,,,
"UPM00033356","1959-10-18","50.217","31.8","128.0","YAHOTYN, UP","    0",",,I",,,,,,,,
"UPM00033356","1959-10-19","50.217","31.8","128.0","YAHOTYN, UP","    0",",,I",,,,,,,,
"UPM00033356","1959-10-20","50.217","31.8","128.0","YAHOTYN, UP","    0",",,I",,,,,,,,
"UPM00033356","1959-10-21","50.217","31.8","128.0","YAHOTYN, UP","    0",",,I",,,,,,,,
"UPM00033356","1959-10-22","50.217","31.8","128.0","YAHOTYN, UP","   14",",,I",,,,,,,,
"UPM00033356","1959-10-24","50.217","31.8","128.0","YAHOTYN, UP","    3",",,I",,,,,,,,
"UPM00033356","1959-10-25","50.217","31.8","128.0","YAHOTYN, UP","    0",",,I",,,,,,,,
"UPM00033356","1959-10-26","50.217","31.8","128.0","YAHOTYN, UP","    0",",,I",,,,,,,,
"UPM00033356","1959-10-27","50.217","31.8","128.0","YAHOTYN, UP","    0",",,I",,,,,,,,
"UPM00033356","1959-10-28","50.217","31.8","128.0","YAHOTYN, UP","    0",",,I",,,,,,,,
"UPM00033356","1959-10-29","50.217","31.8","128.0","YAHOTYN, UP","    0",",,I",,,,,,,,
"UPM00033356","1959-10-30","50.217","31.8","128.0","YAHOTYN, UP","   21",",,I",,,,,,,,
"UPM00033356","1959-10-31","50.217","31.8","128.0","YAHOTYN, UP","   65",",,I",,,,,,,,
"UPM00033356","1959-11-01","50.217","31.8","128.0","YAHOTYN, UP","   93",",,I",,,,,,,,
"UPM00033356","1959-11-02","50.217","31.8","128.0","YAHOTYN, UP","    1",",,I",,,,,,,,
"UPM00033356","1959-11-03","50.217","31.8","128.0","YAHOTYN, UP","    0",",,I",,,,,,,,
"UPM00033356","1959-11-04","50.217","31.8","128.0","YAHOTYN, UP","    0","T,,I",,,,,,,,
"UPM00033356","1959-11-05","50.217","31.8","128.0","YAHOTYN, UP","   57",",,I",,,,,,,,
"UPM00033356","1959-11-06","50.217","31.8","128.0","YAHOTYN, UP","   18",",,I",,,,,,,,
"UPM00033356","1959-11-07","50.217","31.8","128.0","YAHOTYN, UP","   93",",,I",,,,,,,,
"UPM00033356","1959-11-08","50.217","31.8","128.0","YAHOTYN, UP","  110",",,I",,,,,,,,
"UPM00033356","1959-11-09","50.217","31.8","128.0","YAHOTYN, UP","    2",",,I",,,,,,,,
"UPM00033356","1959-11-10","50.217","31.8","128.0","YAHOTYN, UP","    0",",,I",,,,,,,,
"UPM00033356","1959-11-11","50.217","31.8","128.0","YAHOTYN, UP","    0",",,I",,,,,,,,
"UPM00033356","1959-11-12","50.217","31.8","128.0","YAHOTYN, UP","   11",",,I",,,,,,,,
"UPM00033356","1959-11-13","50.217","31.8","128.0","YAHOTYN, UP","   36",",,I",,,,,,,,
"UPM00033356","1959-11-14","50.217","31.8","128.0","YAHOTYN, UP","    0",",,I",,,,,,,,
"UPM00033356","1959-11-15","50.217","31.8","128.0","YAHOTYN, UP","    0",",,I",,,,,,,,
"UPM00033356","1959-11-16","50.217","31.8","128.0","YAHOTYN, UP","    1",",,I",,,,,,,,
"UPM00033356","1959-11-17","50.217","31.8","128.0","YAHOTYN, UP","    0",",,I",,,,,,,,
"UPM00033356","1959-11-18","50.217","31.8","128.0","YAHOTYN, UP","   47",",,I",,,,,,,,
"UPM00033356","1959-11-19","50.217","31.8","128.0","YAHOTYN, UP","    0",",,I",,,,,,,,
"UPM00033356","1959-11-21","50.217","31.8","128.0","YAHOTYN, UP","    0",",,I",,,,,,,,
"UPM00033356","1959-11-22","50.217","31.8","128.0","YAHOTYN, UP","    0",",,I",,,,,,,,
"UPM00033356","1959-11-23","50.217","31.8","128.0","YAHOTYN, UP","    0",",,I",,,,,,,,
"UPM00033356","1959-11-24","50.217","31.8","128.0","YAHOTYN, UP","    0",",,I",,,,,,,,
"UPM00033356","1959-11-25","50.217","31.8","128.0","YAHOTYN, UP","    0",",,I",,,,,,,,
"UPM00033356","1959-11-26","50.217","31.8","128.0","YAHOTYN, UP","    1",",,I",,,,,,,,
"UPM00033356","1959-11-27","50.217","31.8","128.0","YAHOTYN, UP","    0",",,I",,,,,,,,
"UPM00033356","1959-11-28","50.217","31.8","128.0","YAHOTYN, UP","    0",",,I",,,,,,,,
"UPM00033356","1959-11-29","50.217","31.8","128.0","YAHOTYN, UP","    0",",,I",,,,,,,,
"UPM00033356","1959-11-30","50.217","31.8","128.0","YAHOTYN, UP","    0",",,I",,,,,,,,
"UPM00033356","1959-12-01","50.217","31.8","128.0","YAHOTYN, UP","    0",",,I",,,,,,,,
"UPM00033356","1959-12-02","50.217","31.8","128.0","YAHOTYN, UP","    0",",,I",,,,,,,,
"UPM00033356","1959-12-03","50.217","31.8","128.0","YAHOTYN, UP","    6",",,I",,,,,,,,
"UPM00033356","1959-12-04","50.217","31.8","128.0","YAHOTYN, UP","    3",",,I",,,,,,,,
"UPM00033356","1959-12-05","50.217","31.8","128.0","YAHOTYN, UP","    0",",,I",,,,,,,,
"UPM00033356","1959-12-06","50.217","31.8","128.0","YAHOTYN, UP","    0",",,I",,,,,,,,
"UPM00033356","1959-12-07","50.217","31.8","128.0","YAHOTYN, UP","    0",",,I",,,,,,,,
"UPM00033356","1959-12-08","50.217","31.8","128.0","YAHOTYN, UP","    0",",,I",,,,,,,,
"UPM00033356","1959-12-09","50.217","31.8","128.0","YAHOTYN, UP","    0",",,I",,,,,,,,
"UPM00033356","1959-12-10","50.217","31.8","128.0","YAHOTYN, UP","    0",",,I",,,,,,,,
"UPM00033356","1959-12-11","50.217","31.8","128.0","YAHOTYN, UP","    0",",,I",,,,,,,,
"UPM00033356","1959-12-12","50.217","31.8","128.0","YAHOTYN, UP","    0",",,I",,,,,,,,
"UPM00033356","1959-12-13","50.217","31.8","128.0","YAHOTYN, UP","    0","T,,I",,,,,,,,
"UPM00033356","1959-12-14","50.217","31.8","128.0","YAHOTYN, UP","  144",",,I",,,,,,,,
"UPM00033356","1959-12-15","50.217","31.8","128.0","YAHOTYN, UP","   48",",,I",,,,,,,,
"UPM00033356","1959-12-16","50.217","31.8","128.0","YAHOTYN, UP","   33",",,I",,,,,,,,
"UPM00033356","1959-12-17","50.217","31.8","128.0","YAHOTYN, UP","   22",",,I",,,,,,,,
"UPM00033356","1959-12-18","50.217","31.8","128.0","YAHOTYN, UP","    0",",,I",,,,,,,,
"UPM00033356","1959-12-19","50.217","31.8","128.0","YAHOTYN, UP","    1",",,I",,,,,,,,
"UPM00033356","1959-12-20","50.217","31.8","128.0","YAHOTYN, UP","    0",",,I",,,,,,,,
"UPM00033356","1959-12-23","50.217","31.8","128.0","YAHOTYN, UP","    1",",,I",,,,,,,,
"UPM00033356","1959-12-24","50.217","31.8","128.0","YAHOTYN, UP","    0","T,,I",,,,,,,,
"UPM00033356","1959-12-25","50.217","31.8","128.0","YAHOTYN, UP","    2",",,I",,,,,,,,
"UPM00033356","1959-12-26","50.217","31.8","128.0","YAHOTYN, UP","    3",",,I",,,,,,,,
"UPM00033356","1959-12-27","50.217","31.8","128.0","YAHOTYN, UP","    1",",,I",,,,,,,,
"UPM00033356","1959-12-28","50.217","31.8","128.0","YAHOTYN, UP","   58",",,I",,,,,,,,
"UPM00033356","1959-12-29","50.217","31.8","128.0","YAHOTYN, UP","   38",",,I",,,,,,,,
"UPM00033356","1959-12-30","50.217","31.8","128.0","YAHOTYN, UP","    0",",,I",,,,,,,,
"UPM00033356","1959-12-31","50.217","31.8","128.0","YAHOTYN, UP","    0",",,I",,,,,,,,
"UPM00033356","1960-01-01","50.217","31.8","128.0","YAHOTYN, UP","    3",",,I",,,,,,,,
"UPM00033356","1960-01-02","50.217","31.8","128.0","YAHOTYN, UP","   10",",,I",,,,,,,,
"UPM00033356","1960-01-03","50.217","31.8","128.0","YAHOTYN, UP","    0",",,I",,,,,,,,
"UPM00033356","1960-01-04","50.217","31.8","128.0","YAHOTYN, UP","    0",",,I",,,,,,,,
"UPM00033356","1960-01-05","50.217","31.8","128.0","YAHOTYN, UP","    0",",,I",,,,,,,,
"UPM00033356","1960-01-06","50.217","31.8","128.0","YAHOTYN, UP","    0",",,I",,,,,,,,
"UPM00033356","1960-01-07","50.217","31.8","128.0","YAHOTYN, UP","    0",",,I",,,,,,,,
"UPM00033356","1960-01-08","50.217","31.8","128.0","YAHOTYN, UP","   15",",,I",,,,,,,,
"UPM00033356","1960-01-09","50.217","31.8","128.0","YAHOTYN, UP","   20",",,I",,,,,,,,
"UPM00033356","1960-01-10","50.217","31.8","128.0","YAHOTYN, UP","   74",",,I",,,,,,,,
"UPM00033356","1960-01-11","50.217","31.8","128.0","YAHOTYN, UP","    0",",,I",,,,,,,,
"UPM00033356","1960-01-12","50.217","31.8","128.0","YAHOTYN, UP","    0","T,,I",,,,,,,,
"UPM00033356","1960-01-13","50.217","31.8","128.0","YAHOTYN, UP","   44",",,I",,,,,,,,
"UPM00033356","1960-01-14","50.217","31.8","128.0","YAHOTYN, UP","    3",",,I",,,,,,,,
"UPM00033356","1960-01-15","50.217","31.8","128.0","YAHOTYN, UP","   15",",,I",,,,,,,,
"UPM00033356","1960-01-16","50.217","31.8","128.0","YAHOTYN, UP","   20",",,I",,,,,,,,
"UPM00033356","1960-01-17","50.217","31.8","128.0","YAHOTYN, UP","    0",",,I",,,,,,,,
"UPM00033356","1960-01-18","50.217","31.8","128.0","YAHOTYN, UP","   17",",,I",,,,,,,,
"UPM00033356","1960-01-19","50.217","31.8","128.0","YAHOTYN, UP","  176",",,I",,,,,,,,
"UPM00033356","1960-01-20","50.217","31.8","128.0","YAHOTYN, UP","   25",",,I",,,,,,,,
"UPM00033356","1960-01-21","50.217","31.8","128.0","YAHOTYN, UP","    1",",,I",,,,,,,,
"UPM00033356","1960-01-22","50.217","31.8","128.0","YAHOTYN, UP","    4",",,I",,,,,,,,
"UPM00033356","1960-01-23","50.217","31.8","128.0","YAHOTYN, UP","    1",",,I",,,,,,,,
"UPM00033356","1960-01-24","50.217","31.8","128.0","YAHOTYN, UP","    2",",,I",,,,,,,,
"UPM00033356","1960-01-25","50.217","31.8","128.0","YAHOTYN, UP","    0",",,I",,,,,,,,
"UPM00033356","1960-01-26","50.217","31.8","128.0","YAHOTYN, UP","    0",",,I",,,,,,,,
"UPM00033356","1960-01-27","50.217","31.8","128.0","YAHOTYN, UP","    0",",,I",,,,,,,,
"UPM00033356","1960-01-28","50.217","31.8","128.0","YAHOTYN, UP","   30",",,I",,,,,,,,
"UPM00033356","1960-01-29","50.217","31.8","128.0","YAHOTYN, UP","   24",",,I",,,,,,,,
"UPM00033356","1960-01-30","50.217","31.8","128.0","YAHOTYN, UP","   60",",,I",,,,,,,,
"UPM00033356","1960-01-31","50.217","31.8","128.0","YAHOTYN, UP","    7",",,I",,,,,,,,
"UPM00033356","1960-02-01","50.217","31.8","128.0","YAHOTYN, UP","    3",",,I",,,,,,,,
"UPM00033356","1960-02-02","50.217","31.8","128.0","YAHOTYN, UP","    1",",,I",,,,,,,,
"UPM00033356","1960-02-03","50.217","31.8","128.0","YAHOTYN, UP","    0",",,I",,,,,,,,
"UPM00033356","1960-02-04","50.217","31.8","128.0","YAHOTYN, UP","    0",",,I",,,,,,,,
"UPM00033356","1960-02-05","50.217","31.8","128.0","YAHOTYN, UP","    0",",,I",,,,,,,,
"UPM00033356","1960-02-06","50.217","31.8","128.0","YAHOTYN, UP","    0",",,I",,,,,,,,
"UPM00033356","1960-02-07","50.217","31.8","128.0","YAHOTYN, UP","    0",",,I",,,,,,,,
"UPM00033356","1960-02-08","50.217","31.8","128.0","YAHOTYN, UP","    5",",,I",,,,,,,,
"UPM00033356","1960-02-09","50.217","31.8","128.0","YAHOTYN, UP","    0","T,,I",,,,,,,,
"UPM00033356","1960-02-10","50.217","31.8","128.0","YAHOTYN, UP","    0",",,I",,,,,,,,
"UPM00033356","1960-02-11","50.217","31.8","128.0","YAHOTYN, UP","    0",",,I",,,,,,,,
"UPM00033356","1960-02-12","50.217","31.8","128.0","YAHOTYN, UP","    0",",,I",,,,,,,,
"UPM00033356","1960-02-13","50.217","31.8","128.0","YAHOTYN, UP","    0","T,,I",,,,,,,,
"UPM00033356","1960-02-14","50.217","31.8","128.0","YAHOTYN, UP","    0",",,I",,,,,,,,
"UPM00033356","1960-02-15","50.217","31.8","128.0","YAHOTYN, UP","   42",",,I",,,,,,,,
"UPM00033356","1960-02-16","50.217","31.8","128.0","YAHOTYN, UP","    1",",,I",,,,,,,,
"UPM00033356","1960-02-17","50.217","31.8","128.0","YAHOTYN, UP","    1",",,I",,,,,,,,
"UPM00033356","1960-02-18","50.217","31.8","128.0","YAHOTYN, UP","    0",",,I",,,,,,,,
"UPM00033356","1960-02-19","50.217","31.8","128.0","YAHOTYN, UP","   11",",,I",,,,,,,,
"UPM00033356","1960-02-22","50.217","31.8","128.0","YAHOTYN, UP","    7",",,I",,,,,,,,
"UPM00033356","1960-02-23","50.217","31.8","128.0","YAHOTYN, UP","    0",",,I",,,,,,,,
"UPM00033356","1960-02-24","50.217","31.8","128.0","YAHOTYN, UP","    7",",,I",,,,,,,,
"UPM00033356","1960-02-25","50.217","31.8","128.0","YAHOTYN, UP","   63",",,I",,,,,,,,
"UPM00033356","1960-02-26","50.217","31.8","128.0","YAHOTYN, UP","    3",",,I",,,,,,,,
"UPM00033356","1960-02-27","50.217","31.8","128.0","YAHOTYN, UP","    0",",,I",,,,,,,,
"UPM00033356","1960-02-28","50.217","31.8","128.0","YAHOTYN, UP","    0",",,I",,,,,,,,
"UPM00033356","1960-02-29","50.217","31.8","128.0","YAHOTYN, UP","   10",",,I",,,,,,,,
"UPM00033356","1960-03-01","50.217","31.8","128.0","YAHOTYN, UP","    6",",,I",,,,,,,,
"UPM00033356","1960-03-02","50.217","31.8","128.0","YAHOTYN, UP","    0","T,,I",,,,,,,,
"UPM00033356","1960-03-03","50.217","31.8","128.0","YAHOTYN, UP","    0",",,I",,,,,,,,
"UPM00033356","1960-03-04","50.217","31.8","128.0","YAHOTYN, UP","    0",",,I",,,,,,,,
"UPM00033356","1960-03-05","50.217","31.8","128.0","YAHOTYN, UP","    0",",,I",,,,,,,,
"UPM00033356","1960-03-06","50.217","31.8","128.0","YAHOTYN, UP","    1",",,I",,,,,,,,
"UPM00033356","1960-03-07","50.217","31.8","128.0","YAHOTYN, UP","   11",",,I",,,,,,,,
"UPM00033356","1960-03-08","50.217","31.8","128.0","YAHOTYN, UP","    0",",,I",,,,,,,,
"UPM00033356","1960-03-09","50.217","31.8","128.0","YAHOTYN, UP","    0",",,I",,,,,,,,
"UPM00033356","1960-03-10","50.217","31.8","128.0","YAHOTYN, UP","    0",",,I",,,,,,,,
"UPM00033356","1960-03-11","50.217","31.8","128.0","YAHOTYN, UP","    0",",,I",,,,,,,,
"UPM00033356","1960-03-12","50.217","31.8","128.0","YAHOTYN, UP","    1",",,I",,,,,,,,
"UPM00033356","1960-03-13","50.217","31.8","128.0","YAHOTYN, UP","    0",",,I",,,,,,,,
"UPM00033356","1960-03-14","50.217","31.8","128.0","YAHOTYN, UP","    0",",,I",,,,,,,,
"UPM00033356","1960-03-15","50.217","31.8","128.0","YAHOTYN, UP","    0",",,I",,,,,,,,
"UPM00033356","1960-03-16","50.217","31.8","128.0","YAHOTYN, UP","    0",",,I",,,,,,,,
"UPM00033356","1960-03-17","50.217","31.8","128.0","YAHOTYN, UP","    0",",,I",,,,,,,,
"UPM00033356","1960-03-18","50.217","31.8","128.0","YAHOTYN, UP","    0",",,I",,,,,,,,
"UPM00033356","1960-03-19","50.217","31.8","128.0","YAHOTYN, UP","    0",",,I",,,,,,,,
"UPM00033356","1960-03-20","50.217","31.8","128.0","YAHOTYN, UP","    0",",,I",,,,,,,,
"UPM00033356","1960-03-21","50.217","31.8","128.0","YAHOTYN, UP","    0",",,I",,,,,,,,
"UPM00033356","1960-03-23","50.217","31.8","128.0","YAHOTYN, UP","    0",",,I",,,,,,,,
"UPM00033356","1960-03-24","50.217","31.8","128.0","YAHOTYN, UP","    0",",,I",,,,,,,,
"UPM00033356","1960-03-25","50.217","31.8","128.0","YAHOTYN, UP","    0",",,I",,,,,,,,
"UPM00033356","1960-03-26","50.217","31.8","128.0","YAHOTYN, UP","    0",",,I",,,,,,,,
"UPM00033356","1960-03-27","50.217","31.8","128.0","YAHOTYN, UP","    0",",,I",,,,,,,,
"UPM00033356","1960-03-28","50.217","31.8","128.0","YAHOTYN, UP","   14",",,I",,,,,,,,
"UPM00033356","1960-03-29","50.217","31.8","128.0","YAHOTYN, UP","    0",",,I",,,,,,,,
"UPM00033356","1960-03-30","50.217","31.8","128.0","YAHOTYN, UP","   45",",,I",,,,,,,,
"UPM00033356","1960-03-31","50.217","31.8","128.0","YAHOTYN, UP","    0",",,I",,,,,,,,
"UPM00033356","1960-04-01","50.217","31.8","128.0","YAHOTYN, UP","    0",",,I",,,,,,,,
"UPM00033356","1960-04-02","50.217","31.8","128.0","YAHOTYN, UP","    0",",,I",,,,,,,,
"UPM00033356","1960-04-03","50.217","31.8","128.0","YAHOTYN, UP","    0",",,I",,,,,,,,
"UPM00033356","1960-04-04","50.217","31.8","128.0","YAHOTYN, UP","    0",",,I",,,,,,,,
"UPM00033356","1960-04-05","50.217","31.8","128.0","YAHOTYN, UP","    0",",,I",,,,,,,,
"UPM00033356","1960-04-06","50.217","31.8","128.0","YAHOTYN, UP","    0",",,I",,,,,,,,
"UPM00033356","1960-04-07","50.217","31.8","128.0","YAHOTYN, UP","    0",",,I",,,,,,,,
"UPM00033356","1960-04-08","50.217","31.8","128.0","YAHOTYN, UP","    0",",,I",,,,,,,,
"UPM00033356","1960-04-09","50.217","31.8","128.0","YAHOTYN, UP","   73",",,I",,,,,,,,
"UPM00033356","1960-04-10","50.217","31.8","128.0","YAHOTYN, UP","    0",",,I",,,,,,,,
"UPM00033356","1960-04-11","50.217","31.8","128.0","YAHOTYN, UP","    0",",,I",,,,,,,,
"UPM00033356","1960-04-12","50.217","31.8","128.0","YAHOTYN, UP","    0",",,I",,,,,,,,
"UPM00033356","1960-04-13","50.217","31.8","128.0","YAHOTYN, UP","    0",",,I",,,,,,,,
"UPM00033356","1960-04-14","50.217","31.8","128.0","YAHOTYN, UP","    0",",,I",,,,,,,,
"UPM00033356","1960-04-15","50.217","31.8","128.0","YAHOTYN, UP","    0",",,I",,,,,,,,
"UPM00033356","1960-04-16","50.217","31.8","128.0","YAHOTYN, UP","    0",",,I",,,,,,,,
"UPM00033356","1960-04-17","50.217","31.8","128.0","YAHOTYN, UP","    0",",,I",,,,,,,,
"UPM00033356","1960-04-18","50.217","31.8","128.0","YAHOTYN, UP","    0",",,I",,,,,,,,
"UPM00033356","1960-04-19","50.217","31.8","128.0","YAHOTYN, UP","    0",",,I",,,,,,,,
"UPM00033356","1960-04-20","50.217","31.8","128.0","YAHOTYN, UP","    0",",,I",,,,,,,,
"UPM00033356","1960-04-21","50.217","31.8","128.0","YAHOTYN, UP","    0",",,I",,,,,,,,
"UPM00033356","1960-04-22","50.217","31.8","128.0","YAHOTYN, UP","   40",",,I",,,,,,,,
"UPM00033356","1960-04-23","50.217","31.8","128.0","YAHOTYN, UP","    0",",,I",,,,,,,,
"UPM00033356","1960-04-24","50.217","31.8","128.0","YAHOTYN, UP","    0",",,I",,,,,,,,
"UPM00033356","1960-04-25","50.217","31.8","128.0","YAHOTYN, UP","   14",",,I",,,,,,,,
"UPM00033356","1960-04-26","50.217","31.8","128.0","YAHOTYN, UP","    0",",,I",,,,,,,,
"UPM00033356","1960-04-27","50.217","31.8","128.0","YAHOTYN, UP","    0","T,,I",,,,,,,,
"UPM00033356","1960-04-28","50.217","31.8","128.0","YAHOTYN, UP","    0",",,I",,,,,,,,
"UPM00033356","1960-04-29","50.217","31.8","128.0","YAHOTYN, UP","    0",",,I",,,,,,,,
"UPM00033356","1960-04-30","50.217","31.8","128.0","YAHOTYN, UP","    5",",,I",,,,,,,,
"UPM00033356","1960-05-01","50.217","31.8","128.0","YAHOTYN, UP","    8",",,I",,,,,,,,
"UPM00033356","1960-05-02","50.217","31.8","128.0","YAHOTYN, UP","   37",",,I",,,,,,,,
"UPM00033356","1960-05-03","50.217","31.8","128.0","YAHOTYN, UP","   26",",,I",,,,,,,,
"UPM00033356","1960-05-04","50.217","31.8","128.0","YAHOTYN, UP","    0",",,I",,,,,,,,
"UPM00033356","1960-05-05","50.217","31.8","128.0","YAHOTYN, UP","    0",",,I",,,,,,,,
"UPM00033356","1960-05-06","50.217","31.8","128.0","YAHOTYN, UP","    0",",,I",,,,,,,,
"UPM00033356","1960-05-07","50.217","31.8","128.0","YAHOTYN, UP","    0",",,I",,,,,,,,
"UPM00033356","1960-05-08","50.217","31.8","128.0","YAHOTYN, UP","    0",",,I",,,,,,,,
"UPM00033356","1960-05-09","50.217","31.8","128.0","YAHOTYN, UP","    0",",,I",,,,,,,,
"UPM00033356","1960-05-10","50.217","31.8","128.0","YAHOTYN, UP","    0",",,I",,,,,,,,
"UPM00033356","1960-05-11","50.217","31.8","128.0","YAHOTYN, UP","   14",",,I",,,,,,,,
"UPM00033356","1960-05-12","50.217","31.8","128.0","YAHOTYN, UP","  125",",,I",,,,,,,,
"UPM00033356","1960-05-13","50.217","31.8","128.0","YAHOTYN, UP","   43",",,I",,,,,,,,
"UPM00033356","1960-05-14","50.217","31.8","128.0","YAHOTYN, UP","   14",",,I",,,,,,,,
"UPM00033356","1960-05-15","50.217","31.8","128.0","YAHOTYN, UP","    0",",,I",,,,,,,,
"UPM00033356","1960-05-16","50.217","31.8","128.0","YAHOTYN, UP","    0",",,I",,,,,,,,
"UPM00033356","1960-05-17","50.217","31.8","128.0","YAHOTYN, UP","    0",",,I",,,,,,,,
"UPM00033356","1960-05-18","50.217","31.8","128.0","YAHOTYN, UP","    0",",,I",,,,,,,,
"UPM00033356","1960-05-20","50.217","31.8","128.0","YAHOTYN, UP","  167",",,I",,,,,,,,
"UPM00033356","1960-05-21","50.217","31.8","128.0","YAHOTYN, UP","    2",",,I",,,,,,,,
"UPM00033356","1960-05-22","50.217","31.8","128.0","YAHOTYN, UP","    0",",,I",,,,,,,,
"UPM00033356","1960-05-23","50.217","31.8","128.0","YAHOTYN, UP","    0",",,I",,,,,,,,
"UPM00033356","1960-05-24","50.217","31.8","128.0","YAHOTYN, UP","    0",",,I",,,,,,,,
"UPM00033356","1960-05-25","50.217","31.8","128.0","YAHOTYN, UP","    0",",,I",,,,,,,,
"UPM00033356","1960-05-26","50.217","31.8","128.0","YAHOTYN, UP","    0",",,I",,,,,,,,
"UPM00033356","1960-05-27","50.217","31.8","128.0","YAHOTYN, UP","   58",",,I",,,,,,,,
"UPM00033356","1960-05-28","50.217","31.8","128.0","YAHOTYN, UP","   30",",,I",,,,,,,,
"UPM00033356","1960-05-29","50.217","31.8","128.0","YAHOTYN, UP","    0",",,I",,,,,,,,
"UPM00033356","1960-05-30","50.217","31.8","128.0","YAHOTYN, UP","    0",",,I",,,,,,,,
"UPM00033356","1960-05-31","50.217","31.8","128.0","YAHOTYN, UP","    0",",,I",,,,,,,,
"UPM00033356","1960-06-01","50.217","31.8","128.0","YAHOTYN, UP","    0",",,I",,,,,,,,
"UPM00033356","1960-06-02","50.217","31.8","128.0","YAHOTYN, UP","    0","T,,I",,,,,,,,
"UPM00033356","1960-06-03","50.217","31.8","128.0","YAHOTYN, UP","    0",",,I",,,,,,,,
"UPM00033356","1960-06-04","50.217","31.8","128.0","YAHOTYN, UP","    0",",,I",,,,,,,,
"UPM00033356","1960-06-05","50.217","31.8","128.0","YAHOTYN, UP","    0",",,I",,,,,,,,
"UPM00033356","1960-06-07","50.217","31.8","128.0","YAHOTYN, UP","    0",",,I",,,,,,,,
"UPM00033356","1960-06-08","50.217","31.8","128.0","YAHOTYN, UP","    0",",,I",,,,,,,,
"UPM00033356","1960-06-09","50.217","31.8","128.0","YAHOTYN, UP","    0",",,I",,,,,,,,
"UPM00033356","1960-06-10","50.217","31.8","128.0","YAHOTYN, UP","    0",",,I",,,,,,,,
"UPM00033356","1960-06-11","50.217","31.8","128.0","YAHOTYN, UP","    0",",,I",,,,,,,,
"UPM00033356","1960-06-12","50.217","31.8","128.0","YAHOTYN, UP","    0",",,I",,,,,,,,
"UPM00033356","1960-06-13","50.217","31.8","128.0","YAHOTYN, UP","    0",",,I",,,,,,,,
"UPM00033356","1960-06-14","50.217","31.8","128.0","YAHOTYN, UP","    0",",,I",,,,,,,,
"UPM00033356","1960-06-16","50.217","31.8","128.0","YAHOTYN, UP","    0",",,I",,,,,,,,
"UPM00033356","1960-06-18","50.217","31.8","128.0","YAHOTYN, UP","    0",",,I",,,,,,,,
"UPM00033356","1960-06-19","50.217","31.8","128.0","YAHOTYN, UP","    0",",,I",,,,,,,,
"UPM00033356","1960-06-20","50.217","31.8","128.0","YAHOTYN, UP","    0",",,I",,,,,,,,
"UPM00033356","1960-06-21","50.217","31.8","128.0","YAHOTYN, UP","   83",",,I",,,,,,,,
"UPM00033356","1960-06-22","50.217","31.8","128.0","YAHOTYN, UP","    0",",,I",,,,,,,,
"UPM00033356","1960-06-23","50.217","31.8","128.0","YAHOTYN, UP","    0",",,I",,,,,,,,
"UPM00033356","1960-06-24","50.217","31.8","128.0","YAHOTYN, UP","    0",",,I",,,,,,,,
"UPM00033356","1960-06-25","50.217","31.8","128.0","YAHOTYN, UP","    0",",,I",,,,,,,,
"UPM00033356","1960-06-26","50.217","31.8","128.0","YAHOTYN, UP","    0",",,I",,,,,,,,
"UPM00033356","1960-06-27","50.217","31.8","128.0","YAHOTYN, UP","    0",",,I",,,,,,,,
"UPM00033356","1960-06-28","50.217","31.8","128.0","YAHOTYN, UP","   59",",,I",,,,,,,,
"UPM00033356","1960-06-29","50.217","31.8","128.0","YAHOTYN, UP","  305",",,I",,,,,,,,
"UPM00033356","1960-06-30","50.217","31.8","128.0","YAHOTYN, UP","    0",",,I",,,,,,,,
"UPM00033356","1960-07-01","50.217","31.8","128.0","YAHOTYN, UP","    0",",,I",,,,,,,,
"UPM00033356","1960-07-02","50.217","31.8","128.0","YAHOTYN, UP","    0",",,I",,,,,,,,
"UPM00033356","1960-07-03","50.217","31.8","128.0","YAHOTYN, UP","    0",",,I",,,,,,,,
"UPM00033356","1960-07-04","50.217","31.8","128.0","YAHOTYN, UP","    5",",,I",,,,,,,,
"UPM00033356","1960-07-05","50.217","31.8","128.0","YAHOTYN, UP","   11",",,I",,,,,,,,
"UPM00033356","1960-07-06","50.217","31.8","128.0","YAHOTYN, UP","    0",",,I",,,,,,,,
"UPM00033356","1960-07-07","50.217","31.8","128.0","YAHOTYN, UP","    0",",,I",,,,,,,,
"UPM00033356","1960-07-08","50.217","31.8","128.0","YAHOTYN, UP","    0",",,I",,,,,,,,
"UPM00033356","1960-07-09","50.217","31.8","128.0","YAHOTYN, UP","    0",",,I",,,,,,,,
"UPM00033356","1960-07-10","50.217","31.8","128.0","YAHOTYN, UP","    0",",,I",,,,,,,,
"UPM00033356","1960-07-11","50.217","31.8","128.0","YAHOTYN, UP","    0",",,I",,,,,,,,
"UPM00033356","1960-07-12","50.217","31.8","128.0","YAHOTYN, UP","    0",",,I",,,,,,,,
"UPM00033356","1960-07-13","50.217","31.8","128.0","YAHOTYN, UP","    4",",,I",,,,,,,,
"UPM00033356","1960-07-14","50.217","31.8","128.0","YAHOTYN, UP","    0",",,I",,,,,,,,
"UPM00033356","1960-07-15","50.217","31.8","128.0","YAHOTYN, UP","    0",",,I",,,,,,,,
"UPM00033356","1960-07-16","50.217","31.8","128.0","YAHOTYN, UP","   18",",,I",,,,,,,,
"UPM00033356","1960-07-18","50.217","31.8","128.0","YAHOTYN, UP","    0","T,,I",,,,,,,,
"UPM00033356","1960-07-19","50.217","31.8","128.0","YAHOTYN, UP","    0",",,I",,,,,,,,
"UPM00033356","1960-07-20","50.217","31.8","128.0","YAHOTYN, UP","    0",",,I",,,,,,,,
"UPM00033356","1960-07-21","50.217","31.8","128.0","YAHOTYN, UP","    0",",,I",,,,,,,,
"UPM00033356","1960-07-22","50.217","31.8","128.0","YAHOTYN, UP","    0",",,I",,,,,,,,
"UPM00033356","1960-07-23","50.217","31.8","128.0","YAHOTYN, UP","    0",",,I",,,,,,,,
"UPM00033356","1960-07-24","50.217","31.8","128.0","YAHOTYN, UP","    0",",,I",,,,,,,,
"UPM00033356","1960-07-25","50.217","31.8","128.0","YAHOTYN, UP","    0",",,I",,,,,,,,
"UPM00033356","1960-07-26","50.217","31.8","128.0","YAHOTYN, UP","    0",",,I",,,,,,,,
"UPM00033356","1960-07-27","50.217","31.8","128.0","YAHOTYN, UP","  202",",,I",,,,,,,,
"UPM00033356","1960-07-28","50.217","31.8","128.0","YAHOTYN, UP","    0",",,I",,,,,,,,
"UPM00033356","1960-07-29","50.217","31.8","128.0","YAHOTYN, UP","    0",",,I",,,,,,,,
"UPM00033356","1960-07-30","50.217","31.8","128.0","YAHOTYN, UP","    0",",,I",,,,,,,,
"UPM00033356","1960-07-31","50.217","31.8","128.0","YAHOTYN, UP","    0",",,I",,,,,,,,
"UPM00033356","1960-08-01","50.217","31.8","128.0","YAHOTYN, UP","    0",",,I",,,,,,,,
"UPM00033356","1960-08-02","50.217","31.8","128.0","YAHOTYN, UP","    2",",,I",,,,,,,,
"UPM00033356","1960-08-03","50.217","31.8","128.0","YAHOTYN, UP","    0",",,I",,,,,,,,
"UPM00033356","1960-08-04","50.217","31.8","128.0","YAHOTYN, UP","  277",",,I",,,,,,,,
"UPM00033356","1960-08-05","50.217","31.8","128.0","YAHOTYN, UP","   21",",,I",,,,,,,,
"UPM00033356","1960-08-06","50.217","31.8","128.0","YAHOTYN, UP","    0",",,I",,,,,,,,
"UPM00033356","1960-08-07","50.217","31.8","128.0","YAHOTYN, UP","    0",",,I",,,,,,,,
"UPM00033356","1960-08-08","50.217","31.8","128.0","YAHOTYN, UP","    0",",,I",,,,,,,,
"UPM00033356","1960-08-09","50.217","31.8","128.0","YAHOTYN, UP","   87",",,I",,,,,,,,
"UPM00033356","1960-08-10","50.217","31.8","128.0","YAHOTYN, UP","   18",",,I",,,,,,,,
"UPM00033356","1960-08-11","50.217","31.8","128.0","YAHOTYN, UP","    0",",,I",,,,,,,,
"UPM00033356","1960-08-12","50.217","31.8","128.0","YAHOTYN, UP","    0",",,I",,,,,,,,
"UPM00033356","1960-08-13","50.217","31.8","128.0","YAHOTYN, UP","    0",",,I",,,,,,,,
"UPM00033356","1960-08-14","50.217","31.8","128.0","YAHOTYN, UP","   34",",,I",,,,,,,,
"UPM00033356","1960-08-15","50.217","31.8","128.0","YAHOTYN, UP","    0",",,I",,,,,,,,
"UPM00033356","1960-08-17","50.217","31.8","128.0","YAHOTYN, UP","   13",",,I",,,,,,,,
"UPM00033356","1960-08-18","50.217","31.8","128.0","YAHOTYN, UP","    0",",,I",,,,,,,,
"UPM00033356","1960-08-19","50.217","31.8","128.0","YAHOTYN, UP","    0",",,I",,,,,,,,
"UPM00033356","1960-08-20","50.217","31.8","128.0","YAHOTYN, UP","  447",",,I",,,,,,,,
"UPM00033356","1960-08-21","50.217","31.8","128.0","YAHOTYN, UP","    0",",,I",,,,,,,,
"UPM00033356","1960-08-22","50.217","31.8","128.0","YAHOTYN, UP","    0",",,I",,,,,,,,
"UPM00033356","1960-08-23","50.217","31.8","128.0","YAHOTYN, UP","    0",",,I",,,,,,,,
"UPM00033356","1960-08-24","50.217","31.8","128.0","YAHOTYN, UP","   81",",,I",,,,,,,,
"UPM00033356","1960-08-25","50.217","31.8","128.0","YAHOTYN, UP","   15",",,I",,,,,,,,
"UPM00033356","1960-08-26","50.217","31.8","128.0","YAHOTYN, UP","    0","T,,I",,,,,,,,
"UPM00033356","1960-08-27","50.217","31.8","128.0","YAHOTYN, UP","    0",",,I",,,,,,,,
"UPM00033356","1960-08-28","50.217","31.8","128.0","YAHOTYN, UP","    0",",,I",,,,,,,,
"UPM00033356","1960-08-29","50.217","31.8","128.0","YAHOTYN, UP","    0",",,I",,,,,,,,
"UPM00033356","1960-08-30","50.217","31.8","128.0","YAHOTYN, UP","    0",",,I",,,,,,,,
"UPM00033356","1960-08-31","50.217","31.8","128.0","YAHOTYN, UP","   34",",,I",,,,,,,,
"UPM00033356","1960-09-01","50.217","31.8","128.0","YAHOTYN, UP","  139",",,I",,,,,,,,
"UPM00033356","1960-09-02","50.217","31.8","128.0","YAHOTYN, UP","    0",",,I",,,,,,,,
"UPM00033356","1960-09-03","50.217","31.8","128.0","YAHOTYN, UP","   76",",,I",,,,,,,,
"UPM00033356","1960-09-04","50.217","31.8","128.0","YAHOTYN, UP","    0",",,I",,,,,,,,
"UPM00033356","1960-09-05","50.217","31.8","128.0","YAHOTYN, UP","    0",",,I",,,,,,,,
"UPM00033356","1960-09-06","50.217","31.8","128.0","YAHOTYN, UP","    0",",,I",,,,,,,,
"UPM00033356","1960-09-07","50.217","31.8","128.0","YAHOTYN, UP","  174",",,I",,,,,,,,
"UPM00033356","1960-09-08","50.217","31.8","128.0","YAHOTYN, UP","  202",",,I",,,,,,,,
"UPM00033356","1960-09-09","50.217","31.8","128.0","YAHOTYN, UP","    0",",,I",,,,,,,,
"UPM00033356","1960-09-10","50.217","31.8","128.0","YAHOTYN, UP","    0",",,I",,,,,,,,
"UPM00033356","1960-09-11","50.217","31.8","128.0","YAHOTYN, UP","    0",",,I",,,,,,,,
"UPM00033356","1960-09-12","50.217","31.8","128.0","YAHOTYN, UP","   40",",,I",,,,,,,,
"UPM00033356","1960-09-13","50.217","31.8","128.0","YAHOTYN, UP","    0",",,I",,,,,,,,
"UPM00033356","1960-09-14","50.217","31.8","128.0","YAHOTYN, UP","    0",",,I",,,,,,,,
"UPM00033356","1960-09-15","50.217","31.8","128.0","YAHOTYN, UP","    0",",,I",,,,,,,,
"UPM00033356","1960-09-16","50.217","31.8","128.0","YAHOTYN, UP","    0",",,I",,,,,,,,
"UPM00033356","1960-09-17","50.217","31.8","128.0","YAHOTYN, UP","    0",",,I",,,,,,,,
"UPM00033356","1960-09-19","50.217","31.8","128.0","YAHOTYN, UP","    0",",,I",,,,,,,,
"UPM00033356","1960-09-20","50.217","31.8","128.0","YAHOTYN, UP","    0",",,I",,,,,,,,
"UPM00033356","1960-09-21","50.217","31.8","128.0","YAHOTYN, UP","    0",",,I",,,,,,,,
"UPM00033356","1960-09-22","50.217","31.8","128.0","YAHOTYN, UP","    0",",,I",,,,,,,,
"UPM00033356","1960-09-23","50.217","31.8","128.0","YAHOTYN, UP","    0",",,I",,,,,,,,
"UPM00033356","1960-09-24","50.217","31.8","128.0","YAHOTYN, UP","    0",",,I",,,,,,,,
"UPM00033356","1960-09-25","50.217","31.8","128.0","YAHOTYN, UP","    0","T,,I",,,,,,,,
"UPM00033356","1960-09-26","50.217","31.8","128.0","YAHOTYN, UP","    8",",,I",,,,,,,,
"UPM00033356","1960-09-27","50.217","31.8","128.0","YAHOTYN, UP","    0",",,I",,,,,,,,
"UPM00033356","1960-09-28","50.217","31.8","128.0","YAHOTYN, UP","  109",",,I",,,,,,,,
"UPM00033356","1960-09-29","50.217","31.8","128.0","YAHOTYN, UP","   89",",,I",,,,,,,,
"UPM00033356","1960-09-30","50.217","31.8","128.0","YAHOTYN, UP","    0",",,I",,,,,,,,
"UPM00033356","1960-10-01","50.217","31.8","128.0","YAHOTYN, UP","   53",",,I",,,,,,,,
"UPM00033356","1960-10-02","50.217","31.8","128.0","YAHOTYN, UP","   30",",,I",,,,,,,,
"UPM00033356","1960-10-03","50.217","31.8","128.0","YAHOTYN, UP","    0",",,I",,,,,,,,
"UPM00033356","1960-10-04","50.217","31.8","128.0","YAHOTYN, UP","    0",",,I",,,,,,,,
"UPM00033356","1960-10-05","50.217","31.8","128.0","YAHOTYN, UP","    0",",,I",,,,,,,,
"UPM00033356","1960-10-06","50.217","31.8","128.0","YAHOTYN, UP","    0",",,I",,,,,,,,
"UPM00033356","1960-10-07","50.217","31.8","128.0","YAHOTYN, UP","    0",",,I",,,,,,,,
"UPM00033356","1960-10-08","50.217","31.8","128.0","YAHOTYN, UP","    3",",,I",,,,,,,,
"UPM00033356","1960-10-09","50.217","31.8","128.0","YAHOTYN, UP","  106",",,I",,,,,,,,
"UPM00033356","1960-10-10","50.217","31.8","128.0","YAHOTYN, UP","   56",",,I",,,,,,,,
"UPM00033356","1960-10-11","50.217","31.8","128.0","YAHOTYN, UP","    0",",,I",,,,,,,,
"UPM00033356","1960-10-12","50.217","31.8","128.0","YAHOTYN, UP","    0",",,I",,,,,,,,
"UPM00033356","1960-10-13","50.217","31.8","128.0","YAHOTYN, UP","  112",",,I",,,,,,,,
"UPM00033356","1960-10-14","50.217","31.8","128.0","YAHOTYN, UP","  119",",,I",,,,,,,,
"UPM00033356","1960-10-15","50.217","31.8","128.0","YAHOTYN, UP","    3",",,I",,,,,,,,
"UPM00033356","1960-10-16","50.217","31.8","128.0","YAHOTYN, UP","    8",",,I",,,,,,,,
"UPM00033356","1960-10-17","50.217","31.8","128.0","YAHOTYN, UP","  127",",,I",,,,,,,,
"UPM00033356","1960-10-18","50.217","31.8","128.0","YAHOTYN, UP","  139",",,I",,,,,,,,
"UPM00033356","1960-10-19","50.217","31.8","128.0","YAHOTYN, UP","    0",",,I",,,,,,,,
"UPM00033356","1960-10-20","50.217","31.8","128.0","YAHOTYN, UP","   21",",,I",,,,,,,,
"UPM00033356","1960-10-21","50.217","31.8","128.0","YAHOTYN, UP","    8",",,I",,,,,,,,
"UPM00033356","1960-10-22","50.217","31.8","128.0","YAHOTYN, UP","   65",",,I",,,,,,,,
"UPM00033356","1960-10-23","50.217","31.8","128.0","YAHOTYN, UP","    9",",,I",,,,,,,,
"UPM00033356","1960-10-24","50.217","31.8","128.0","YAHOTYN, UP","    0",",,I",,,,,,,,
"UPM00033356","1960-10-25","50.217","31.8","128.0","YAHOTYN, UP","   30",",,I",,,,,,,,
"UPM00033356","1960-10-26","50.217","31.8","128.0","YAHOTYN, UP","    0","T,,I",,,,,,,,
"UPM00033356","1960-10-27","50.217","31.8","128.0","YAHOTYN, UP","    8",",,I",,,,,,,,
"UPM00033356","1960-10-28","50.217","31.8","128.0","YAHOTYN, UP","   19",",,I",,,,,,,,
"UPM00033356","1960-10-29","50.217","31.8","128.0","YAHOTYN, UP","    0",",,I",,,,,,,,
"UPM00033356","1960-10-30","50.217","31.8","128.0","YAHOTYN, UP","    0",",,I",,,,,,,,
"UPM00033356","1960-10-31","50.217","31.8","128.0","YAHOTYN, UP","    0",",,I",,,,,,,,
"UPM00033356","1960-11-01","50.217","31.8","128.0","YAHOTYN, UP","    0",",,I",,,,,,,,
"UPM00033356","1960-11-02","50.217","31.8","128.0","YAHOTYN, UP","    2",",,I",,,,,,,,
"UPM00033356","1960-11-03","50.217","31.8","128.0","YAHOTYN, UP","    4",",,I",,,,,,,,
"UPM00033356","1960-11-04","50.217","31.8","128.0","YAHOTYN, UP","   23",",,I",,,,,,,,
"UPM00033356","1960-11-05","50.217","31.8","128.0","YAHOTYN, UP","    2",",,I",,,,,,,,
"UPM00033356","1960-11-06","50.217","31.8","128.0","YAHOTYN, UP","    0",",,I",,,,,,,,
"UPM00033356","1960-11-07","50.217","31.8","128.0","YAHOTYN, UP","    0","T,,I",,,,,,,,
"UPM00033356","1960-11-08","50.217","31.8","128.0","YAHOTYN, UP","    1",",,I",,,,,,,,
"UPM00033356","1960-11-09","50.217","31.8","128.0","YAHOTYN, UP","    6",",,I",,,,,,,,
"UPM00033356","1960-11-10","50.217","31.8","128.0","YAHOTYN, UP","    0",",,I",,,,,,,,
"UPM00033356","1960-11-11","50.217","31.8","128.0","YAHOTYN, UP","    5",",,I",,,,,,,,
"UPM00033356","1960-11-12","50.217","31.8","128.0","YAHOTYN, UP","  126",",,I",,,,,,,,
"UPM00033356","1960-11-13","50.217","31.8","128.0","YAHOTYN, UP","    6",",,I",,,,,,,,
"UPM00033356","1960-11-14","50.217","31.8","128.0","YAHOTYN, UP","   19",",,I",,,,,,,,
"UPM00033356","1960-11-15","50.217","31.8","128.0","YAHOTYN, UP","   13",",,I",,,,,,,,
"UPM00033356","1960-11-16","50.217","31.8","128.0","YAHOTYN, UP","  112",",,I",,,,,,,,
"UPM00033356","1960-11-17","50.217","31.8","128.0","YAHOTYN, UP","  104",",,I",,,,,,,,
"UPM00033356","1960-11-18","50.217","31.8","128.0","YAHOTYN, UP","  148",",,I",,,,,,,,
"UPM00033356","1960-11-19","50.217","31.8","128.0","YAHOTYN, UP","    3",",,I",,,,,,,,
"UPM00033356","1960-11-21","50.217","31.8","128.0","YAHOTYN, UP","   92",",,I",,,,,,,,
"UPM00033356","1960-11-22","50.217","31.8","128.0","YAHOTYN, UP","    5",",,I",,,,,,,,
"UPM00033356","1960-11-23","50.217","31.8","128.0","YAHOTYN, UP","    0",",,I",,,,,,,,
"UPM00033356","1960-11-24","50.217","31.8","128.0","YAHOTYN, UP","    0",",,I",,,,,,,,
"UPM00033356","1960-11-25","50.217","31.8","128.0","YAHOTYN, UP","    0",",,I",,,,,,,,
"UPM00033356","1960-11-26","50.217","31.8","128.0","YAHOTYN, UP","    0",",,I",,,,,,,,
"UPM00033356","1960-11-27","50.217","31.8","128.0","YAHOTYN, UP","   15",",,I",,,,,,,,
"UPM00033356","1960-11-28","50.217","31.8","128.0","YAHOTYN, UP","    0",",,I",,,,,,,,
"UPM00033356","1960-11-29","50.217","31.8","128.0","YAHOTYN, UP","    5",",,I",,,,,,,,
"UPM00033356","1960-11-30","50.217","31.8","128.0","YAHOTYN, UP","  186",",,I",,,,,,,,
"UPM00033356","1960-12-01","50.217","31.8","128.0","YAHOTYN, UP","   18",",,I",,,,,,,,
"UPM00033356","1960-12-02","50.217","31.8","128.0","YAHOTYN, UP","    3",",,I",,,,,,,,
"UPM00033356","1960-12-03","50.217","31.8","128.0","YAHOTYN, UP","    0",",,I",,,,,,,,
"UPM00033356","1960-12-04","50.217","31.8","128.0","YAHOTYN, UP","    0",",,I",,,,,,,,
"UPM00033356","1960-12-05","50.217","31.8","128.0","YAHOTYN, UP","    2",",,I",,,,,,,,
"UPM00033356","1960-12-06","50.217","31.8","128.0","YAHOTYN, UP","    0",",,I",,,,,,,,
"UPM00033356","1960-12-07","50.217","31.8","128.0","YAHOTYN, UP","    0",",,I",,,,,,,,
"UPM00033356","1960-12-08","50.217","31.8","128.0","YAHOTYN, UP","    2",",,I",,,,,,,,
"UPM00033356","1960-12-09","50.217","31.8","128.0","YAHOTYN, UP","   22",",,I",,,,,,,,
"UPM00033356","1960-12-10","50.217","31.8","128.0","YAHOTYN, UP","   35",",,I",,,,,,,,
"UPM00033356","1960-12-11","50.217","31.8","128.0","YAHOTYN, UP","    2",",,I",,,,,,,,
"UPM00033356","1960-12-12","50.217","31.8","128.0","YAHOTYN, UP","    0",",,I",,,,,,,,
"UPM00033356","1960-12-13","50.217","31.8","128.0","YAHOTYN, UP","    6",",,I",,,,,,,,
"UPM00033356","1960-12-14","50.217","31.8","128.0","YAHOTYN, UP","   17",",,I",,,,,,,,
"UPM00033356","1960-12-15","50.217","31.8","128.0","YAHOTYN, UP","    4",",,I",,,,,,,,
"UPM00033356","1960-12-16","50.217","31.8","128.0","YAHOTYN, UP","   13",",,I",,,,,,,,
"UPM00033356","1960-12-17","50.217","31.8","128.0","YAHOTYN, UP","    2",",,I",,,,,,,,
"UPM00033356","1960-12-18","50.217","31.8","128.0","YAHOTYN, UP","    0",",,I",,,,,,,,
"UPM00033356","1960-12-19","50.217","31.8","128.0","YAHOTYN, UP","   11",",,I",,,,,,,,
"UPM00033356","1960-12-20","50.217","31.8","128.0","YAHOTYN, UP","   58",",,I",,,,,,,,
"UPM00033356","1960-12-21","50.217","31.8","128.0","YAHOTYN, UP","    6",",,I",,,,,,,,
"UPM00033356","1960-12-22","50.217","31.8","128.0","YAHOTYN, UP","    2",",,I",,,,,,,,
"UPM00033356","1960-12-23","50.217","31.8","128.0","YAHOTYN, UP","    1",",,I",,,,,,,,
"UPM00033356","1960-12-24","50.217","31.8","128.0","YAHOTYN, UP","   28",",,I",,,,,,,,
"UPM00033356","1960-12-25","50.217","31.8","128.0","YAHOTYN, UP","    0",",,I",,,,,,,,
"UPM00033356","1960-12-26","50.217","31.8","128.0","YAHOTYN, UP","   48",",,I",,,,,,,,
"UPM00033356","1960-12-27","50.217","31.8","128.0","YAHOTYN, UP","    7",",,I",,,,,,,,
"UPM00033356","1960-12-28","50.217","31.8","128.0","YAHOTYN, UP","   23",",,I",,,,,,,,
"UPM00033356","1960-12-29","50.217","31.8","128.0","YAHOTYN, UP","  138",",,I",,,,,,,,
"UPM00033356","1960-12-30","50.217","31.8","128.0","YAHOTYN, UP","   33",",,I",,,,,,,,
"UPM00033356","1960-12-31","50.217","31.8","128.0","YAHOTYN, UP","    1",",,I",,,,,,,,
"UPM00033356","1961-01-01","50.217","31.8","128.0","YAHOTYN, UP","    0",",,I",,,,,,,,
"UPM00033356","1961-01-02","50.217","31.8","128.0","YAHOTYN, UP","    0",",,I",,,,,,,,
"UPM00033356","1961-01-03","50.217","31.8","128.0","YAHOTYN, UP","   22",",,I",,,,,,,,
"UPM00033356","1961-01-04","50.217","31.8","128.0","YAHOTYN, UP","    1",",,I",,,,,,,,
"UPM00033356","1961-01-05","50.217","31.8","128.0","YAHOTYN, UP","    0",",,I",,,,,,,,
"UPM00033356","1961-01-06","50.217","31.8","128.0","YAHOTYN, UP","   78",",,I",,,,,,,,
"UPM00033356","1961-01-07","50.217","31.8","128.0","YAHOTYN, UP","   68",",,I",,,,,,,,
"UPM00033356","1961-01-08","50.217","31.8","128.0","YAHOTYN, UP","   37",",,I",,,,,,,,
"UPM00033356","1961-01-09","50.217","31.8","128.0","YAHOTYN, UP","    2",",,I",,,,,,,,
"UPM00033356","1961-01-10","50.217","31.8","128.0","YAHOTYN, UP","    5",",,I",,,,,,,,
"UPM00033356","1961-01-11","50.217","31.8","128.0","YAHOTYN, UP","    3",",,I",,,,,,,,
"UPM00033356","1961-01-12","50.217","31.8","128.0","YAHOTYN, UP","    3",",,I",,,,,,,,
"UPM00033356","1961-01-13","50.217","31.8","128.0","YAHOTYN, UP","   89",",,I",,,,,,,,
"UPM00033356","1961-01-14","50.217","31.8","128.0","YAHOTYN, UP","    0",",,I",,,,,,,,
"UPM00033356","1961-01-15","50.217","31.8","128.0","YAHOTYN, UP","   23",",,I",,,,,,,,
"UPM00033356","1961-01-16","50.217","31.8","128.0","YAHOTYN, UP","    0",",,I",,,,,,,,
"UPM00033356","1961-01-17","50.217","31.8","128.0","YAHOTYN, UP","    7",",,I",,,,,,,,
"UPM00033356","1961-01-18","50.217","31.8","128.0","YAHOTYN, UP","   16",",,I",,,,,,,,
"UPM00033356","1961-01-19","50.217","31.8","128.0","YAHOTYN, UP","    5",",,I",,,,,,,,
"UPM00033356","1961-01-20","50.217","31.8","128.0","YAHOTYN, UP","    2",",,I",,,,,,,,
"UPM00033356","1961-01-21","50.217","31.8","128.0","YAHOTYN, UP","    3",",,I",,,,,,,,
"UPM00033356","1961-01-22","50.217","31.8","128.0","YAHOTYN, UP","    0",",,I",,,,,,,,
"UPM00033356","1961-01-23","50.217","31.8","128.0","YAHOTYN, UP","    9",",,I",,,,,,,,
"UPM00033356","1961-01-24","50.217","31.8","128.0","YAHOTYN, UP","    5",",,I",,,,,,,,
"UPM00033356","1961-01-25","50.217","31.8","128.0","YAHOTYN, UP","    2",",,I",,,,,,,,
"UPM00033356","1961-01-26","50.217","31.8","128.0","YAHOTYN, UP","    0",",,I",,,,,,,,
"UPM00033356","1961-01-27","50.217","31.8","128.0","YAHOTYN, UP","    0",",,I",,,,,,,,
"UPM00033356","1961-01-28","50.217","31.8","128.0","YAHOTYN, UP","    0",",,I",,,,,,,,
"UPM00033356","1961-01-29","50.217","31.8","128.0","YAHOTYN, UP","    0",",,I",,,,,,,,
"UPM00033356","1961-01-30","50.217","31.8","128.0","YAHOTYN, UP","    0",",,I",,,,,,,,
"UPM00033356","1961-01-31","50.217","31.8","128.0","YAHOTYN, UP","    0",",,I",,,,,,,,
"UPM00033356","1961-02-01","50.217","31.8","128.0","YAHOTYN, UP","   20",",,I",,,,,,,,
"UPM00033356","1961-02-02","50.217","31.8","128.0","YAHOTYN, UP","    0",",,I",,,,,,,,
"UPM00033356","1961-02-03","50.217","31.8","128.0","YAHOTYN, UP","    4",",,I",,,,,,,,
"UPM00033356","1961-02-04","50.217","31.8","128.0","YAHOTYN, UP","    5",",,I",,,,,,,,
"UPM00033356","1961-02-05","50.217","31.8","128.0","YAHOTYN, UP","   11",",,I",,,,,,,,
"UPM00033356","1961-02-06","50.217","31.8","128.0","YAHOTYN, UP","    0",",,I",,,,,,,,
"UPM00033356","1961-02-07","50.217","31.8","128.0","YAHOTYN, UP","    0",",,I",,,,,,,,
"UPM00033356","1961-02-08","50.217","31.8","128.0","YAHOTYN, UP","    0","T,,I",,,,,,,,
"UPM00033356","1961-02-09","50.217","31.8","128.0","YAHOTYN, UP","    0",",,I",,,,,,,,
"UPM00033356","1961-02-10","50.217","31.8","128.0","YAHOTYN, UP","    0",",,I",,,,,,,,
"UPM00033356","1961-02-11","50.217","31.8","128.0","YAHOTYN, UP","    0",",,I",,,,,,,,
"UPM00033356","1961-02-12","50.217","31.8","128.0","YAHOTYN, UP","    0",",,I",,,,,,,,
"UPM00033356","1961-02-13","50.217","31.8","128.0","YAHOTYN, UP","    1",",,I",,,,,,,,
"UPM00033356","1961-02-14","50.217","31.8","128.0","YAHOTYN, UP","    2",",,I",,,,,,,,
"UPM00033356","1961-02-15","50.217","31.8","128.0","YAHOTYN, UP","    4",",,I",,,,,,,,
"UPM00033356","1961-02-16","50.217","31.8","128.0","YAHOTYN, UP","    0",",,I",,,,,,,,
"UPM00033356","1961-02-17","50.217","31.8","128.0","YAHOTYN, UP","    0",",,I",,,,,,,,
"UPM00033356","1961-02-18","50.217","31.8","128.0","YAHOTYN, UP","    0","T,,I",,,,,,,,
"UPM00033356","1961-02-19","50.217","31.8","128.0","YAHOTYN, UP","    0","T,,I",,,,,,,,
"UPM00033356","1961-02-20","50.217","31.8","128.0","YAHOTYN, UP","    0",",,I",,,,,,,,
"UPM00033356","1961-02-21","50.217","31.8","128.0","YAHOTYN, UP","    0",",,I",,,,,,,,
"UPM00033356","1961-02-22","50.217","31.8","128.0","YAHOTYN, UP","    0",",,I",,,,,,,,
"UPM00033356","1961-02-23","50.217","31.8","128.0","YAHOTYN, UP","    0",",,I",,,,,,,,
"UPM00033356","1961-02-24","50.217","31.8","128.0","YAHOTYN, UP","    0",",,I",,,,,,,,
"UPM00033356","1961-02-25","50.217","31.8","128.0","YAHOTYN, UP","    0",",,I",,,,,,,,
"UPM00033356","1961-02-26","50.217","31.8","128.0","YAHOTYN, UP","    0",",,I",,,,,,,,
"UPM00033356","1961-02-27","50.217","31.8","128.0","YAHOTYN, UP","    0",",,I",,,,,,,,
"UPM00033356","1961-02-28","50.217","31.8","128.0","YAHOTYN, UP","    0",",,I",,,,,,,,
"UPM00033356","1961-03-01","50.217","31.8","128.0","YAHOTYN, UP","    0",",,I",,,,,,,,
"UPM00033356","1961-03-02","50.217","31.8","128.0","YAHOTYN, UP","    1",",,I",,,,,,,,
"UPM00033356","1961-03-03","50.217","31.8","128.0","YAHOTYN, UP","    5",",,I",,,,,,,,
"UPM00033356","1961-03-04","50.217","31.8","128.0","YAHOTYN, UP","    5",",,I",,,,,,,,
"UPM00033356","1961-03-05","50.217","31.8","128.0","YAHOTYN, UP","   34",",,I",,,,,,,,
"UPM00033356","1961-03-06","50.217","31.8","128.0","YAHOTYN, UP","    4",",,I",,,,,,,,
"UPM00033356","1961-03-07","50.217","31.8","128.0","YAHOTYN, UP","    0",",,I",,,,,,,,
"UPM00033356","1961-03-08","50.217","31.8","128.0","YAHOTYN, UP","    0",",,I",,,,,,,,
"UPM00033356","1961-03-09","50.217","31.8","128.0","YAHOTYN, UP","    2",",,I",,,,,,,,
"UPM00033356","1961-03-10","50.217","31.8","128.0","YAHOTYN, UP","    0",",,I",,,,,,,,
"UPM00033356","1961-03-11","50.217","31.8","128.0","YAHOTYN, UP","    6",",,I",,,,,,,,
"UPM00033356","1961-03-12","50.217","31.8","128.0","YAHOTYN, UP","    0",",,I",,,,,,,,
"UPM00033356","1961-03-13","50.217","31.8","128.0","YAHOTYN, UP","   17",",,I",,,,,,,,
"UPM00033356","1961-03-14","50.217","31.8","128.0","YAHOTYN, UP","   29",",,I",,,,,,,,
"UPM00033356","1961-03-15","50.217","31.8","128.0","YAHOTYN, UP","   14",",,I",,,,,,,,
"UPM00033356","1961-03-16","50.217","31.8","128.0","YAHOTYN, UP","    6",",,I",,,,,,,,
"UPM00033356","1961-03-17","50.217","31.8","128.0","YAHOTYN, UP","    0","T,,I",,,,,,,,
"UPM00033356","1961-03-18","50.217","31.8","128.0","YAHOTYN, UP","    0",",,I",,,,,,,,
"UPM00033356","1961-03-19","50.217","31.8","128.0","YAHOTYN, UP","    8",",,I",,,,,,,,
"UPM00033356","1961-03-20","50.217","31.8","128.0","YAHOTYN, UP","   10",",,I",,,,,,,,
"UPM00033356","1961-03-22","50.217","31.8","128.0","YAHOTYN, UP","    5",",,I",,,,,,,,
"UPM00033356","1961-03-23","50.217","31.8","128.0","YAHOTYN, UP","    0",",,I",,,,,,,,
"UPM00033356","1961-03-24","50.217","31.8","128.0","YAHOTYN, UP","    0",",,I",,,,,,,,
"UPM00033356","1961-03-25","50.217","31.8","128.0","YAHOTYN, UP","   35",",,I",,,,,,,,
"UPM00033356","1961-03-26","50.217","31.8","128.0","YAHOTYN, UP","    6",",,I",,,,,,,,
"UPM00033356","1961-03-27","50.217","31.8","128.0","YAHOTYN, UP","    4",",,I",,,,,,,,
"UPM00033356","1961-03-28","50.217","31.8","128.0","YAHOTYN, UP","    0",",,I",,,,,,,,
"UPM00033356","1961-03-29","50.217","31.8","128.0","YAHOTYN, UP","    0",",,I",,,,,,,,
"UPM00033356","1961-03-30","50.217","31.8","128.0","YAHOTYN, UP","    0",",,I",,,,,,,,
"UPM00033356","1961-03-31","50.217","31.8","128.0","YAHOTYN, UP","    0","T,,I",,,,,,,,
"UPM00033356","1961-04-01","50.217","31.8","128.0","YAHOTYN, UP","   17",",,I",,,,,,,,
"UPM00033356","1961-04-02","50.217","31.8","128.0","YAHOTYN, UP","    0",",,I",,,,,,,,
"UPM00033356","1961-04-03","50.217","31.8","128.0","YAHOTYN, UP","    0",",,I",,,,,,,,
"UPM00033356","1961-04-04","50.217","31.8","128.0","YAHOTYN, UP","    3",",,I",,,,,,,,
"UPM00033356","1961-04-05","50.217","31.8","128.0","YAHOTYN, UP","    0","T,,I",,,,,,,,
"UPM00033356","1961-04-06","50.217","31.8","128.0","YAHOTYN, UP","    0",",,I",,,,,,,,
"UPM00033356","1961-04-07","50.217","31.8","128.0","YAHOTYN, UP","    0",",,I",,,,,,,,
"UPM00033356","1961-04-08","50.217","31.8","128.0","YAHOTYN, UP","    0",",,I",,,,,,,,
"UPM00033356","1961-04-09","50.217","31.8","128.0","YAHOTYN, UP","    3",",,I",,,,,,,,
"UPM00033356","1961-04-10","50.217","31.8","128.0","YAHOTYN, UP","    0",",,I",,,,,,,,
"UPM00033356","1961-04-11","50.217","31.8","128.0","YAHOTYN, UP","    0",",,I",,,,,,,,
"UPM00033356","1961-04-12","50.217","31.8","128.0","YAHOTYN, UP","    0","T,,I",,,,,,,,
"UPM00033356","1961-04-13","50.217","31.8","128.0","YAHOTYN, UP","    0",",,I",,,,,,,,
"UPM00033356","1961-04-14","50.217","31.8","128.0","YAHOTYN, UP","    0",",,I",,,,,,,,
"UPM00033356","1961-04-15","50.217","31.8","128.0","YAHOTYN, UP","    0",",,I",,,,,,,,
"UPM00033356","1961-04-16","50.217","31.8","128.0","YAHOTYN, UP","    0",",,I",,,,,,,,
"UPM00033356","1961-04-17","50.217","31.8","128.0","YAHOTYN, UP","    1",",,I",,,,,,,,
"UPM00033356","1961-04-18","50.217","31.8","128.0","YAHOTYN, UP","    0",",,I",,,,,,,,
"UPM00033356","1961-04-19","50.217","31.8","128.0","YAHOTYN, UP","   37",",,I",,,,,,,,
"UPM00033356","1961-04-20","50.217","31.8","128.0","YAHOTYN, UP","    0",",,I",,,,,,,,
"UPM00033356","1961-04-21","50.217","31.8","128.0","YAHOTYN, UP","    0",",,I",,,,,,,,
"UPM00033356","1961-04-22","50.217","31.8","128.0","YAHOTYN, UP","    0",",,I",,,,,,,,
"UPM00033356","1961-04-23","50.217","31.8","128.0","YAHOTYN, UP","    0",",,I",,,,,,,,
"UPM00033356","1961-04-24","50.217","31.8","128.0","YAHOTYN, UP","    0",",,I",,,,,,,,
"UPM00033356","1961-04-25","50.217","31.8","128.0","YAHOTYN, UP","    0",",,I",,,,,,,,
"UPM00033356","1961-04-26","50.217","31.8","128.0","YAHOTYN, UP","   29",",,I",,,,,,,,
"UPM00033356","1961-04-27","50.217","31.8","128.0","YAHOTYN, UP","    3",",,I",,,,,,,,
"UPM00033356","1961-04-28","50.217","31.8","128.0","YAHOTYN, UP","    0",",,I",,,,,,,,
"UPM00033356","1961-04-29","50.217","31.8","128.0","YAHOTYN, UP","    0",",,I",,,,,,,,
"UPM00033356","1961-04-30","50.217","31.8","128.0","YAHOTYN, UP","    0",",,I",,,,,,,,
"UPM00033356","1961-05-01","50.217","31.8","128.0","YAHOTYN, UP","    0",",,I",,,,,,,,
"UPM00033356","1961-05-02","50.217","31.8","128.0","YAHOTYN, UP","    0",",,I",,,,,,,,
"UPM00033356","1961-05-03","50.217","31.8","128.0","YAHOTYN, UP","    0",",,I",,,,,,,,
"UPM00033356","1961-05-04","50.217","31.8","128.0","YAHOTYN, UP","    0",",,I",,,,,,,,
"UPM00033356","1961-05-05","50.217","31.8","128.0","YAHOTYN, UP","    0",",,I",,,,,,,,
"UPM00033356","1961-05-06","50.217","31.8","128.0","YAHOTYN, UP","    0",",,I",,,,,,,,
"UPM00033356","1961-05-07","50.217","31.8","128.0","YAHOTYN, UP","    0",",,I",,,,,,,,
"UPM00033356","1961-05-08","50.217","31.8","128.0","YAHOTYN, UP","    0",",,I",,,,,,,,
"UPM00033356","1961-05-09","50.217","31.8","128.0","YAHOTYN, UP","   46",",,I",,,,,,,,
"UPM00033356","1961-05-10","50.217","31.8","128.0","YAHOTYN, UP","   42",",,I",,,,,,,,
"UPM00033356","1961-05-11","50.217","31.8","128.0","YAHOTYN, UP","    2",",,I",,,,,,,,
"UPM00033356","1961-05-12","50.217","31.8","128.0","YAHOTYN, UP","  266",",,I",,,,,,,,
"UPM00033356","1961-05-13","50.217","31.8","128.0","YAHOTYN, UP","    0",",,I",,,,,,,,
"UPM00033356","1961-05-14","50.217","31.8","128.0","YAHOTYN, UP","    3",",,I",,,,,,,,
"UPM00033356","1961-05-15","50.217","31.8","128.0","YAHOTYN, UP","   13",",,I",,,,,,,,
"UPM00033356","1961-05-16","50.217","31.8","128.0","YAHOTYN, UP","    0",",,I",,,,,,,,
"UPM00033356","1961-05-17","50.217","31.8","128.0","YAHOTYN, UP","   40",",,I",,,,,,,,
"UPM00033356","1961-05-18","50.217","31.8","128.0","YAHOTYN, UP","    0",",,I",,,,,,,,
"UPM00033356","1961-05-19","50.217","31.8","128.0","YAHOTYN, UP","    0",",,I",,,,,,,,
"UPM00033356","1961-05-20","50.217","31.8","128.0","YAHOTYN, UP","    0",",,I",,,,,,,,
"UPM00033356","1961-05-21","50.217","31.8","128.0","YAHOTYN, UP","   51",",,I",,,,,,,,
"UPM00033356","1961-05-22","50.217","31.8","128.0","YAHOTYN, UP","   24",",,I",,,,,,,,
"UPM00033356","1961-05-23","50.217","31.8","128.0","YAHOTYN, UP","    0",",,I",,,,,,,,
"UPM00033356","1961-05-24","50.217","31.8","128.0","YAHOTYN, UP","    0",",,I",,,,,,,,
"UPM00033356","1961-05-25","50.217","31.8","128.0","YAHOTYN, UP","    0",",,I",,,,,,,,
"UPM00033356","1961-05-26","50.217","31.8","128.0","YAHOTYN, UP","    0",",,I",,,,,,,,
"UPM00033356","1961-05-27","50.217","31.8","128.0","YAHOTYN, UP","    1",",,I",,,,,,,,
"UPM00033356","1961-05-28","50.217","31.8","128.0","YAHOTYN, UP","   17",",,I",,,,,,,,
"UPM00033356","1961-05-30","50.217","31.8","128.0","YAHOTYN, UP","   12",",,I",,,,,,,,
"UPM00033356","1961-05-31","50.217","31.8","128.0","YAHOTYN, UP","  119",",,I",,,,,,,,
"UPM00033356","1961-06-01","50.217","31.8","128.0","YAHOTYN, UP","   84",",,I",,,,,,,,
"UPM00033356","1961-06-02","50.217","31.8","128.0","YAHOTYN, UP","    0",",,I",,,,,,,,
"UPM00033356","1961-06-03","50.217","31.8","128.0","YAHOTYN, UP","  183",",,I",,,,,,,,
"UPM00033356","1961-06-04","50.217","31.8","128.0","YAHOTYN, UP","   21",",,I",,,,,,,,
"UPM00033356","1961-06-05","50.217","31.8","128.0","YAHOTYN, UP","    0",",,I",,,,,,,,
"UPM00033356","1961-06-06","50.217","31.8","128.0","YAHOTYN, UP","    0",",,I",,,,,,,,
"UPM00033356","1961-06-07","50.217","31.8","128.0","YAHOTYN, UP","    0",",,I",,,,,,,,
"UPM00033356","1961-06-08","50.217","31.8","128.0","YAHOTYN, UP","    8",",,I",,,,,,,,
"UPM00033356","1961-06-09","50.217","31.8","128.0","YAHOTYN, UP","    0",",,I",,,,,,,,
"UPM00033356","1961-06-10","50.217","31.8","128.0","YAHOTYN, UP","    0",",,I",,,,,,,,
"UPM00033356","1961-06-11","50.217","31.8","128.0","YAHOTYN, UP","  162",",,I",,,,,,,,
"UPM00033356","1961-06-12","50.217","31.8","128.0","YAHOTYN, UP","   13",",,I",,,,,,,,
"UPM00033356","1961-06-13","50.217","31.8","128.0","YAHOTYN, UP","    1",",,I",,,,,,,,
"UPM00033356","1961-06-14","50.217","31.8","128.0","YAHOTYN, UP","    0",",,I",,,,,,,,
"UPM00033356","1961-06-15","50.217","31.8","128.0","YAHOTYN, UP","    0",",,I",,,,,,,,
"UPM00033356","1961-06-16","50.217","31.8","128.0","YAHOTYN, UP","    0",",,I",,,,,,,,
"UPM00033356","1961-06-17","50.217","31.8","128.0","YAHOTYN, UP","    0",",,I",,,,,,,,
"UPM00033356","1961-06-18","50.217","31.8","128.0","YAHOTYN, UP","    0",",,I",,,,,,,,
"UPM00033356","1961-06-19","50.217","31.8","128.0","YAHOTYN, UP","    0",",,I",,,,,,,,
"UPM00033356","1961-06-20","50.217","31.8","128.0","YAHOTYN, UP","    0",",,I",,,,,,,,
"UPM00033356","1961-06-21","50.217","31.8","128.0","YAHOTYN, UP","    0",",,I",,,,,,,,
"UPM00033356","1961-06-22","50.217","31.8","128.0","YAHOTYN, UP","    0",",,I",,,,,,,,
"UPM00033356","1961-06-23","50.217","31.8","128.0","YAHOTYN, UP","    0",",,I",,,,,,,,
"UPM00033356","1961-06-24","50.217","31.8","128.0","YAHOTYN, UP","    0",",,I",,,,,,,,
"UPM00033356","1961-06-25","50.217","31.8","128.0","YAHOTYN, UP","    0",",,I",,,,,,,,
"UPM00033356","1961-06-26","50.217","31.8","128.0","YAHOTYN, UP","    0",",,I",,,,,,,,
"UPM00033356","1961-06-27","50.217","31.8","128.0","YAHOTYN, UP","    0",",,I",,,,,,,,
"UPM00033356","1961-06-28","50.217","31.8","128.0","YAHOTYN, UP","    0",",,I",,,,,,,,
"UPM00033356","1961-06-29","50.217","31.8","128.0","YAHOTYN, UP","   16",",,I",,,,,,,,
"UPM00033356","1961-06-30","50.217","31.8","128.0","YAHOTYN, UP","    0",",,I",,,,,,,,
"UPM00033356","1961-07-01","50.217","31.8","128.0","YAHOTYN, UP","    0",",,I",,,,,,,,
"UPM00033356","1961-07-02","50.217","31.8","128.0","YAHOTYN, UP","    0",",,I",,,,,,,,
"UPM00033356","1961-07-03","50.217","31.8","128.0","YAHOTYN, UP","    0",",,I",,,,,,,,
"UPM00033356","1961-07-04","50.217","31.8","128.0","YAHOTYN, UP","    0",",,I",,,,,,,,
"UPM00033356","1961-07-05","50.217","31.8","128.0","YAHOTYN, UP","    0",",,I",,,,,,,,
"UPM00033356","1961-07-06","50.217","31.8","128.0","YAHOTYN, UP","    0",",,I",,,,,,,,
"UPM00033356","1961-07-07","50.217","31.8","128.0","YAHOTYN, UP","    0",",,I",,,,,,,,
"UPM00033356","1961-07-08","50.217","31.8","128.0","YAHOTYN, UP","    0",",,I",,,,,,,,
"UPM00033356","1961-07-09","50.217","31.8","128.0","YAHOTYN, UP","    0",",,I",,,,,,,,
"UPM00033356","1961-07-10","50.217","31.8","128.0","YAHOTYN, UP","   89",",,I",,,,,,,,
"UPM00033356","1961-07-11","50.217","31.8","128.0","YAHOTYN, UP","   40",",,I",,,,,,,,
"UPM00033356","1961-07-12","50.217","31.8","128.0","YAHOTYN, UP","    0",",,I",,,,,,,,
"UPM00033356","1961-07-13","50.217","31.8","128.0","YAHOTYN, UP","    0",",,I",,,,,,,,
"UPM00033356","1961-07-14","50.217","31.8","128.0","YAHOTYN, UP","  159",",,I",,,,,,,,
"UPM00033356","1961-07-15","50.217","31.8","128.0","YAHOTYN, UP","   36",",,I",,,,,,,,
"UPM00033356","1961-07-16","50.217","31.8","128.0","YAHOTYN, UP","    0",",,I",,,,,,,,
"UPM00033356","1961-07-17","50.217","31.8","128.0","YAHOTYN, UP","    0",",,I",,,,,,,,
"UPM00033356","1961-07-18","50.217","31.8","128.0","YAHOTYN, UP","  217",",,I",,,,,,,,
"UPM00033356","1961-07-19","50.217","31.8","128.0","YAHOTYN, UP","   11",",,I",,,,,,,,
"UPM00033356","1961-07-20","50.217","31.8","128.0","YAHOTYN, UP","   16",",,I",,,,,,,,
"UPM00033356","1961-07-21","50.217","31.8","128.0","YAHOTYN, UP","    0",",,I",,,,,,,,
"UPM00033356","1961-07-22","50.217","31.8","128.0","YAHOTYN, UP","    0",",,I",,,,,,,,
"UPM00033356","1961-07-23","50.217","31.8","128.0","YAHOTYN, UP","    0",",,I",,,,,,,,
"UPM00033356","1961-07-24","50.217","31.8","128.0","YAHOTYN, UP","    0",",,I",,,,,,,,
"UPM00033356","1961-07-25","50.217","31.8","128.0","YAHOTYN, UP","   29",",,I",,,,,,,,
"UPM00033356","1961-07-26","50.217","31.8","128.0","YAHOTYN, UP","    0",",,I",,,,,,,,
"UPM00033356","1961-07-27","50.217","31.8","128.0","YAHOTYN, UP","    0",",,I",,,,,,,,
"UPM00033356","1961-07-28","50.217","31.8","128.0","YAHOTYN, UP","    0",",,I",,,,,,,,
"UPM00033356","1961-07-29","50.217","31.8","128.0","YAHOTYN, UP","    0",",,I",,,,,,,,
"UPM00033356","1961-07-30","50.217","31.8","128.0","YAHOTYN, UP","    0",",,I",,,,,,,,
"UPM00033356","1961-07-31","50.217","31.8","128.0","YAHOTYN, UP","    0",",,I",,,,,,,,
"UPM00033356","1961-08-01","50.217","31.8","128.0","YAHOTYN, UP","    0",",,I",,,,,,,,
"UPM00033356","1961-08-02","50.217","31.8","128.0","YAHOTYN, UP","  168",",,I",,,,,,,,
"UPM00033356","1961-08-03","50.217","31.8","128.0","YAHOTYN, UP","    0",",,I",,,,,,,,
"UPM00033356","1961-08-04","50.217","31.8","128.0","YAHOTYN, UP","    0",",,I",,,,,,,,
"UPM00033356","1961-08-05","50.217","31.8","128.0","YAHOTYN, UP","    0",",,I",,,,,,,,
"UPM00033356","1961-08-06","50.217","31.8","128.0","YAHOTYN, UP","    0",",,I",,,,,,,,
"UPM00033356","1961-08-07","50.217","31.8","128.0","YAHOTYN, UP","    0",",,I",,,,,,,,
"UPM00033356","1961-08-08","50.217","31.8","128.0","YAHOTYN, UP","    0",",,I",,,,,,,,
"UPM00033356","1961-08-09","50.217","31.8","128.0","YAHOTYN, UP","    0",",,I",,,,,,,,
"UPM00033356","1961-08-10","50.217","31.8","128.0","YAHOTYN, UP","    0",",,I",,,,,,,,
"UPM00033356","1961-08-11","50.217","31.8","128.0","YAHOTYN, UP","    0",",,I",,,,,,,,
"UPM00033356","1961-08-12","50.217","31.8","128.0","YAHOTYN, UP","    0",",,I",,,,,,,,
"UPM00033356","1961-08-13","50.217","31.8","128.0","YAHOTYN, UP","  136",",,I",,,,,,,,
"UPM00033356","1961-08-14","50.217","31.8","128.0","YAHOTYN, UP","   76",",,I",,,,,,,,
"UPM00033356","1961-08-15","50.217","31.8","128.0","YAHOTYN, UP","    0",",,I",,,,,,,,
"UPM00033356","1961-08-16","50.217","31.8","128.0","YAHOTYN, UP","    0",",,I",,,,,,,,
"UPM00033356","1961-08-17","50.217","31.8","128.0","YAHOTYN, UP","  142",",,I",,,,,,,,
"UPM00033356","1961-08-18","50.217","31.8","128.0","YAHOTYN, UP","  243",",,I",,,,,,,,
"UPM00033356","1961-08-19","50.217","31.8","128.0","YAHOTYN, UP","   57",",,I",,,,,,,,
"UPM00033356","1961-08-20","50.217","31.8","128.0","YAHOTYN, UP","    0",",,I",,,,,,,,
"UPM00033356","1961-08-21","50.217","31.8","128.0","YAHOTYN, UP","   33",",,I",,,,,,,,
"UPM00033356","1961-08-22","50.217","31.8","128.0","YAHOTYN, UP","    0",",,I",,,,,,,,
"UPM00033356","1961-08-23","50.217","31.8","128.0","YAHOTYN, UP","    0",",,I",,,,,,,,
"UPM00033356","1961-08-24","50.217","31.8","128.0","YAHOTYN, UP","   92",",,I",,,,,,,,
"UPM00033356","1961-08-25","50.217","31.8","128.0","YAHOTYN, UP","    0",",,I",,,,,,,,
"UPM00033356","1961-08-26","50.217","31.8","128.0","YAHOTYN, UP","   18",",,I",,,,,,,,
"UPM00033356","1961-08-27","50.217","31.8","128.0","YAHOTYN, UP","    0",",,I",,,,,,,,
"UPM00033356","1961-08-29","50.217","31.8","128.0","YAHOTYN, UP","    2",",,I",,,,,,,,
"UPM00033356","1961-08-30","50.217","31.8","128.0","YAHOTYN, UP","    0",",,I",,,,,,,,
"UPM00033356","1961-08-31","50.217","31.8","128.0","YAHOTYN, UP","    1",",,I",,,,,,,,
"UPM00033356","1961-09-01","50.217","31.8","128.0","YAHOTYN, UP","    0",",,I",,,,,,,,
"UPM00033356","1961-09-02","50.217","31.8","128.0","YAHOTYN, UP","    0",",,I",,,,,,,,
"UPM00033356","1961-09-03","50.217","31.8","128.0","YAHOTYN, UP","    0",",,I",,,,,,,,
"UPM00033356","1961-09-04","50.217","31.8","128.0","YAHOTYN, UP","    0",",,I",,,,,,,,
"UPM00033356","1961-09-05","50.217","31.8","128.0","YAHOTYN, UP","    0",",,I",,,,,,,,
"UPM00033356","1961-09-06","50.217","31.8","128.0","YAHOTYN, UP","    0",",,I",,,,,,,,
"UPM00033356","1961-09-07","50.217","31.8","128.0","YAHOTYN, UP","    0",",,I",,,,,,,,
"UPM00033356","1961-09-08","50.217","31.8","128.0","YAHOTYN, UP","    0","T,,I",,,,,,,,
"UPM00033356","1961-09-09","50.217","31.8","128.0","YAHOTYN, UP","    0",",,I",,,,,,,,
"UPM00033356","1961-09-10","50.217","31.8","128.0","YAHOTYN, UP","    0",",,I",,,,,,,,
"UPM00033356","1961-09-11","50.217","31.8","128.0","YAHOTYN, UP","    0",",,I",,,,,,,,
"UPM00033356","1961-09-12","50.217","31.8","128.0","YAHOTYN, UP","    0",",,I",,,,,,,,
"UPM00033356","1961-09-13","50.217","31.8","128.0","YAHOTYN, UP","   21",",,I",,,,,,,,
"UPM00033356","1961-09-14","50.217","31.8","128.0","YAHOTYN, UP","    1",",,I",,,,,,,,
"UPM00033356","1961-09-15","50.217","31.8","128.0","YAHOTYN, UP","   28",",,I",,,,,,,,
"UPM00033356","1961-09-16","50.217","31.8","128.0","YAHOTYN, UP","   24",",,I",,,,,,,,
"UPM00033356","1961-09-17","50.217","31.8","128.0","YAHOTYN, UP","    0",",,I",,,,,,,,
"UPM00033356","1961-09-18","50.217","31.8","128.0","YAHOTYN, UP","    0",",,I",,,,,,,,
"UPM00033356","1961-09-19","50.217","31.8","128.0","YAHOTYN, UP","    0",",,I",,,,,,,,
"UPM00033356","1961-09-20","50.217","31.8","128.0","YAHOTYN, UP","    4",",,I",,,,,,,,
"UPM00033356","1961-09-21","50.217","31.8","128.0","YAHOTYN, UP","    0",",,I",,,,,,,,
"UPM00033356","1961-09-22","50.217","31.8","128.0","YAHOTYN, UP","    0",",,I",,,,,,,,
"UPM00033356","1961-09-23","50.217","31.8","128.0","YAHOTYN, UP","    0",",,I",,,,,,,,
"UPM00033356","1961-09-24","50.217","31.8","128.0","YAHOTYN, UP","    0",",,I",,,,,,,,
"UPM00033356","1961-09-25","50.217","31.8","128.0","YAHOTYN, UP","    0",",,I",,,,,,,,
"UPM00033356","1961-09-26","50.217","31.8","128.0","YAHOTYN, UP","    0",",,I",,,,,,,,
"UPM00033356","1961-09-27","50.217","31.8","128.0","YAHOTYN, UP","    0",",,I",,,,,,,,
"UPM00033356","1961-09-28","50.217","31.8","128.0","YAHOTYN, UP","    0",",,I",,,,,,,,
"UPM00033356","1961-09-29","50.217","31.8","128.0","YAHOTYN, UP","    0",",,I",,,,,,,,
"UPM00033356","1961-09-30","50.217","31.8","128.0","YAHOTYN, UP","   15",",,I",,,,,"   89",",,S","  108","H,,S"
"UPM00033356","1961-10-01","50.217","31.8","128.0","YAHOTYN, UP","   93",",,I",,,,,,,,
"UPM00033356","1961-10-02","50.217","31.8","128.0","YAHOTYN, UP","    7",",,I",,,,,,,,
"UPM00033356","1961-10-03","50.217","31.8","128.0","YAHOTYN, UP","    0",",,I",,,,,,,,
"UPM00033356","1961-10-04","50.217","31.8","128.0","YAHOTYN, UP","    0",",,I",,,,,,,,
"UPM00033356","1961-10-05","50.217","31.8","128.0","YAHOTYN, UP","    0",",,I",,,,,,,,
"UPM00033356","1961-10-06","50.217","31.8","128.0","YAHOTYN, UP","    0",",,I",,,,,,,,
"UPM00033356","1961-10-07","50.217","31.8","128.0","YAHOTYN, UP","    0",",,I",,,,,,,,
"UPM00033356","1961-10-08","50.217","31.8","128.0","YAHOTYN, UP","    0",",,I",,,,,,,,
"UPM00033356","1961-10-09","50.217","31.8","128.0","YAHOTYN, UP","    0",",,I",,,,,,,,
"UPM00033356","1961-10-10","50.217","31.8","128.0","YAHOTYN, UP","    0",",,I",,,,,,,,
"UPM00033356","1961-10-11","50.217","31.8","128.0","YAHOTYN, UP","    0",",,I",,,,,,,,
"UPM00033356","1961-10-12","50.217","31.8","128.0","YAHOTYN, UP","    0",",,I",,,,,,,,
"UPM00033356","1961-10-13","50.217","31.8","128.0","YAHOTYN, UP","    4",",,I",,,,,,,,
"UPM00033356","1961-10-14","50.217","31.8","128.0","YAHOTYN, UP","   26",",,I",,,,,,,,
"UPM00033356","1961-10-15","50.217","31.8","128.0","YAHOTYN, UP","    0",",,I",,,,,,,,
"UPM00033356","1961-10-16","50.217","31.8","128.0","YAHOTYN, UP","   24",",,I",,,,,,,,
"UPM00033356","1961-10-17","50.217","31.8","128.0","YAHOTYN, UP","    0",",,I",,,,,,,,
"UPM00033356","1961-10-18","50.217","31.8","128.0","YAHOTYN, UP","    0",",,I",,,,,,,,
"UPM00033356","1961-10-19","50.217","31.8","128.0","YAHOTYN, UP","    0",",,I",,,,,,,,
"UPM00033356","1961-10-20","50.217","31.8","128.0","YAHOTYN, UP","    0",",,I",,,,,,,,
"UPM00033356","1961-10-21","50.217","31.8","128.0","YAHOTYN, UP","    0",",,I",,,,,,,,
"UPM00033356","1961-10-22","50.217","31.8","128.0","YAHOTYN, UP","    0",",,I",,,,,,,,
"UPM00033356","1961-10-23","50.217","31.8","128.0","YAHOTYN, UP","    0",",,I",,,,,,,,
"UPM00033356","1961-10-24","50.217","31.8","128.0","YAHOTYN, UP","    0",",,I",,,,,,,,
"UPM00033356","1961-10-25","50.217","31.8","128.0","YAHOTYN, UP","    3",",,I",,,,,,,,
"UPM00033356","1961-10-26","50.217","31.8","128.0","YAHOTYN, UP","    0",",,I",,,,,,,,
"UPM00033356","1961-10-27","50.217","31.8","128.0","YAHOTYN, UP","    0",",,I",,,,,,,,
"UPM00033356","1961-10-28","50.217","31.8","128.0","YAHOTYN, UP","    0",",,I",,,,,,,,
"UPM00033356","1961-10-29","50.217","31.8","128.0","YAHOTYN, UP","    0",",,I",,,,,,,,
"UPM00033356","1961-10-30","50.217","31.8","128.0","YAHOTYN, UP","    2",",,I",,,,,,,,
"UPM00033356","1961-10-31","50.217","31.8","128.0","YAHOTYN, UP","    0",",,I",,,,,,,,
"UPM00033356","1961-11-01","50.217","31.8","128.0","YAHOTYN, UP","    2",",,I",,,,,,,,
"UPM00033356","1961-11-02","50.217","31.8","128.0","YAHOTYN, UP","   48",",,I",,,,,,,,
"UPM00033356","1961-11-03","50.217","31.8","128.0","YAHOTYN, UP","    0",",,I",,,,,,,,
"UPM00033356","1961-11-04","50.217","31.8","128.0","YAHOTYN, UP","    4",",,I",,,,,,,,
"UPM00033356","1961-11-05","50.217","31.8","128.0","YAHOTYN, UP","    0",",,I",,,,,,,,
"UPM00033356","1961-11-06","50.217","31.8","128.0","YAHOTYN, UP","    0",",,I",,,,,,,,
"UPM00033356","1961-11-07","50.217","31.8","128.0","YAHOTYN, UP","    0",",,I",,,,,,,,
"UPM00033356","1961-11-08","50.217","31.8","128.0","YAHOTYN, UP","    3",",,I",,,,,,,,
"UPM00033356","1961-11-09","50.217","31.8","128.0","YAHOTYN, UP","   13",",,I",,,,,,,,
"UPM00033356","1961-11-10","50.217","31.8","128.0","YAHOTYN, UP","    3",",,I",,,,,,,,
"UPM00033356","1961-11-11","50.217","31.8","128.0","YAHOTYN, UP","    0","T,,I",,,,,,,,
"UPM00033356","1961-11-12","50.217","31.8","128.0","YAHOTYN, UP","   12",",,I",,,,,,,,
"UPM00033356","1961-11-13","50.217","31.8","128.0","YAHOTYN, UP","   87",",,I",,,,,,,,
"UPM00033356","1961-11-14","50.217","31.8","128.0","YAHOTYN, UP","   34",",,I",,,,,,,,
"UPM00033356","1961-11-15","50.217","31.8","128.0","YAHOTYN, UP","    9",",,I",,,,,,,,
"UPM00033356","1961-11-16","50.217","31.8","128.0","YAHOTYN, UP","    0",",,I",,,,,,,,
"UPM00033356","1961-11-17","50.217","31.8","128.0","YAHOTYN, UP","    0",",,I",,,,,,,,
"UPM00033356","1961-11-18","50.217","31.8","128.0","YAHOTYN, UP","    7",",,I",,,,,,,,
"UPM00033356","1961-11-19","50.217","31.8","128.0","YAHOTYN, UP","   16",",,I",,,,,,,,
"UPM00033356","1961-11-20","50.217","31.8","128.0","YAHOTYN, UP","    0",",,I",,,,,,,,
"UPM00033356","1961-11-21","50.217","31.8","128.0","YAHOTYN, UP","    4",",,I",,,,,,,,
"UPM00033356","1961-11-22","50.217","31.8","128.0","YAHOTYN, UP","   35",",,I",,,,,,,,
"UPM00033356","1961-11-23","50.217","31.8","128.0","YAHOTYN, UP","    3",",,I",,,,,,,,
"UPM00033356","1961-11-24","50.217","31.8","128.0","YAHOTYN, UP","    0",",,I",,,,,,,,
"UPM00033356","1961-11-25","50.217","31.8","128.0","YAHOTYN, UP","    0",",,I",,,,,,,,
"UPM00033356","1961-11-26","50.217","31.8","128.0","YAHOTYN, UP","   23",",,I",,,,,,,,
"UPM00033356","1961-11-27","50.217","31.8","128.0","YAHOTYN, UP","    1",",,I",,,,,,,,
"UPM00033356","1961-11-28","50.217","31.8","128.0","YAHOTYN, UP","   32",",,I",,,,,,,,
"UPM00033356","1961-11-29","50.217","31.8","128.0","YAHOTYN, UP","    0",",,I",,,,,,,,
"UPM00033356","1961-11-30","50.217","31.8","128.0","YAHOTYN, UP","   16",",,I",,,,,,,,
"UPM00033356","1961-12-01","50.217","31.8","128.0","YAHOTYN, UP","    7",",,I",,,,,,,,
"UPM00033356","1961-12-02","50.217","31.8","128.0","YAHOTYN, UP","    0",",,I",,,,,,,,
"UPM00033356","1961-12-03","50.217","31.8","128.0","YAHOTYN, UP","    0",",,I",,,,,,,,
"UPM00033356","1961-12-04","50.217","31.8","128.0","YAHOTYN, UP","    0",",,I",,,,,,,,
"UPM00033356","1961-12-05","50.217","31.8","128.0","YAHOTYN, UP","    0",",,I",,,,,,,,
"UPM00033356","1961-12-06","50.217","31.8","128.0","YAHOTYN, UP","    0",",,I",,,,,,,,
"UPM00033356","1961-12-07","50.217","31.8","128.0","YAHOTYN, UP","    0",",,I",,,,,,,,
"UPM00033356","1961-12-08","50.217","31.8","128.0","YAHOTYN, UP","    0",",,I",,,,,,,,
"UPM00033356","1961-12-10","50.217","31.8","128.0","YAHOTYN, UP","    0",",,I",,,,,,,,
"UPM00033356","1961-12-11","50.217","31.8","128.0","YAHOTYN, UP","    0",",,I",,,,,,,,
"UPM00033356","1961-12-12","50.217","31.8","128.0","YAHOTYN, UP","    0",",,I",,,,,,,,
"UPM00033356","1961-12-13","50.217","31.8","128.0","YAHOTYN, UP","   24",",,I",,,,,,,,
"UPM00033356","1961-12-14","50.217","31.8","128.0","YAHOTYN, UP","   10",",,I",,,,,,,,
"UPM00033356","1961-12-15","50.217","31.8","128.0","YAHOTYN, UP","    6",",,I",,,,,,,,
"UPM00033356","1961-12-16","50.217","31.8","128.0","YAHOTYN, UP","    0",",,I",,,,,,,,
"UPM00033356","1961-12-17","50.217","31.8","128.0","YAHOTYN, UP","    0","T,,I",,,,,,,,
"UPM00033356","1961-12-18","50.217","31.8","128.0","YAHOTYN, UP","    1",",,I",,,,,,,,
"UPM00033356","1961-12-19","50.217","31.8","128.0","YAHOTYN, UP","    4",",,I",,,,,,,,
"UPM00033356","1961-12-20","50.217","31.8","128.0","YAHOTYN, UP","    3",",,I",,,,,,,,
"UPM00033356","1961-12-21","50.217","31.8","128.0","YAHOTYN, UP","    8",",,I",,,,,,,,
"UPM00033356","1961-12-22","50.217","31.8","128.0","YAHOTYN, UP","    6",",,I",,,,,,,,
"UPM00033356","1961-12-23","50.217","31.8","128.0","YAHOTYN, UP","   19",",,I",,,,,,,,
"UPM00033356","1961-12-24","50.217","31.8","128.0","YAHOTYN, UP","    0","T,,I",,,,,,,,
"UPM00033356","1961-12-25","50.217","31.8","128.0","YAHOTYN, UP","    0",",,I",,,,,,,,
"UPM00033356","1961-12-26","50.217","31.8","128.0","YAHOTYN, UP","    0",",,I",,,,,,,,
"UPM00033356","1961-12-27","50.217","31.8","128.0","YAHOTYN, UP","    5",",,I",,,,,,,,
"UPM00033356","1961-12-28","50.217","31.8","128.0","YAHOTYN, UP","    2",",,I",,,,,,,,
"UPM00033356","1961-12-29","50.217","31.8","128.0","YAHOTYN, UP","   65",",,I",,,,,,,,
"UPM00033356","1961-12-30","50.217","31.8","128.0","YAHOTYN, UP","    6",",,I",,,,,,,,
"UPM00033356","1961-12-31","50.217","31.8","128.0","YAHOTYN, UP","    1",",,I",,,,,,,,
"UPM00033356","1962-01-01","50.217","31.8","128.0","YAHOTYN, UP","    4",",,I",,,,,,,,
"UPM00033356","1962-01-02","50.217","31.8","128.0","YAHOTYN, UP","   32",",,I",,,,,,,,
"UPM00033356","1962-01-03","50.217","31.8","128.0","YAHOTYN, UP","    5",",,I",,,,,,,,
"UPM00033356","1962-01-04","50.217","31.8","128.0","YAHOTYN, UP","    0",",,I",,,,,,,,
"UPM00033356","1962-01-05","50.217","31.8","128.0","YAHOTYN, UP","    0",",,I",,,,,,,,
"UPM00033356","1962-01-06","50.217","31.8","128.0","YAHOTYN, UP","    0",",,I",,,,,,,,
"UPM00033356","1962-01-07","50.217","31.8","128.0","YAHOTYN, UP","    0",",,I",,,,,,,,
"UPM00033356","1962-01-08","50.217","31.8","128.0","YAHOTYN, UP","    3",",,I",,,,,,,,
"UPM00033356","1962-01-09","50.217","31.8","128.0","YAHOTYN, UP","    0",",,I",,,,,,,,
"UPM00033356","1962-01-10","50.217","31.8","128.0","YAHOTYN, UP","    0",",,I",,,,,,,,
"UPM00033356","1962-01-11","50.217","31.8","128.0","YAHOTYN, UP","    0",",,I",,,,,,,,
"UPM00033356","1962-01-12","50.217","31.8","128.0","YAHOTYN, UP","    0",",,I",,,,,,,,
"UPM00033356","1962-01-13","50.217","31.8","128.0","YAHOTYN, UP","    0",",,I",,,,,,,,
"UPM00033356","1962-01-14","50.217","31.8","128.0","YAHOTYN, UP","    0",",,I",,,,,,,,
"UPM00033356","1962-01-15","50.217","31.8","128.0","YAHOTYN, UP","   25",",,I",,,,,,,,
"UPM00033356","1962-01-16","50.217","31.8","128.0","YAHOTYN, UP","    0",",,I",,,,,,,,
"UPM00033356","1962-01-17","50.217","31.8","128.0","YAHOTYN, UP","    0",",,I",,,,,,,,
"UPM00033356","1962-01-18","50.217","31.8","128.0","YAHOTYN, UP","    0",",,I",,,,,,,,
"UPM00033356","1962-01-19","50.217","31.8","128.0","YAHOTYN, UP","    0",",,I",,,,,,,,
"UPM00033356","1962-01-20","50.217","31.8","128.0","YAHOTYN, UP","    0",",,I",,,,,,,,
"UPM00033356","1962-01-21","50.217","31.8","128.0","YAHOTYN, UP","    0",",,I",,,,,,,,
"UPM00033356","1962-01-22","50.217","31.8","128.0","YAHOTYN, UP","    0",",,I",,,,,,,,
"UPM00033356","1962-01-23","50.217","31.8","128.0","YAHOTYN, UP","    0",",,I",,,,,,,,
"UPM00033356","1962-01-24","50.217","31.8","128.0","YAHOTYN, UP","   25",",,I",,,,,,,,
"UPM00033356","1962-01-25","50.217","31.8","128.0","YAHOTYN, UP","   52",",,I",,,,,,,,
"UPM00033356","1962-01-26","50.217","31.8","128.0","YAHOTYN, UP","   59",",,I",,,,,,,,
"UPM00033356","1962-01-27","50.217","31.8","128.0","YAHOTYN, UP","    0","T,,I",,,,,,,,
"UPM00033356","1962-01-28","50.217","31.8","128.0","YAHOTYN, UP","    0",",,I",,,,,,,,
"UPM00033356","1962-01-29","50.217","31.8","128.0","YAHOTYN, UP","    0",",,I",,,,,,,,
"UPM00033356","1962-01-30","50.217","31.8","128.0","YAHOTYN, UP","    0",",,I",,,,,,,,
"UPM00033356","1962-01-31","50.217","31.8","128.0","YAHOTYN, UP","    0",",,I",,,,,,,,
"UPM00033356","1962-02-01","50.217","31.8","128.0","YAHOTYN, UP","    0",",,I",,,,,,,,
"UPM00033356","1962-02-02","50.217","31.8","128.0","YAHOTYN, UP","    0",",,I",,,,,,,,
"UPM00033356","1962-02-03","50.217","31.8","128.0","YAHOTYN, UP","    0",",,I",,,,,,,,
"UPM00033356","1962-02-04","50.217","31.8","128.0","YAHOTYN, UP","    0","T,,I",,,,,,,,
"UPM00033356","1962-02-05","50.217","31.8","128.0","YAHOTYN, UP","    0",",,I",,,,,,,,
"UPM00033356","1962-02-06","50.217","31.8","128.0","YAHOTYN, UP","    4",",,I",,,,,,,,
"UPM00033356","1962-02-08","50.217","31.8","128.0","YAHOTYN, UP","    1",",,I",,,,,,,,
"UPM00033356","1962-02-09","50.217","31.8","128.0","YAHOTYN, UP","    1",",,I",,,,,,,,
"UPM00033356","1962-02-10","50.217","31.8","128.0","YAHOTYN, UP","   10",",,I",,,,,,,,
"UPM00033356","1962-02-11","50.217","31.8","128.0","YAHOTYN, UP","    1",",,I",,,,,,,,
"UPM00033356","1962-02-12","50.217","31.8","128.0","YAHOTYN, UP","   11",",,I",,,,,,,,
"UPM00033356","1962-02-13","50.217","31.8","128.0","YAHOTYN, UP","   37",",,I",,,,,,,,
"UPM00033356","1962-02-14","50.217","31.8","128.0","YAHOTYN, UP","   13",",,I",,,,,,,,
"UPM00033356","1962-02-15","50.217","31.8","128.0","YAHOTYN, UP","  241",",,I",,,,,,,,
"UPM00033356","1962-02-16","50.217","31.8","128.0","YAHOTYN, UP","   19",",,I",,,,,,,,
"UPM00033356","1962-02-17","50.217","31.8","128.0","YAHOTYN, UP","   22",",,I",,,,,,,,
"UPM00033356","1962-02-18","50.217","31.8","128.0","YAHOTYN, UP","   11",",,I",,,,,,,,
"UPM00033356","1962-02-19","50.217","31.8","128.0","YAHOTYN, UP","    7",",,I",,,,,,,,
"UPM00033356","1962-02-20","50.217","31.8","128.0","YAHOTYN, UP","    0",",,I",,,,,,,,
"UPM00033356","1962-02-21","50.217","31.8","128.0","YAHOTYN, UP","   56",",,I",,,,,,,,
"UPM00033356","1962-02-22","50.217","31.8","128.0","YAHOTYN, UP","    5",",,I",,,,,,,,
"UPM00033356","1962-02-23","50.217","31.8","128.0","YAHOTYN, UP","   26",",,I",,,,,,,,
"UPM00033356","1962-02-24","50.217","31.8","128.0","YAHOTYN, UP","   12",",,I",,,,,,,,
"UPM00033356","1962-02-25","50.217","31.8","128.0","YAHOTYN, UP","    8",",,I",,,,,,,,
"UPM00033356","1962-02-26","50.217","31.8","128.0","YAHOTYN, UP","    0","T,,I",,,,,,,,
"UPM00033356","1962-02-27","50.217","31.8","128.0","YAHOTYN, UP","    1",",,I",,,,,,,,
"UPM00033356","1962-02-28","50.217","31.8","128.0","YAHOTYN, UP","    1",",,I",,,,,,,,
"UPM00033356","1962-03-01","50.217","31.8","128.0","YAHOTYN, UP","    5",",,I",,,,,,,,
"UPM00033356","1962-03-02","50.217","31.8","128.0","YAHOTYN, UP","   45",",,I",,,,,,,,
"UPM00033356","1962-03-03","50.217","31.8","128.0","YAHOTYN, UP","    0",",,I",,,,,,,,
"UPM00033356","1962-03-04","50.217","31.8","128.0","YAHOTYN, UP","    0",",,I",,,,,,,,
"UPM00033356","1962-03-05","50.217","31.8","128.0","YAHOTYN, UP","    2",",,I",,,,,,,,
"UPM00033356","1962-03-06","50.217","31.8","128.0","YAHOTYN, UP","    2",",,I",,,,,,,,
"UPM00033356","1962-03-07","50.217","31.8","128.0","YAHOTYN, UP","    1",",,I",,,,,,,,
"UPM00033356","1962-03-08","50.217","31.8","128.0","YAHOTYN, UP","   25",",,I",,,,,,,,
"UPM00033356","1962-03-09","50.217","31.8","128.0","YAHOTYN, UP","    0",",,I",,,,,,,,
"UPM00033356","1962-03-10","50.217","31.8","128.0","YAHOTYN, UP","    0",",,I",,,,,,,,
"UPM00033356","1962-03-11","50.217","31.8","128.0","YAHOTYN, UP","    0",",,I",,,,,,,,
"UPM00033356","1962-03-12","50.217","31.8","128.0","YAHOTYN, UP","    1",",,I",,,,,,,,
"UPM00033356","1962-03-13","50.217","31.8","128.0","YAHOTYN, UP","   20",",,I",,,,,,,,
"UPM00033356","1962-03-14","50.217","31.8","128.0","YAHOTYN, UP","    0",",,I",,,,,,,,
"UPM00033356","1962-03-15","50.217","31.8","128.0","YAHOTYN, UP","   96",",,I",,,,,,,,
"UPM00033356","1962-03-16","50.217","31.8","128.0","YAHOTYN, UP","   93",",,I",,,,,,,,
"UPM00033356","1962-03-17","50.217","31.8","128.0","YAHOTYN, UP","   26",",,I",,,,,,,,
"UPM00033356","1962-03-18","50.217","31.8","128.0","YAHOTYN, UP","   15",",,I",,,,,,,,
"UPM00033356","1962-03-19","50.217","31.8","128.0","YAHOTYN, UP","    1",",,I",,,,,,,,
"UPM00033356","1962-03-20","50.217","31.8","128.0","YAHOTYN, UP","    0",",,I",,,,,,,,
"UPM00033356","1962-03-21","50.217","31.8","128.0","YAHOTYN, UP","    0",",,I",,,,,,,,
"UPM00033356","1962-03-22","50.217","31.8","128.0","YAHOTYN, UP","    0",",,I",,,,,,,,
"UPM00033356","1962-03-23","50.217","31.8","128.0","YAHOTYN, UP","   40",",,I",,,,,,,,
"UPM00033356","1962-03-24","50.217","31.8","128.0","YAHOTYN, UP","    0",",,I",,,,,,,,
"UPM00033356","1962-03-25","50.217","31.8","128.0","YAHOTYN, UP","    0",",,I",,,,,,,,
"UPM00033356","1962-03-26","50.217","31.8","128.0","YAHOTYN, UP","    0",",,I",,,,,,,,
"UPM00033356","1962-03-27","50.217","31.8","128.0","YAHOTYN, UP","   16",",,I",,,,,,,,
"UPM00033356","1962-03-28","50.217","31.8","128.0","YAHOTYN, UP","   25",",,I",,,,,,,,
"UPM00033356","1962-03-30","50.217","31.8","128.0","YAHOTYN, UP","    0",",,I",,,,,,,,
"UPM00033356","1962-04-01","50.217","31.8","128.0","YAHOTYN, UP","   39",",,I",,,,,,,,
"UPM00033356","1962-04-02","50.217","31.8","128.0","YAHOTYN, UP","   68",",,I",,,,,,,,
"UPM00033356","1962-04-03","50.217","31.8","128.0","YAHOTYN, UP","    0",",,I",,,,,,,,
"UPM00033356","1962-04-04","50.217","31.8","128.0","YAHOTYN, UP","    0",",,I",,,,,,,,
"UPM00033356","1962-04-05","50.217","31.8","128.0","YAHOTYN, UP","    0",",,I",,,"  128",",,S",,,"   79","H,,S"
"UPM00033356","1962-04-06","50.217","31.8","128.0","YAHOTYN, UP","    0","T,,I",,,,,,,,
"UPM00033356","1962-04-07","50.217","31.8","128.0","YAHOTYN, UP","   32",",,I",,,,,,,,
"UPM00033356","1962-04-08","50.217","31.8","128.0","YAHOTYN, UP","    0","T,,I",,,,,,,,
"UPM00033356","1962-04-09","50.217","31.8","128.0","YAHOTYN, UP","    0",",,I",,,,,,,,
"UPM00033356","1962-04-10","50.217","31.8","128.0","YAHOTYN, UP","    0",",,I",,,,,,,,
"UPM00033356","1962-04-11","50.217","31.8","128.0","YAHOTYN, UP","   21",",,I",,,,,,,,
"UPM00033356","1962-04-12","50.217","31.8","128.0","YAHOTYN, UP","    4",",,I",,,,,,,,
"UPM00033356","1962-04-13","50.217","31.8","128.0","YAHOTYN, UP","    0","T,,I",,,,,,,,
"UPM00033356","1962-04-14","50.217","31.8","128.0","YAHOTYN, UP","    0",",,I",,,,,,,,
"UPM00033356","1962-04-15","50.217","31.8","128.0","YAHOTYN, UP","    0",",,I",,,,,,,,
"UPM00033356","1962-04-16","50.217","31.8","128.0","YAHOTYN, UP","    0",",,I",,,,,,,,
"UPM00033356","1962-04-17","50.217","31.8","128.0","YAHOTYN, UP","    0",",,I",,,,,,,,
"UPM00033356","1962-04-18","50.217","31.8","128.0","YAHOTYN, UP","    0",",,I",,,,,,,,
"UPM00033356","1962-04-19","50.217","31.8","128.0","YAHOTYN, UP","    0",",,I",,,,,,,,
"UPM00033356","1962-04-20","50.217","31.8","128.0","YAHOTYN, UP","    0",",,I",,,,,,,,
"UPM00033356","1962-04-21","50.217","31.8","128.0","YAHOTYN, UP","    0",",,I",,,,,,,,
"UPM00033356","1962-04-22","50.217","31.8","128.0","YAHOTYN, UP","    0",",,I",,,,,,,,
"UPM00033356","1962-04-23","50.217","31.8","128.0","YAHOTYN, UP","    0",",,I",,,,,,,,
"UPM00033356","1962-04-24","50.217","31.8","128.0","YAHOTYN, UP","    0",",,I",,,,,,,,
"UPM00033356","1962-04-25","50.217","31.8","128.0","YAHOTYN, UP","    0",",,I",,,,,,,,
"UPM00033356","1962-04-26","50.217","31.8","128.0","YAHOTYN, UP","    0",",,I",,,,,,,,
"UPM00033356","1962-04-27","50.217","31.8","128.0","YAHOTYN, UP","    0",",,I",,,,,,,,
"UPM00033356","1962-04-28","50.217","31.8","128.0","YAHOTYN, UP","   95",",,I",,,,,,,,
"UPM00033356","1962-04-29","50.217","31.8","128.0","YAHOTYN, UP","   15",",,I",,,,,,,,
"UPM00033356","1962-04-30","50.217","31.8","128.0","YAHOTYN, UP","   28",",,I",,,,,,,,
"UPM00033356","1962-05-01","50.217","31.8","128.0","YAHOTYN, UP","    1",",,I",,,,,,,,
"UPM00033356","1962-05-02","50.217","31.8","128.0","YAHOTYN, UP","    0",",,I",,,,,,,,
"UPM00033356","1962-05-03","50.217","31.8","128.0","YAHOTYN, UP","  107",",,I",,,,,,,,
"UPM00033356","1962-05-04","50.217","31.8","128.0","YAHOTYN, UP","   73",",,I",,,,,,,,
"UPM00033356","1962-05-05","50.217","31.8","128.0","YAHOTYN, UP","    5",",,I",,,,,,,,
"UPM00033356","1962-05-06","50.217","31.8","128.0","YAHOTYN, UP","    0",",,I",,,,,,,,
"UPM00033356","1962-05-07","50.217","31.8","128.0","YAHOTYN, UP","   11",",,I",,,,,,,,
"UPM00033356","1962-05-08","50.217","31.8","128.0","YAHOTYN, UP","    1",",,I",,,,,,,,
"UPM00033356","1962-05-09","50.217","31.8","128.0","YAHOTYN, UP","    0","T,,I",,,,,,,,
"UPM00033356","1962-05-10","50.217","31.8","128.0","YAHOTYN, UP","    0",",,I",,,,,,,,
"UPM00033356","1962-05-11","50.217","31.8","128.0","YAHOTYN, UP","    0",",,I",,,,,,,,
"UPM00033356","1962-05-12","50.217","31.8","128.0","YAHOTYN, UP","    0",",,I",,,,,,,,
"UPM00033356","1962-05-13","50.217","31.8","128.0","YAHOTYN, UP","    0",",,I",,,,,,,,
"UPM00033356","1962-05-14","50.217","31.8","128.0","YAHOTYN, UP","   21",",,I",,,,,,,,
"UPM00033356","1962-05-15","50.217","31.8","128.0","YAHOTYN, UP","    0",",,I",,,,,,,,
"UPM00033356","1962-05-16","50.217","31.8","128.0","YAHOTYN, UP","    8",",,I",,,,,,,,
"UPM00033356","1962-05-17","50.217","31.8","128.0","YAHOTYN, UP","    0",",,I",,,,,,,,
"UPM00033356","1962-05-18","50.217","31.8","128.0","YAHOTYN, UP","   66",",,I",,,,,,,,
"UPM00033356","1962-05-19","50.217","31.8","128.0","YAHOTYN, UP","    2",",,I",,,,,,,,
"UPM00033356","1962-05-20","50.217","31.8","128.0","YAHOTYN, UP","    0",",,I",,,,,,,,
"UPM00033356","1962-05-21","50.217","31.8","128.0","YAHOTYN, UP","    0",",,I",,,,,,,,
"UPM00033356","1962-05-22","50.217","31.8","128.0","YAHOTYN, UP","    4",",,I",,,,,,,,
"UPM00033356","1962-05-23","50.217","31.8","128.0","YAHOTYN, UP","    0",",,I",,,,,,,,
"UPM00033356","1962-05-24","50.217","31.8","128.0","YAHOTYN, UP","    0",",,I",,,,,,,,
"UPM00033356","1962-05-25","50.217","31.8","128.0","YAHOTYN, UP","    0",",,I",,,,,,,,
"UPM00033356","1962-05-26","50.217","31.8","128.0","YAHOTYN, UP","    0",",,I",,,,,,,,
"UPM00033356","1962-05-27","50.217","31.8","128.0","YAHOTYN, UP","    0",",,I",,,,,,,,
"UPM00033356","1962-05-28","50.217","31.8","128.0","YAHOTYN, UP","    0",",,I",,,,,,,,
"UPM00033356","1962-05-29","50.217","31.8","128.0","YAHOTYN, UP","    0",",,I",,,,,,,,
"UPM00033356","1962-05-30","50.217","31.8","128.0","YAHOTYN, UP","    0",",,I",,,,,,,,
"UPM00033356","1962-05-31","50.217","31.8","128.0","YAHOTYN, UP","   20",",,I",,,,,,,,
"UPM00033356","1962-06-01","50.217","31.8","128.0","YAHOTYN, UP","    0",",,I",,,,,,,,
"UPM00033356","1962-06-02","50.217","31.8","128.0","YAHOTYN, UP","    0",",,I",,,,,,,,
"UPM00033356","1962-06-03","50.217","31.8","128.0","YAHOTYN, UP","   60",",,I",,,,,,,,
"UPM00033356","1962-06-04","50.217","31.8","128.0","YAHOTYN, UP","  118",",,I",,,,,,,,
"UPM00033356","1962-06-05","50.217","31.8","128.0","YAHOTYN, UP","    0",",,I",,,,,,,,
"UPM00033356","1962-06-06","50.217","31.8","128.0","YAHOTYN, UP","    0",",,I",,,,,,,,
"UPM00033356","1962-06-07","50.217","31.8","128.0","YAHOTYN, UP","   13",",,I",,,,,,,,
"UPM00033356","1962-06-09","50.217","31.8","128.0","YAHOTYN, UP","    0",",,I",,,,,,,,
"UPM00033356","1962-06-10","50.217","31.8","128.0","YAHOTYN, UP","    0",",,I",,,,,,,,
"UPM00033356","1962-06-11","50.217","31.8","128.0","YAHOTYN, UP","    0",",,I",,,,,,,,
"UPM00033356","1962-06-12","50.217","31.8","128.0","YAHOTYN, UP","    0",",,I",,,,,,,,
"UPM00033356","1962-06-13","50.217","31.8","128.0","YAHOTYN, UP","    4",",,I",,,,,,,,
"UPM00033356","1962-06-14","50.217","31.8","128.0","YAHOTYN, UP","    0",",,I",,,,,,,,
"UPM00033356","1962-06-15","50.217","31.8","128.0","YAHOTYN, UP","    0",",,I",,,,,,,,
"UPM00033356","1962-06-16","50.217","31.8","128.0","YAHOTYN, UP","    0",",,I",,,,,,,,
"UPM00033356","1962-06-17","50.217","31.8","128.0","YAHOTYN, UP","    0",",,I",,,,,,,,
"UPM00033356","1962-06-18","50.217","31.8","128.0","YAHOTYN, UP","    0",",,I",,,,,,,,
"UPM00033356","1962-06-19","50.217","31.8","128.0","YAHOTYN, UP","    0",",,I",,,,,,,,
"UPM00033356","1962-06-20","50.217","31.8","128.0","YAHOTYN, UP","    0",",,I",,,,,,,,
"UPM00033356","1962-06-21","50.217","31.8","128.0","YAHOTYN, UP","    0",",,I",,,,,,,,
"UPM00033356","1962-06-22","50.217","31.8","128.0","YAHOTYN, UP","   19",",,I",,,,,,,,
"UPM00033356","1962-06-23","50.217","31.8","128.0","YAHOTYN, UP","    1",",,I",,,,,,,,
"UPM00033356","1962-06-24","50.217","31.8","128.0","YAHOTYN, UP","    0",",,I",,,,,,,,
"UPM00033356","1962-06-25","50.217","31.8","128.0","YAHOTYN, UP","    0",",,I",,,,,,,,
"UPM00033356","1962-06-26","50.217","31.8","128.0","YAHOTYN, UP","   12",",,I",,,,,,,,
"UPM00033356","1962-06-27","50.217","31.8","128.0","YAHOTYN, UP","    6",",,I",,,,,,,,
"UPM00033356","1962-06-28","50.217","31.8","128.0","YAHOTYN, UP","   13",",,I",,,,,,,,
"UPM00033356","1962-06-29","50.217","31.8","128.0","YAHOTYN, UP","   98",",,I",,,,,,,,
"UPM00033356","1962-06-30","50.217","31.8","128.0","YAHOTYN, UP","    0",",,I",,,,,,,,
"UPM00033356","1962-07-01","50.217","31.8","128.0","YAHOTYN, UP","    2",",,I",,,,,,,,
"UPM00033356","1962-07-03","50.217","31.8","128.0","YAHOTYN, UP","    0","T,,I",,,,,,,,
"UPM00033356","1962-07-04","50.217","31.8","128.0","YAHOTYN, UP","    0",",,I",,,,,,,,
"UPM00033356","1962-07-05","50.217","31.8","128.0","YAHOTYN, UP","    0",",,I",,,,,,,,
"UPM00033356","1962-07-06","50.217","31.8","128.0","YAHOTYN, UP","    0",",,I",,,,,,,,
"UPM00033356","1962-07-07","50.217","31.8","128.0","YAHOTYN, UP","  182",",,I",,,,,,,,
"UPM00033356","1962-07-08","50.217","31.8","128.0","YAHOTYN, UP","   94",",,I",,,,,,,,
"UPM00033356","1962-07-09","50.217","31.8","128.0","YAHOTYN, UP","   62",",,I",,,,,,,,
"UPM00033356","1962-07-10","50.217","31.8","128.0","YAHOTYN, UP","    4",",,I",,,,,,,,
"UPM00033356","1962-07-11","50.217","31.8","128.0","YAHOTYN, UP","   43",",,I",,,,,,,,
"UPM00033356","1962-07-12","50.217","31.8","128.0","YAHOTYN, UP","    7",",,I",,,,,,,,
"UPM00033356","1962-07-13","50.217","31.8","128.0","YAHOTYN, UP","   16",",,I",,,,,,,,
"UPM00033356","1962-07-14","50.217","31.8","128.0","YAHOTYN, UP","  191",",,I",,,,,,,,
"UPM00033356","1962-07-15","50.217","31.8","128.0","YAHOTYN, UP","   10",",,I",,,,,,,,
"UPM00033356","1962-07-16","50.217","31.8","128.0","YAHOTYN, UP","  130",",,I",,,,,,,,
"UPM00033356","1962-07-17","50.217","31.8","128.0","YAHOTYN, UP","  211",",,I",,,,,,,,
"UPM00033356","1962-07-18","50.217","31.8","128.0","YAHOTYN, UP","    0","T,,I",,,,,,,,
"UPM00033356","1962-07-19","50.217","31.8","128.0","YAHOTYN, UP","  229",",,I",,,,,,,,
"UPM00033356","1962-07-20","50.217","31.8","128.0","YAHOTYN, UP","    0",",,I",,,,,,,,
"UPM00033356","1962-07-21","50.217","31.8","128.0","YAHOTYN, UP","    0",",,I",,,,,,,,
"UPM00033356","1962-07-22","50.217","31.8","128.0","YAHOTYN, UP","    0",",,I",,,,,,,,
"UPM00033356","1962-07-23","50.217","31.8","128.0","YAHOTYN, UP","    0",",,I",,,,,,,,
"UPM00033356","1962-07-24","50.217","31.8","128.0","YAHOTYN, UP","    0","T,,I",,,,,,,,
"UPM00033356","1962-07-25","50.217","31.8","128.0","YAHOTYN, UP","    0",",,I",,,,,,,,
"UPM00033356","1962-07-26","50.217","31.8","128.0","YAHOTYN, UP","    0",",,I",,,,,,,,
"UPM00033356","1962-07-27","50.217","31.8","128.0","YAHOTYN, UP","    0",",,I",,,,,,,,
"UPM00033356","1962-07-28","50.217","31.8","128.0","YAHOTYN, UP","   53",",,I",,,,,,,,
"UPM00033356","1962-07-29","50.217","31.8","128.0","YAHOTYN, UP","    0",",,I",,,,,,,,
"UPM00033356","1962-07-30","50.217","31.8","128.0","YAHOTYN, UP","    0",",,I",,,,,,,,
"UPM00033356","1962-07-31","50.217","31.8","128.0","YAHOTYN, UP","    0",",,I",,,,,,,,
"UPM00033356","1962-08-01","50.217","31.8","128.0","YAHOTYN, UP","    0",",,I",,,,,,,,
"UPM00033356","1962-08-02","50.217","31.8","128.0","YAHOTYN, UP","   36",",,I",,,,,,,,
"UPM00033356","1962-08-03","50.217","31.8","128.0","YAHOTYN, UP","   16",",,I",,,,,,,,
"UPM00033356","1962-08-04","50.217","31.8","128.0","YAHOTYN, UP","    0",",,I",,,,,,,,
"UPM00033356","1962-08-05","50.217","31.8","128.0","YAHOTYN, UP","    0",",,I",,,,,,,,
"UPM00033356","1962-08-06","50.217","31.8","128.0","YAHOTYN, UP","    4",",,I",,,,,,,,
"UPM00033356","1962-08-07","50.217","31.8","128.0","YAHOTYN, UP","    0",",,I",,,,,,,,
"UPM00033356","1962-08-09","50.217","31.8","128.0","YAHOTYN, UP","    0",",,I",,,,,,,,
"UPM00033356","1962-08-10","50.217","31.8","128.0","YAHOTYN, UP","    0",",,I",,,,,,,,
"UPM00033356","1962-08-11","50.217","31.8","128.0","YAHOTYN, UP","    0",",,I",,,,,,,,
"UPM00033356","1962-08-12","50.217","31.8","128.0","YAHOTYN, UP","    0",",,I",,,,,,,,
"UPM00033356","1962-08-13","50.217","31.8","128.0","YAHOTYN, UP","    0",",,I",,,,,,,,
"UPM00033356","1962-08-14","50.217","31.8","128.0","YAHOTYN, UP","    0",",,I",,,,,,,,
"UPM00033356","1962-08-15","50.217","31.8","128.0","YAHOTYN, UP","    0",",,I",,,,,,,,
"UPM00033356","1962-08-16","50.217","31.8","128.0","YAHOTYN, UP","    0",",,I",,,,,,,,
"UPM00033356","1962-08-17","50.217","31.8","128.0","YAHOTYN, UP","    0",",,I",,,,,,,,
"UPM00033356","1962-08-18","50.217","31.8","128.0","YAHOTYN, UP","    0",",,I",,,,,,,,
"UPM00033356","1962-08-19","50.217","31.8","128.0","YAHOTYN, UP","   20",",,I",,,,,,,,
"UPM00033356","1962-08-20","50.217","31.8","128.0","YAHOTYN, UP","   34",",,I",,,,,,,,
"UPM00033356","1962-08-21","50.217","31.8","128.0","YAHOTYN, UP","    0",",,I",,,,,,,,
"UPM00033356","1962-08-22","50.217","31.8","128.0","YAHOTYN, UP","    0",",,I",,,,,,,,
"UPM00033356","1962-08-23","50.217","31.8","128.0","YAHOTYN, UP","    0",",,I",,,,,,,,
"UPM00033356","1962-08-24","50.217","31.8","128.0","YAHOTYN, UP","   50",",,I",,,,,,,,
"UPM00033356","1962-08-25","50.217","31.8","128.0","YAHOTYN, UP","   10",",,I",,,,,,,,
"UPM00033356","1962-08-26","50.217","31.8","128.0","YAHOTYN, UP","   93",",,I",,,,,,,,
"UPM00033356","1962-08-27","50.217","31.8","128.0","YAHOTYN, UP","    0",",,I",,,,,,,,
"UPM00033356","1962-08-28","50.217","31.8","128.0","YAHOTYN, UP","    0",",,I",,,,,,,,
"UPM00033356","1962-08-29","50.217","31.8","128.0","YAHOTYN, UP","    0",",,I",,,,,,,,
"UPM00033356","1962-08-30","50.217","31.8","128.0","YAHOTYN, UP","   76",",,I",,,,,,,,
"UPM00033356","1962-08-31","50.217","31.8","128.0","YAHOTYN, UP","    0",",,I",,,,,,,,
"UPM00033356","1962-09-01","50.217","31.8","128.0","YAHOTYN, UP","    0",",,I",,,,,,,,
"UPM00033356","1962-09-02","50.217","31.8","128.0","YAHOTYN, UP","    4",",,I",,,,,,,,
"UPM00033356","1962-09-03","50.217","31.8","128.0","YAHOTYN, UP","    0",",,I",,,,,,,,
"UPM00033356","1962-09-04","50.217","31.8","128.0","YAHOTYN, UP","    0",",,I",,,,,,,,
"UPM00033356","1962-09-05","50.217","31.8","128.0","YAHOTYN, UP","    0",",,I",,,,,,,,
"UPM00033356","1962-09-06","50.217","31.8","128.0","YAHOTYN, UP","   13",",,I",,,,,,,,
"UPM00033356","1962-09-07","50.217","31.8","128.0","YAHOTYN, UP","    0",",,I",,,,,,,,
"UPM00033356","1962-09-08","50.217","31.8","128.0","YAHOTYN, UP","    7",",,I",,,,,,,,
"UPM00033356","1962-09-09","50.217","31.8","128.0","YAHOTYN, UP","   28",",,I",,,,,,,,
"UPM00033356","1962-09-10","50.217","31.8","128.0","YAHOTYN, UP","    0",",,I",,,,,,,,
"UPM00033356","1962-09-11","50.217","31.8","128.0","YAHOTYN, UP","    0",",,I",,,,,,,,
"UPM00033356","1962-09-12","50.217","31.8","128.0","YAHOTYN, UP","    5",",,I",,,,,,,,
"UPM00033356","1962-09-13","50.217","31.8","128.0","YAHOTYN, UP","    7",",,I",,,,,,,,
"UPM00033356","1962-09-14","50.217","31.8","128.0","YAHOTYN, UP","    0",",,I",,,,,,,,
"UPM00033356","1962-09-15","50.217","31.8","128.0","YAHOTYN, UP","    0",",,I",,,,,,,,
"UPM00033356","1962-09-16","50.217","31.8","128.0","YAHOTYN, UP","    0",",,I",,,,,,,,
"UPM00033356","1962-09-17","50.217","31.8","128.0","YAHOTYN, UP","    0",",,I",,,,,,,,
"UPM00033356","1962-09-18","50.217","31.8","128.0","YAHOTYN, UP","    0",",,I",,,,,,,,
"UPM00033356","1962-09-19","50.217","31.8","128.0","YAHOTYN, UP","    0",",,I",,,,,,,,
"UPM00033356","1962-09-20","50.217","31.8","128.0","YAHOTYN, UP","    0",",,I",,,,,,,,
"UPM00033356","1962-09-21","50.217","31.8","128.0","YAHOTYN, UP","    0",",,I",,,,,,,,
"UPM00033356","1962-09-22","50.217","31.8","128.0","YAHOTYN, UP","    0",",,I",,,,,,,,
"UPM00033356","1962-09-23","50.217","31.8","128.0","YAHOTYN, UP","    0",",,I",,,,,,,,
"UPM00033356","1962-09-24","50.217","31.8","128.0","YAHOTYN, UP","    0",",,I",,,,,,,,
"UPM00033356","1962-09-25","50.217","31.8","128.0","YAHOTYN, UP","    0",",,I",,,,,,,,
"UPM00033356","1962-09-26","50.217","31.8","128.0","YAHOTYN, UP","  197",",,I",,,,,,,,
"UPM00033356","1962-09-27","50.217","31.8","128.0","YAHOTYN, UP","    0",",,I",,,,,,,,
"UPM00033356","1962-09-28","50.217","31.8","128.0","YAHOTYN, UP","    0",",,I",,,,,,,,
"UPM00033356","1962-09-29","50.217","31.8","128.0","YAHOTYN, UP","    2",",,I",,,,,,,,
"UPM00033356","1962-09-30","50.217","31.8","128.0","YAHOTYN, UP","    2",",,I",,,,,,,,
"UPM00033356","1962-10-02","50.217","31.8","128.0","YAHOTYN, UP","    0","T,,I",,,,,,,,
"UPM00033356","1962-10-03","50.217","31.8","128.0","YAHOTYN, UP","    0",",,I",,,,,,,,
"UPM00033356","1962-10-04","50.217","31.8","128.0","YAHOTYN, UP","    0",",,I",,,,,,,,
"UPM00033356","1962-10-05","50.217","31.8","128.0","YAHOTYN, UP","    0",",,I",,,,,,,,
"UPM00033356","1962-10-06","50.217","31.8","128.0","YAHOTYN, UP","    0",",,I",,,,,,,,
"UPM00033356","1962-10-07","50.217","31.8","128.0","YAHOTYN, UP","    0",",,I",,,,,,,,
"UPM00033356","1962-10-08","50.217","31.8","128.0","YAHOTYN, UP","    0",",,I",,,,,,,,
"UPM00033356","1962-10-09","50.217","31.8","128.0","YAHOTYN, UP","    0",",,I",,,,,,,,
"UPM00033356","1962-10-10","50.217","31.8","128.0","YAHOTYN, UP","    0",",,I",,,,,,,,
"UPM00033356","1962-10-11","50.217","31.8","128.0","YAHOTYN, UP","    0",",,I",,,,,,,,
"UPM00033356","1962-10-12","50.217","31.8","128.0","YAHOTYN, UP","    0",",,I",,,,,,,,
"UPM00033356","1962-10-13","50.217","31.8","128.0","YAHOTYN, UP","    0",",,I",,,,,,,,
"UPM00033356","1962-10-14","50.217","31.8","128.0","YAHOTYN, UP","    0",",,I",,,,,,,,
"UPM00033356","1962-10-15","50.217","31.8","128.0","YAHOTYN, UP","    0",",,I",,,,,,,,
"UPM00033356","1962-10-16","50.217","31.8","128.0","YAHOTYN, UP","    0",",,I",,,,,,,,
"UPM00033356","1962-10-17","50.217","31.8","128.0","YAHOTYN, UP","    0",",,I",,,,,,,,
"UPM00033356","1962-10-18","50.217","31.8","128.0","YAHOTYN, UP","    0",",,I",,,,,,,,
"UPM00033356","1962-10-19","50.217","31.8","128.0","YAHOTYN, UP","    0",",,I",,,,,,,,
"UPM00033356","1962-10-20","50.217","31.8","128.0","YAHOTYN, UP","   31",",,I",,,,,,,,
"UPM00033356","1962-10-21","50.217","31.8","128.0","YAHOTYN, UP","    0",",,I",,,,,,,,
"UPM00033356","1962-10-22","50.217","31.8","128.0","YAHOTYN, UP","    0",",,I",,,,,,,,
"UPM00033356","1962-10-23","50.217","31.8","128.0","YAHOTYN, UP","    0",",,I",,,,,,,,
"UPM00033356","1962-10-24","50.217","31.8","128.0","YAHOTYN, UP","    0",",,I",,,,,,,,
"UPM00033356","1962-10-25","50.217","31.8","128.0","YAHOTYN, UP","    0",",,I",,,,,,,,
"UPM00033356","1962-10-26","50.217","31.8","128.0","YAHOTYN, UP","    0",",,I",,,,,,,,
"UPM00033356","1962-10-27","50.217","31.8","128.0","YAHOTYN, UP","    0","T,,I",,,,,,,,
"UPM00033356","1962-10-28","50.217","31.8","128.0","YAHOTYN, UP","    0",",,I",,,,,,,,
"UPM00033356","1962-10-29","50.217","31.8","128.0","YAHOTYN, UP","    9",",,I",,,,,,,,
"UPM00033356","1962-10-30","50.217","31.8","128.0","YAHOTYN, UP","   31",",,I",,,,,,,,
"UPM00033356","1962-10-31","50.217","31.8","128.0","YAHOTYN, UP","    0",",,I",,,,,,,,
"UPM00033356","1962-11-01","50.217","31.8","128.0","YAHOTYN, UP","    0",",,I",,,,,,,,
"UPM00033356","1962-11-02","50.217","31.8","128.0","YAHOTYN, UP","    0",",,I",,,,,,,,
"UPM00033356","1962-11-03","50.217","31.8","128.0","YAHOTYN, UP","    0",",,I",,,,,,,,
"UPM00033356","1962-11-04","50.217","31.8","128.0","YAHOTYN, UP","    0",",,I",,,,,,,,
"UPM00033356","1962-11-05","50.217","31.8","128.0","YAHOTYN, UP","    0",",,I",,,,,,,,
"UPM00033356","1962-11-06","50.217","31.8","128.0","YAHOTYN, UP","    0",",,I",,,,,,,,
"UPM00033356","1962-11-07","50.217","31.8","128.0","YAHOTYN, UP","    0",",,I",,,,,,,,
"UPM00033356","1962-11-08","50.217","31.8","128.0","YAHOTYN, UP","    0",",,I",,,,,,,,
"UPM00033356","1962-11-09","50.217","31.8","128.0","YAHOTYN, UP","    0",",,I",,,,,,,,
"UPM00033356","1962-11-10","50.217","31.8","128.0","YAHOTYN, UP","    0",",,I",,,,,,,,
"UPM00033356","1962-11-11","50.217","31.8","128.0","YAHOTYN, UP","   13",",,I",,,,,,,,
"UPM00033356","1962-11-12","50.217","31.8","128.0","YAHOTYN, UP","    0",",,I",,,,,,,,
"UPM00033356","1962-11-13","50.217","31.8","128.0","YAHOTYN, UP","    0",",,I",,,,,,,,
"UPM00033356","1962-11-14","50.217","31.8","128.0","YAHOTYN, UP","    7",",,I",,,,,,,,
"UPM00033356","1962-11-15","50.217","31.8","128.0","YAHOTYN, UP","    7",",,I",,,,,,,,
"UPM00033356","1962-11-16","50.217","31.8","128.0","YAHOTYN, UP","   50",",,I",,,,,,,,
"UPM00033356","1962-11-18","50.217","31.8","128.0","YAHOTYN, UP","    0",",,I",,,,,,,,
"UPM00033356","1962-11-19","50.217","31.8","128.0","YAHOTYN, UP","    0",",,I",,,,,,,,
"UPM00033356","1962-11-20","50.217","31.8","128.0","YAHOTYN, UP","    0",",,I",,,,,,,,
"UPM00033356","1962-11-21","50.217","31.8","128.0","YAHOTYN, UP","    1",",,I",,,,,,,,
"UPM00033356","1962-11-22","50.217","31.8","128.0","YAHOTYN, UP","   53",",,I",,,,,,,,
"UPM00033356","1962-11-23","50.217","31.8","128.0","YAHOTYN, UP","    0",",,I",,,,,,,,
"UPM00033356","1962-11-24","50.217","31.8","128.0","YAHOTYN, UP","   63",",,I",,,,,,,,
"UPM00033356","1962-11-25","50.217","31.8","128.0","YAHOTYN, UP","    6",",,I",,,,,,,,
"UPM00033356","1962-11-26","50.217","31.8","128.0","YAHOTYN, UP","    2",",,I",,,,,,,,
"UPM00033356","1962-11-27","50.217","31.8","128.0","YAHOTYN, UP","    1",",,I",,,,,,,,
"UPM00033356","1962-11-28","50.217","31.8","128.0","YAHOTYN, UP","    5",",,I",,,,,,,,
"UPM00033356","1962-11-29","50.217","31.8","128.0","YAHOTYN, UP","    0",",,I",,,,,,,,
"UPM00033356","1962-11-30","50.217","31.8","128.0","YAHOTYN, UP","    0","T,,I",,,,,,,,
"UPM00033356","1962-12-01","50.217","31.8","128.0","YAHOTYN, UP","    0",",,I",,,,,,,,
"UPM00033356","1962-12-02","50.217","31.8","128.0","YAHOTYN, UP","    4",",,I",,,,,,,,
"UPM00033356","1962-12-03","50.217","31.8","128.0","YAHOTYN, UP","    0",",,I",,,,,,,,
"UPM00033356","1962-12-04","50.217","31.8","128.0","YAHOTYN, UP","    0",",,I",,,,,,,,
"UPM00033356","1962-12-05","50.217","31.8","128.0","YAHOTYN, UP","    3",",,I",,,,,,,,
"UPM00033356","1962-12-06","50.217","31.8","128.0","YAHOTYN, UP","    2",",,I",,,,,,,,
"UPM00033356","1962-12-07","50.217","31.8","128.0","YAHOTYN, UP","    0","T,,I",,,,,,,,
"UPM00033356","1962-12-08","50.217","31.8","128.0","YAHOTYN, UP","    0",",,I",,,,,,,,
"UPM00033356","1962-12-09","50.217","31.8","128.0","YAHOTYN, UP","    0",",,I",,,,,,,,
"UPM00033356","1962-12-10","50.217","31.8","128.0","YAHOTYN, UP","    0",",,I",,,,,,,,
"UPM00033356","1962-12-11","50.217","31.8","128.0","YAHOTYN, UP","    0",",,I",,,,,,,,
"UPM00033356","1962-12-12","50.217","31.8","128.0","YAHOTYN, UP","    0",",,I",,,,,,,,
"UPM00033356","1962-12-13","50.217","31.8","128.0","YAHOTYN, UP","    0",",,I",,,,,,,,
"UPM00033356","1962-12-14","50.217","31.8","128.0","YAHOTYN, UP","    0","T,,I",,,,,,,,
"UPM00033356","1962-12-15","50.217","31.8","128.0","YAHOTYN, UP","    0",",,I",,,,,,,,
"UPM00033356","1962-12-16","50.217","31.8","128.0","YAHOTYN, UP","    0",",,I",,,,,,,,
"UPM00033356","1962-12-17","50.217","31.8","128.0","YAHOTYN, UP","    0",",,I",,,,,,,,
"UPM00033356","1962-12-18","50.217","31.8","128.0","YAHOTYN, UP","   32",",,I",,,,,,,,
"UPM00033356","1962-12-19","50.217","31.8","128.0","YAHOTYN, UP","    0","T,,I",,,,,,,,
"UPM00033356","1962-12-21","50.217","31.8","128.0","YAHOTYN, UP","    0",",,I",,,,,,,,
"UPM00033356","1962-12-22","50.217","31.8","128.0","YAHOTYN, UP","    1",",,I",,,,,,,,
"UPM00033356","1962-12-23","50.217","31.8","128.0","YAHOTYN, UP","   43",",,I",,,,,,,,
"UPM00033356","1962-12-24","50.217","31.8","128.0","YAHOTYN, UP","    5",",,I",,,,,,,,
"UPM00033356","1962-12-25","50.217","31.8","128.0","YAHOTYN, UP","    1",",,I",,,,,,,,
"UPM00033356","1962-12-26","50.217","31.8","128.0","YAHOTYN, UP","    4",",,I",,,,,,,,
"UPM00033356","1962-12-27","50.217","31.8","128.0","YAHOTYN, UP","    0",",,I",,,,,,,,
"UPM00033356","1962-12-28","50.217","31.8","128.0","YAHOTYN, UP","   52",",,I",,,,,,,,
"UPM00033356","1962-12-29","50.217","31.8","128.0","YAHOTYN, UP","    0",",,I",,,,,,,,
"UPM00033356","1962-12-30","50.217","31.8","128.0","YAHOTYN, UP","    0",",,I",,,,,,,,
"UPM00033356","1962-12-31","50.217","31.8","128.0","YAHOTYN, UP","    4",",,I",,,,,,,,
"UPM00033356","1963-01-01","50.217","31.8","128.0","YAHOTYN, UP","    0",",,I",,,,,,,,
"UPM00033356","1963-01-02","50.217","31.8","128.0","YAHOTYN, UP","    0",",,I",,,,,,,,
"UPM00033356","1963-01-03","50.217","31.8","128.0","YAHOTYN, UP","    0",",,I",,,,,,,,
"UPM00033356","1963-01-04","50.217","31.8","128.0","YAHOTYN, UP","    0",",,I",,,,,,,,
"UPM00033356","1963-01-05","50.217","31.8","128.0","YAHOTYN, UP","   31",",,I",,,,,,,,
"UPM00033356","1963-01-06","50.217","31.8","128.0","YAHOTYN, UP","   33",",,I",,,,,,,,
"UPM00033356","1963-01-07","50.217","31.8","128.0","YAHOTYN, UP","   10",",,I",,,,,,,,
"UPM00033356","1963-01-08","50.217","31.8","128.0","YAHOTYN, UP","    0","T,,I",,,,,,,,
"UPM00033356","1963-01-09","50.217","31.8","128.0","YAHOTYN, UP","    0",",,I",,,,,,,,
"UPM00033356","1963-01-10","50.217","31.8","128.0","YAHOTYN, UP","    0",",,I",,,,,,,,
"UPM00033356","1963-01-11","50.217","31.8","128.0","YAHOTYN, UP","    0",",,I",,,,,,,,
"UPM00033356","1963-01-12","50.217","31.8","128.0","YAHOTYN, UP","    9",",,I",,,,,,,,
"UPM00033356","1963-01-13","50.217","31.8","128.0","YAHOTYN, UP","    0",",,I",,,,,,,,
"UPM00033356","1963-01-14","50.217","31.8","128.0","YAHOTYN, UP","   25",",,I",,,,,,,,
"UPM00033356","1963-01-15","50.217","31.8","128.0","YAHOTYN, UP","    4",",,I",,,,,,,,
"UPM00033356","1963-01-16","50.217","31.8","128.0","YAHOTYN, UP","    0",",,I",,,,,,,,
"UPM00033356","1963-01-17","50.217","31.8","128.0","YAHOTYN, UP","   17",",,I",,,,,,,,
"UPM00033356","1963-01-18","50.217","31.8","128.0","YAHOTYN, UP","   15",",,I",,,,,,,,
"UPM00033356","1963-01-19","50.217","31.8","128.0","YAHOTYN, UP","    0",",,I",,,,,,,,
"UPM00033356","1963-01-20","50.217","31.8","128.0","YAHOTYN, UP","    0","T,,I",,,,,,,,
"UPM00033356","1963-01-21","50.217","31.8","128.0","YAHOTYN, UP","    0",",,I",,,,,,,,
"UPM00033356","1963-01-22","50.217","31.8","128.0","YAHOTYN, UP","    0",",,I",,,,,,,,
"UPM00033356","1963-01-23","50.217","31.8","128.0","YAHOTYN, UP","    0",",,I",,,,,,,,
"UPM00033356","1963-01-24","50.217","31.8","128.0","YAHOTYN, UP","    0",",,I",,,,,,,,
"UPM00033356","1963-01-25","50.217","31.8","128.0","YAHOTYN, UP","    0",",,I",,,,,,,,
"UPM00033356","1963-01-26","50.217","31.8","128.0","YAHOTYN, UP","    2",",,I",,,,,,,,
"UPM00033356","1963-01-27","50.217","31.8","128.0","YAHOTYN, UP","   17",",,I",,,,,,,,
"UPM00033356","1963-01-28","50.217","31.8","128.0","YAHOTYN, UP","    2",",,I",,,,,,," -197","H,,S"
"UPM00033356","1963-01-29","50.217","31.8","128.0","YAHOTYN, UP","    1",",,I",,,,,,,,
"UPM00033356","1963-01-30","50.217","31.8","128.0","YAHOTYN, UP","    1",",,I",,,,,,,,
"UPM00033356","1963-01-31","50.217","31.8","128.0","YAHOTYN, UP","    4",",,I",,,,,,,,
"UPM00033356","1963-02-01","50.217","31.8","128.0","YAHOTYN, UP","    0",",,I",,,,,,,,
"UPM00033356","1963-02-02","50.217","31.8","128.0","YAHOTYN, UP","    4",",,I",,,,,,,,
"UPM00033356","1963-02-03","50.217","31.8","128.0","YAHOTYN, UP","    4",",,I",,,,,,,,
"UPM00033356","1963-02-04","50.217","31.8","128.0","YAHOTYN, UP","   20",",,I",,,,,,,,
"UPM00033356","1963-02-05","50.217","31.8","128.0","YAHOTYN, UP","    8",",,I",,,,,,,,
"UPM00033356","1963-02-06","50.217","31.8","128.0","YAHOTYN, UP","    3",",,I",,,,,,,,
"UPM00033356","1963-02-07","50.217","31.8","128.0","YAHOTYN, UP","    3",",,I",,,,,,,,
"UPM00033356","1963-02-09","50.217","31.8","128.0","YAHOTYN, UP","    0",",,I",,,,,,,,
"UPM00033356","1963-02-10","50.217","31.8","128.0","YAHOTYN, UP","    0",",,I",,,,,,,,
"UPM00033356","1963-02-11","50.217","31.8","128.0","YAHOTYN, UP","    0",",,I",,,,,,,,
"UPM00033356","1963-02-12","50.217","31.8","128.0","YAHOTYN, UP","    0",",,I",,,,,,,,
"UPM00033356","1963-02-13","50.217","31.8","128.0","YAHOTYN, UP","    0",",,I",,,,,,,,
"UPM00033356","1963-02-14","50.217","31.8","128.0","YAHOTYN, UP","    0",",,I",,,,,,,,
"UPM00033356","1963-02-15","50.217","31.8","128.0","YAHOTYN, UP","    3",",,I",,,,,,,,
"UPM00033356","1963-02-16","50.217","31.8","128.0","YAHOTYN, UP","   26",",,I",,,,,,,,
"UPM00033356","1963-02-17","50.217","31.8","128.0","YAHOTYN, UP","    0",",,I",,,,,,,,
"UPM00033356","1963-02-18","50.217","31.8","128.0","YAHOTYN, UP","    8",",,I",,,,,,,,
"UPM00033356","1963-02-20","50.217","31.8","128.0","YAHOTYN, UP","    4",",,I",,,,,,,,
"UPM00033356","1963-02-21","50.217","31.8","128.0","YAHOTYN, UP","   44",",,I",,,,,,,,
"UPM00033356","1963-02-22","50.217","31.8","128.0","YAHOTYN, UP","   61",",,I",,,,,,,,
"UPM00033356","1963-02-23","50.217","31.8","128.0","YAHOTYN, UP","    0",",,I",,,,,,,,
"UPM00033356","1963-02-24","50.217","31.8","128.0","YAHOTYN, UP","    0",",,I",,,,,,,,
"UPM00033356","1963-02-25","50.217","31.8","128.0","YAHOTYN, UP","    0",",,I",,,,,,,,
"UPM00033356","1963-02-26","50.217","31.8","128.0","YAHOTYN, UP","   10",",,I",,,,,,,,
"UPM00033356","1963-02-27","50.217","31.8","128.0","YAHOTYN, UP","    4",",,I",,,,,,,,
"UPM00033356","1963-02-28","50.217","31.8","128.0","YAHOTYN, UP","    1",",,I",,,,,,,,
"UPM00033356","1963-03-01","50.217","31.8","128.0","YAHOTYN, UP","    0",",,I",,,,,,,,
"UPM00033356","1963-03-02","50.217","31.8","128.0","YAHOTYN, UP","    0","T,,I",,,,,,,,
"UPM00033356","1963-03-03","50.217","31.8","128.0","YAHOTYN, UP","   16",",,I",,,,,,,,
"UPM00033356","1963-03-04","50.217","31.8","128.0","YAHOTYN, UP","   22",",,I",,,,,,,,
"UPM00033356","1963-03-05","50.217","31.8","128.0","YAHOTYN, UP","    0",",,I",,,,,,,,
"UPM00033356","1963-03-06","50.217","31.8","128.0","YAHOTYN, UP","    0",",,I",,,,,,,,
"UPM00033356","1963-03-07","50.217","31.8","128.0","YAHOTYN, UP","   19",",,I",,,,,,,,
"UPM00033356","1963-03-08","50.217","31.8","128.0","YAHOTYN, UP","    0",",,I",,,,,,,,
"UPM00033356","1963-03-09","50.217","31.8","128.0","YAHOTYN, UP","    0",",,I",,,,,,,,
"UPM00033356","1963-03-10","50.217","31.8","128.0","YAHOTYN, UP","    0",",,I",,,,,,,,
"UPM00033356","1963-03-11","50.217","31.8","128.0","YAHOTYN, UP","    0",",,I",,,,,,,,
"UPM00033356","1963-03-12","50.217","31.8","128.0","YAHOTYN, UP","    1",",,I",,,,,,,,
"UPM00033356","1963-03-13","50.217","31.8","128.0","YAHOTYN, UP","   29",",,I",,,,,,,,
"UPM00033356","1963-03-14","50.217","31.8","128.0","YAHOTYN, UP","    0",",,I",,,,,,,,
"UPM00033356","1963-03-15","50.217","31.8","128.0","YAHOTYN, UP","    6",",,I",,,,,,,,
"UPM00033356","1963-03-16","50.217","31.8","128.0","YAHOTYN, UP","   34",",,I",,,,,,,,
"UPM00033356","1963-03-17","50.217","31.8","128.0","YAHOTYN, UP","    5",",,I",,,,,,,,
"UPM00033356","1963-03-18","50.217","31.8","128.0","YAHOTYN, UP","    0","T,,I",,,,,,,,
"UPM00033356","1963-03-19","50.217","31.8","128.0","YAHOTYN, UP","    0",",,I",,,,,,,,
"UPM00033356","1963-03-20","50.217","31.8","128.0","YAHOTYN, UP","    0",",,I",,,,,,,,
"UPM00033356","1963-03-21","50.217","31.8","128.0","YAHOTYN, UP","    0",",,I",,,,,,,,
"UPM00033356","1963-03-22","50.217","31.8","128.0","YAHOTYN, UP","   18",",,I",,,,,,,,
"UPM00033356","1963-03-23","50.217","31.8","128.0","YAHOTYN, UP","    8",",,I",,,,,,,,
"UPM00033356","1963-03-24","50.217","31.8","128.0","YAHOTYN, UP","    0","T,,I",,,,,,,,
"UPM00033356","1963-03-25","50.217","31.8","128.0","YAHOTYN, UP","    0",",,I",,,,,,,,
"UPM00033356","1963-03-26","50.217","31.8","128.0","YAHOTYN, UP","    0",",,I",,,,,,,,
"UPM00033356","1963-03-27","50.217","31.8","128.0","YAHOTYN, UP","    0",",,I",,,,,,,,
"UPM00033356","1963-03-28","50.217","31.8","128.0","YAHOTYN, UP","    0",",,I",,,,,,,,
"UPM00033356","1963-03-29","50.217","31.8","128.0","YAHOTYN, UP","    0",",,I",,,,,,,,
"UPM00033356","1963-03-30","50.217","31.8","128.0","YAHOTYN, UP","    2",",,I",,,,,,,,
"UPM00033356","1963-03-31","50.217","31.8","128.0","YAHOTYN, UP","    0","T,,I",,,,,,,,
"UPM00033356","1963-04-01","50.217","31.8","128.0","YAHOTYN, UP","    4",",,I",,,,,,,,
"UPM00033356","1963-04-02","50.217","31.8","128.0","YAHOTYN, UP","    6",",,I",,,,,,,,
"UPM00033356","1963-04-04","50.217","31.8","128.0","YAHOTYN, UP","    0",",,I",,,,,,,,
"UPM00033356","1963-04-05","50.217","31.8","128.0","YAHOTYN, UP","    0",",,I",,,,,,,,
"UPM00033356","1963-04-06","50.217","31.8","128.0","YAHOTYN, UP","    0",",,I",,,,,,,,
"UPM00033356","1963-04-07","50.217","31.8","128.0","YAHOTYN, UP","    0",",,I",,,,,,,,
"UPM00033356","1963-04-08","50.217","31.8","128.0","YAHOTYN, UP","    0",",,I",,,,,,,,
"UPM00033356","1963-04-09","50.217","31.8","128.0","YAHOTYN, UP","    0",",,I",,,,,,,,
"UPM00033356","1963-04-10","50.217","31.8","128.0","YAHOTYN, UP","    1",",,I",,,,,,,,
"UPM00033356","1963-04-11","50.217","31.8","128.0","YAHOTYN, UP","    4",",,I",,,,,,,,
"UPM00033356","1963-04-12","50.217","31.8","128.0","YAHOTYN, UP","    2",",,I",,,,,,,,
"UPM00033356","1963-04-13","50.217","31.8","128.0","YAHOTYN, UP","    0",",,I",,,,,,,,
"UPM00033356","1963-04-14","50.217","31.8","128.0","YAHOTYN, UP","   27",",,I",,,,,,,,
"UPM00033356","1963-04-15","50.217","31.8","128.0","YAHOTYN, UP","   21",",,I",,,,,,,,
"UPM00033356","1963-04-16","50.217","31.8","128.0","YAHOTYN, UP","    0",",,I",,,,,,,,
"UPM00033356","1963-04-17","50.217","31.8","128.0","YAHOTYN, UP","    0",",,I",,,,,,,,
"UPM00033356","1963-04-18","50.217","31.8","128.0","YAHOTYN, UP","    0",",,I",,,,,,,,
"UPM00033356","1963-04-19","50.217","31.8","128.0","YAHOTYN, UP","    0",",,I",,,,,,,,
"UPM00033356","1963-04-20","50.217","31.8","128.0","YAHOTYN, UP","    0",",,I",,,,,,,,
"UPM00033356","1963-04-21","50.217","31.8","128.0","YAHOTYN, UP","    0",",,I",,,,,,,,
"UPM00033356","1963-04-22","50.217","31.8","128.0","YAHOTYN, UP","    0",",,I",,,,,,,,
"UPM00033356","1963-04-23","50.217","31.8","128.0","YAHOTYN, UP","    0",",,I",,,,,,,,
"UPM00033356","1963-04-24","50.217","31.8","128.0","YAHOTYN, UP","    0",",,I",,,,,,,,
"UPM00033356","1963-04-25","50.217","31.8","128.0","YAHOTYN, UP","    0",",,I",,,,,,,,
"UPM00033356","1963-04-26","50.217","31.8","128.0","YAHOTYN, UP","    0",",,I",,,,,,,,
"UPM00033356","1963-04-27","50.217","31.8","128.0","YAHOTYN, UP","    0",",,I",,,,,,,,
"UPM00033356","1963-04-28","50.217","31.8","128.0","YAHOTYN, UP","    0",",,I",,,,,,,,
"UPM00033356","1963-04-30","50.217","31.8","128.0","YAHOTYN, UP","   15",",,I",,,,,,,,
"UPM00033356","1963-05-01","50.217","31.8","128.0","YAHOTYN, UP","    3",",,I",,,,,,,,
"UPM00033356","1963-05-02","50.217","31.8","128.0","YAHOTYN, UP","    0",",,I",,,,,,,,
"UPM00033356","1963-05-03","50.217","31.8","128.0","YAHOTYN, UP","    0",",,I",,,,,,,,
"UPM00033356","1963-05-04","50.217","31.8","128.0","YAHOTYN, UP","   36",",,I",,,,,,,,
"UPM00033356","1963-05-05","50.217","31.8","128.0","YAHOTYN, UP","    0",",,I",,,,,,,,
"UPM00033356","1963-05-06","50.217","31.8","128.0","YAHOTYN, UP","    0",",,I",,,,,,,,
"UPM00033356","1963-05-07","50.217","31.8","128.0","YAHOTYN, UP","    0",",,I",,,,,,,,
"UPM00033356","1963-05-08","50.217","31.8","128.0","YAHOTYN, UP","    0",",,I",,,,,,,,
"UPM00033356","1963-05-09","50.217","31.8","128.0","YAHOTYN, UP","    0",",,I",,,,,,,,
"UPM00033356","1963-05-10","50.217","31.8","128.0","YAHOTYN, UP","    0",",,I",,,,,,,,
"UPM00033356","1963-05-11","50.217","31.8","128.0","YAHOTYN, UP","    0",",,I",,,,,,,,
"UPM00033356","1963-05-12","50.217","31.8","128.0","YAHOTYN, UP","    0",",,I",,,,,,,,
"UPM00033356","1963-05-13","50.217","31.8","128.0","YAHOTYN, UP","    0",",,I",,,,,,,,
"UPM00033356","1963-05-14","50.217","31.8","128.0","YAHOTYN, UP","    0",",,I",,,,,,,,
"UPM00033356","1963-05-15","50.217","31.8","128.0","YAHOTYN, UP","    0",",,I",,,,,,,,
"UPM00033356","1963-05-16","50.217","31.8","128.0","YAHOTYN, UP","    0",",,I",,,,,,,,
"UPM00033356","1963-05-17","50.217","31.8","128.0","YAHOTYN, UP","   45",",,I",,,,,,,,
"UPM00033356","1963-05-18","50.217","31.8","128.0","YAHOTYN, UP","    0",",,I",,,,,,,,
"UPM00033356","1963-05-19","50.217","31.8","128.0","YAHOTYN, UP","    3",",,I",,,,,,,,
"UPM00033356","1963-05-20","50.217","31.8","128.0","YAHOTYN, UP","    0",",,I",,,,,,,,
"UPM00033356","1963-05-21","50.217","31.8","128.0","YAHOTYN, UP","    0",",,I",,,,,,,,
"UPM00033356","1963-05-22","50.217","31.8","128.0","YAHOTYN, UP","    0",",,I",,,,,,,,
"UPM00033356","1963-05-23","50.217","31.8","128.0","YAHOTYN, UP","    9",",,I",,,,,,,,
"UPM00033356","1963-05-24","50.217","31.8","128.0","YAHOTYN, UP","    0",",,I",,,,,,,,
"UPM00033356","1963-05-25","50.217","31.8","128.0","YAHOTYN, UP","    0",",,I",,,,,,,,
"UPM00033356","1963-05-26","50.217","31.8","128.0","YAHOTYN, UP","    0",",,I",,,,,,,,
"UPM00033356","1963-05-27","50.217","31.8","128.0","YAHOTYN, UP","    0",",,I",,,,,,,,
"UPM00033356","1963-05-28","50.217","31.8","128.0","YAHOTYN, UP","    0",",,I",,,,,,,,
"UPM00033356","1963-05-29","50.217","31.8","128.0","YAHOTYN, UP","    2",",,I",,,,,,,,
"UPM00033356","1963-05-30","50.217","31.8","128.0","YAHOTYN, UP","    0",",,I",,,,,,,,
"UPM00033356","1963-05-31","50.217","31.8","128.0","YAHOTYN, UP","    0",",,I",,,,,,,,
"UPM00033356","1963-06-01","50.217","31.8","128.0","YAHOTYN, UP","   47",",,I",,,,,,,,
"UPM00033356","1963-06-02","50.217","31.8","128.0","YAHOTYN, UP","    1",",,I",,,,,,,,
"UPM00033356","1963-06-03","50.217","31.8","128.0","YAHOTYN, UP","    0",",,I",,,,,,,,
"UPM00033356","1963-06-04","50.217","31.8","128.0","YAHOTYN, UP","    0","T,,I",,,,,,,,
"UPM00033356","1963-06-05","50.217","31.8","128.0","YAHOTYN, UP","    0",",,I",,,,,,,,
"UPM00033356","1963-06-06","50.217","31.8","128.0","YAHOTYN, UP","    0",",,I",,,,,,,,
"UPM00033356","1963-06-07","50.217","31.8","128.0","YAHOTYN, UP","    1",",,I",,,,,,,,
"UPM00033356","1963-06-08","50.217","31.8","128.0","YAHOTYN, UP","    0",",,I",,,,,,,,
"UPM00033356","1963-06-09","50.217","31.8","128.0","YAHOTYN, UP","    0",",,I",,,,,,,,
"UPM00033356","1963-06-10","50.217","31.8","128.0","YAHOTYN, UP","   19",",,I",,,,,,,,
"UPM00033356","1963-06-11","50.217","31.8","128.0","YAHOTYN, UP","    0",",,I",,,,,,,,
"UPM00033356","1963-06-12","50.217","31.8","128.0","YAHOTYN, UP","    0","T,,I",,,,,,,,
"UPM00033356","1963-06-13","50.217","31.8","128.0","YAHOTYN, UP","   48",",,I",,,,,,,,
"UPM00033356","1963-06-14","50.217","31.8","128.0","YAHOTYN, UP","    0",",,I",,,,,,,,
"UPM00033356","1963-06-15","50.217","31.8","128.0","YAHOTYN, UP","    0",",,I",,,,,,,,
"UPM00033356","1963-06-16","50.217","31.8","128.0","YAHOTYN, UP","  114",",,I",,,,,,,,
"UPM00033356","1963-06-17","50.217","31.8","128.0","YAHOTYN, UP","   11",",,I",,,,,,,,
"UPM00033356","1963-06-18","50.217","31.8","128.0","YAHOTYN, UP","   18",",,I",,,,,,,,
"UPM00033356","1963-06-19","50.217","31.8","128.0","YAHOTYN, UP","    0",",,I",,,,,,,,
"UPM00033356","1963-06-20","50.217","31.8","128.0","YAHOTYN, UP","   13",",,I",,,,,,,,
"UPM00033356","1963-06-21","50.217","31.8","128.0","YAHOTYN, UP","   50",",,I",,,,,,,,
"UPM00033356","1963-06-22","50.217","31.8","128.0","YAHOTYN, UP","   28",",,I",,,,,,,,
"UPM00033356","1963-06-23","50.217","31.8","128.0","YAHOTYN, UP","   11",",,I",,,,,,,,
"UPM00033356","1963-06-24","50.217","31.8","128.0","YAHOTYN, UP","    0",",,I",,,,,,,,
"UPM00033356","1963-06-25","50.217","31.8","128.0","YAHOTYN, UP","    0",",,I",,,,,,,,
"UPM00033356","1963-06-26","50.217","31.8","128.0","YAHOTYN, UP","    0",",,I",,,,,,,,
"UPM00033356","1963-06-27","50.217","31.8","128.0","YAHOTYN, UP","   14",",,I",,,,,,,,
"UPM00033356","1963-06-28","50.217","31.8","128.0","YAHOTYN, UP","    0",",,I",,,,,,,,
"UPM00033356","1963-06-29","50.217","31.8","128.0","YAHOTYN, UP","    0",",,I",,,,,,,,
"UPM00033356","1963-06-30","50.217","31.8","128.0","YAHOTYN, UP","    0","T,,I",,,,,,,,
"UPM00033356","1963-07-01","50.217","31.8","128.0","YAHOTYN, UP","    0",",,I",,,,,,,,
"UPM00033356","1963-07-02","50.217","31.8","128.0","YAHOTYN, UP","    0",",,I",,,,,,,,
"UPM00033356","1963-07-03","50.217","31.8","128.0","YAHOTYN, UP","    0",",,I",,,,,,,,
"UPM00033356","1963-07-04","50.217","31.8","128.0","YAHOTYN, UP","    0",",,I",,,,,,,,
"UPM00033356","1963-07-05","50.217","31.8","128.0","YAHOTYN, UP","    0",",,I",,,,,,,,
"UPM00033356","1963-07-06","50.217","31.8","128.0","YAHOTYN, UP","    0",",,I",,,,,,,,
"UPM00033356","1963-07-07","50.217","31.8","128.0","YAHOTYN, UP","    0",",,I",,,,,,,,
"UPM00033356","1963-07-08","50.217","31.8","128.0","YAHOTYN, UP","    0",",,I",,,,,,,,
"UPM00033356","1963-07-09","50.217","31.8","128.0","YAHOTYN, UP","    0",",,I",,,,,,,,
"UPM00033356","1963-07-10","50.217","31.8","128.0","YAHOTYN, UP","    0","T,,I",,,,,,,,
"UPM00033356","1963-07-11","50.217","31.8","128.0","YAHOTYN, UP","    0",",,I",,,,,,,,
"UPM00033356","1963-07-12","50.217","31.8","128.0","YAHOTYN, UP","    0",",,I",,,,,,,,
"UPM00033356","1963-07-13","50.217","31.8","128.0","YAHOTYN, UP","    0",",,I",,,,,,,,
"UPM00033356","1963-07-14","50.217","31.8","128.0","YAHOTYN, UP","    0",",,I",,,,,,,,
"UPM00033356","1963-07-15","50.217","31.8","128.0","YAHOTYN, UP","    9",",,I",,,,,,,,
"UPM00033356","1963-07-16","50.217","31.8","128.0","YAHOTYN, UP","    0",",,I",,,,,,,,
"UPM00033356","1963-07-17","50.217","31.8","128.0","YAHOTYN, UP","   10",",,I",,,,,,,,
"UPM00033356","1963-07-18","50.217","31.8","128.0","YAHOTYN, UP","    9",",,I",,,,,,,,
"UPM00033356","1963-07-19","50.217","31.8","128.0","YAHOTYN, UP","  499",",,I",,,,,,,,
"UPM00033356","1963-07-20","50.217","31.8","128.0","YAHOTYN, UP","    0",",,I",,,,,,,,
"UPM00033356","1963-07-21","50.217","31.8","128.0","YAHOTYN, UP","    0",",,I",,,,,,,,
"UPM00033356","1963-07-22","50.217","31.8","128.0","YAHOTYN, UP","    0",",,I",,,,,,,,
"UPM00033356","1963-07-23","50.217","31.8","128.0","YAHOTYN, UP","    0",",,I",,,,,,,,
"UPM00033356","1963-07-24","50.217","31.8","128.0","YAHOTYN, UP","    0",",,I",,,,,,,,
"UPM00033356","1963-07-25","50.217","31.8","128.0","YAHOTYN, UP","    0",",,I",,,,,,,,
"UPM00033356","1963-07-26","50.217","31.8","128.0","YAHOTYN, UP","    0",",,I",,,,,,,,
"UPM00033356","1963-07-27","50.217","31.8","128.0","YAHOTYN, UP","    0",",,I",,,,,,,,
"UPM00033356","1963-07-28","50.217","31.8","128.0","YAHOTYN, UP","    0",",,I",,,,,,,,
"UPM00033356","1963-07-29","50.217","31.8","128.0","YAHOTYN, UP","    1",",,I",,,,,,,,
"UPM00033356","1963-07-30","50.217","31.8","128.0","YAHOTYN, UP","    0",",,I",,,,,,,,
"UPM00033356","1963-07-31","50.217","31.8","128.0","YAHOTYN, UP","    0",",,I",,,,,,,,
"UPM00033356","1963-08-01","50.217","31.8","128.0","YAHOTYN, UP","    0",",,I",,,,,,,,
"UPM00033356","1963-08-02","50.217","31.8","128.0","YAHOTYN, UP","    0",",,I",,,,,,,,
"UPM00033356","1963-08-03","50.217","31.8","128.0","YAHOTYN, UP","    0",",,I",,,,,,,,
"UPM00033356","1963-08-04","50.217","31.8","128.0","YAHOTYN, UP","    0",",,I",,,,,,,,
"UPM00033356","1963-08-05","50.217","31.8","128.0","YAHOTYN, UP","    0",",,I",,,,,,,,
"UPM00033356","1963-08-06","50.217","31.8","128.0","YAHOTYN, UP","   23",",,I",,,,,,,,
"UPM00033356","1963-08-07","50.217","31.8","128.0","YAHOTYN, UP","  100",",,I",,,,,,,,
"UPM00033356","1963-08-08","50.217","31.8","128.0","YAHOTYN, UP","    0",",,I",,,,,,,,
"UPM00033356","1963-08-10","50.217","31.8","128.0","YAHOTYN, UP","    0",",,I",,,,,,,,
"UPM00033356","1963-08-11","50.217","31.8","128.0","YAHOTYN, UP","    4",",,I",,,,,,,,
"UPM00033356","1963-08-12","50.217","31.8","128.0","YAHOTYN, UP","    0",",,I",,,,,,,,
"UPM00033356","1963-08-13","50.217","31.8","128.0","YAHOTYN, UP","    3",",,I",,,,,,,,
"UPM00033356","1963-08-14","50.217","31.8","128.0","YAHOTYN, UP","    0",",,I",,,,,,,,
"UPM00033356","1963-08-15","50.217","31.8","128.0","YAHOTYN, UP","    5",",,I",,,,,,,,
"UPM00033356","1963-08-16","50.217","31.8","128.0","YAHOTYN, UP","   48",",,I",,,,,,,,
"UPM00033356","1963-08-17","50.217","31.8","128.0","YAHOTYN, UP","    1",",,I",,,,,,,,
"UPM00033356","1963-08-18","50.217","31.8","128.0","YAHOTYN, UP","    0",",,I",,,,,,,,
"UPM00033356","1963-08-19","50.217","31.8","128.0","YAHOTYN, UP","    1",",,I",,,,,,,,
"UPM00033356","1963-08-20","50.217","31.8","128.0","YAHOTYN, UP","  213",",,I",,,,,,,,
"UPM00033356","1963-08-21","50.217","31.8","128.0","YAHOTYN, UP","    0",",,I",,,,,,,,
"UPM00033356","1963-08-22","50.217","31.8","128.0","YAHOTYN, UP","    0",",,I",,,,,,,,
"UPM00033356","1963-08-23","50.217","31.8","128.0","YAHOTYN, UP","    0","T,,I",,,,,,,,
"UPM00033356","1963-08-24","50.217","31.8","128.0","YAHOTYN, UP","   47",",,I",,,,,,,,
"UPM00033356","1963-08-25","50.217","31.8","128.0","YAHOTYN, UP","    0",",,I",,,,,,,,
"UPM00033356","1963-08-26","50.217","31.8","128.0","YAHOTYN, UP","   32",",,I",,,,,,,,
"UPM00033356","1963-08-27","50.217","31.8","128.0","YAHOTYN, UP","    0",",,I",,,,,,,,
"UPM00033356","1963-08-28","50.217","31.8","128.0","YAHOTYN, UP","    0",",,I",,,,,,,,
"UPM00033356","1963-08-30","50.217","31.8","128.0","YAHOTYN, UP","    0",",,I",,,,,,,,
"UPM00033356","1963-08-31","50.217","31.8","128.0","YAHOTYN, UP","    0",",,I",,,,,,,,
"UPM00033356","1963-09-01","50.217","31.8","128.0","YAHOTYN, UP","    0",",,I",,,,,,,,
"UPM00033356","1963-09-02","50.217","31.8","128.0","YAHOTYN, UP","    0",",,I",,,,,,,,
"UPM00033356","1963-09-03","50.217","31.8","128.0","YAHOTYN, UP","   26",",,I",,,,,,,,
"UPM00033356","1963-09-04","50.217","31.8","128.0","YAHOTYN, UP","    0",",,I",,,,,,,,
"UPM00033356","1963-09-05","50.217","31.8","128.0","YAHOTYN, UP","    0",",,I",,,,,,,,
"UPM00033356","1963-09-06","50.217","31.8","128.0","YAHOTYN, UP","    0",",,I",,,,,,,,
"UPM00033356","1963-09-07","50.217","31.8","128.0","YAHOTYN, UP","    0",",,I",,,,,,,,
"UPM00033356","1963-09-08","50.217","31.8","128.0","YAHOTYN, UP","    0",",,I",,,,,,,,
"UPM00033356","1963-09-09","50.217","31.8","128.0","YAHOTYN, UP","    0",",,I",,,,,,,,
"UPM00033356","1963-09-10","50.217","31.8","128.0","YAHOTYN, UP","    0",",,I",,,,,,,,
"UPM00033356","1963-09-11","50.217","31.8","128.0","YAHOTYN, UP","    0",",,I",,,,,,,,
"UPM00033356","1963-09-12","50.217","31.8","128.0","YAHOTYN, UP","   40",",,I",,,,,,,,
"UPM00033356","1963-09-13","50.217","31.8","128.0","YAHOTYN, UP","    0",",,I",,,,,,,,
"UPM00033356","1963-09-14","50.217","31.8","128.0","YAHOTYN, UP","    0",",,I",,,,,,,,
"UPM00033356","1963-09-15","50.217","31.8","128.0","YAHOTYN, UP","    0",",,I",,,,,,,,
"UPM00033356","1963-09-16","50.217","31.8","128.0","YAHOTYN, UP","    0",",,I",,,,,,,,
"UPM00033356","1963-09-17","50.217","31.8","128.0","YAHOTYN, UP","    0",",,I",,,,,,,,
"UPM00033356","1963-09-18","50.217","31.8","128.0","YAHOTYN, UP","    0",",,I",,,,,,,,
"UPM00033356","1963-09-19","50.217","31.8","128.0","YAHOTYN, UP","    0",",,I",,,,,,,,
"UPM00033356","1963-09-20","50.217","31.8","128.0","YAHOTYN, UP","    0",",,I",,,,,,,,
"UPM00033356","1963-09-21","50.217","31.8","128.0","YAHOTYN, UP","    0",",,I",,,,,,,,
"UPM00033356","1963-09-22","50.217","31.8","128.0","YAHOTYN, UP","    0",",,I",,,,,,,,
"UPM00033356","1963-09-23","50.217","31.8","128.0","YAHOTYN, UP","    0",",,I",,,,,,,,
"UPM00033356","1963-09-24","50.217","31.8","128.0","YAHOTYN, UP","    0",",,I",,,,,,,,
"UPM00033356","1963-09-25","50.217","31.8","128.0","YAHOTYN, UP","    0",",,I",,,,,,,,
"UPM00033356","1963-09-26","50.217","31.8","128.0","YAHOTYN, UP","    0",",,I",,,,,,,,
"UPM00033356","1963-09-27","50.217","31.8","128.0","YAHOTYN, UP","   30",",,I",,,,,,,,
"UPM00033356","1963-09-28","50.217","31.8","128.0","YAHOTYN, UP","    0","T,,I",,,,,,,,
"UPM00033356","1963-09-29","50.217","31.8","128.0","YAHOTYN, UP","    0",",,I",,,,,,,,
"UPM00033356","1963-09-30","50.217","31.8","128.0","YAHOTYN, UP","    0",",,I",,,,,,,,
"UPM00033356","1963-10-01","50.217","31.8","128.0","YAHOTYN, UP","    7",",,I",,,,,,,,
"UPM00033356","1963-10-02","50.217","31.8","128.0","YAHOTYN, UP","   20",",,I",,,,,,,,
"UPM00033356","1963-10-03","50.217","31.8","128.0","YAHOTYN, UP","    0",",,I",,,,,,,,
"UPM00033356","1963-10-04","50.217","31.8","128.0","YAHOTYN, UP","    0",",,I",,,,,,,,
"UPM00033356","1963-10-05","50.217","31.8","128.0","YAHOTYN, UP","    0",",,I",,,,,,,,
"UPM00033356","1963-10-06","50.217","31.8","128.0","YAHOTYN, UP","    0",",,I",,,,,,,,
"UPM00033356","1963-10-07","50.217","31.8","128.0","YAHOTYN, UP","    0",",,I",,,,,,,,
"UPM00033356","1963-10-08","50.217","31.8","128.0","YAHOTYN, UP","    0",",,I",,,,,,,,
"UPM00033356","1963-10-09","50.217","31.8","128.0","YAHOTYN, UP","    0",",,I",,,,,,,,
"UPM00033356","1963-10-10","50.217","31.8","128.0","YAHOTYN, UP","   29",",,I",,,,,,,,
"UPM00033356","1963-10-11","50.217","31.8","128.0","YAHOTYN, UP","    0",",,I",,,,,,,,
"UPM00033356","1963-10-12","50.217","31.8","128.0","YAHOTYN, UP","    5",",,I",,,,,,,,
"UPM00033356","1963-10-13","50.217","31.8","128.0","YAHOTYN, UP","    0",",,I",,,,,,,,
"UPM00033356","1963-10-14","50.217","31.8","128.0","YAHOTYN, UP","    0",",,I",,,,,,,,
"UPM00033356","1963-10-15","50.217","31.8","128.0","YAHOTYN, UP","   19",",,I",,,,,,,,
"UPM00033356","1963-10-16","50.217","31.8","128.0","YAHOTYN, UP","    1",",,I",,,,,,,,
"UPM00033356","1963-10-17","50.217","31.8","128.0","YAHOTYN, UP","    0",",,I",,,,,,,,
"UPM00033356","1963-10-18","50.217","31.8","128.0","YAHOTYN, UP","    0",",,I",,,,,,,,
"UPM00033356","1963-10-19","50.217","31.8","128.0","YAHOTYN, UP","    0",",,I",,,,,,,,
"UPM00033356","1963-10-20","50.217","31.8","128.0","YAHOTYN, UP","    0",",,I",,,,,,,,
"UPM00033356","1963-10-21","50.217","31.8","128.0","YAHOTYN, UP","    0",",,I",,,,,,,,
"UPM00033356","1963-10-22","50.217","31.8","128.0","YAHOTYN, UP","    0",",,I",,,,,,,,
"UPM00033356","1963-10-23","50.217","31.8","128.0","YAHOTYN, UP","    0",",,I",,,,,,,,
"UPM00033356","1963-10-24","50.217","31.8","128.0","YAHOTYN, UP","    0",",,I",,,,,,,,
"UPM00033356","1963-10-25","50.217","31.8","128.0","YAHOTYN, UP","    0",",,I",,,,,,,,
"UPM00033356","1963-10-26","50.217","31.8","128.0","YAHOTYN, UP","    0",",,I",,,,,,,,
"UPM00033356","1963-10-27","50.217","31.8","128.0","YAHOTYN, UP","    0",",,I",,,,,,,,
"UPM00033356","1963-10-28","50.217","31.8","128.0","YAHOTYN, UP","    1",",,I",,,,,,,,
"UPM00033356","1963-10-29","50.217","31.8","128.0","YAHOTYN, UP","    2",",,I",,,,,,,,
"UPM00033356","1963-10-30","50.217","31.8","128.0","YAHOTYN, UP","    0",",,I",,,,,,,,
"UPM00033356","1963-10-31","50.217","31.8","128.0","YAHOTYN, UP","    0",",,I",,,,,,,,
"UPM00033356","1963-11-01","50.217","31.8","128.0","YAHOTYN, UP","    0",",,I",,,,,,,,
"UPM00033356","1963-11-02","50.217","31.8","128.0","YAHOTYN, UP","    0",",,I",,,,,,,,
"UPM00033356","1963-11-03","50.217","31.8","128.0","YAHOTYN, UP","   11",",,I",,,,,,,,
"UPM00033356","1963-11-04","50.217","31.8","128.0","YAHOTYN, UP","   18",",,I",,,,,,,,
"UPM00033356","1963-11-05","50.217","31.8","128.0","YAHOTYN, UP","    0",",,I",,,,,,,,
"UPM00033356","1963-11-06","50.217","31.8","128.0","YAHOTYN, UP","   25",",,I",,,,,,,,
"UPM00033356","1963-11-07","50.217","31.8","128.0","YAHOTYN, UP","    3",",,I",,,,,,,,
"UPM00033356","1963-11-08","50.217","31.8","128.0","YAHOTYN, UP","    3",",,I",,,,,,,,
"UPM00033356","1963-11-09","50.217","31.8","128.0","YAHOTYN, UP","    0",",,I",,,,,,,,
"UPM00033356","1963-11-10","50.217","31.8","128.0","YAHOTYN, UP","   14",",,I",,,,,,,,
"UPM00033356","1963-11-11","50.217","31.8","128.0","YAHOTYN, UP","    0",",,I",,,,,,,,
"UPM00033356","1963-11-12","50.217","31.8","128.0","YAHOTYN, UP","   26",",,I",,,,,,,,
"UPM00033356","1963-11-13","50.217","31.8","128.0","YAHOTYN, UP","   83",",,I",,,,,,,,
"UPM00033356","1963-11-14","50.217","31.8","128.0","YAHOTYN, UP","   38",",,I",,,,,,,,
"UPM00033356","1963-11-15","50.217","31.8","128.0","YAHOTYN, UP","   31",",,I",,,,,,,,
"UPM00033356","1963-11-16","50.217","31.8","128.0","YAHOTYN, UP","    0",",,I",,,,,,,,
"UPM00033356","1963-11-17","50.217","31.8","128.0","YAHOTYN, UP","    5",",,I",,,,,,,,
"UPM00033356","1963-11-18","50.217","31.8","128.0","YAHOTYN, UP","    0",",,I",,,,,,,,
"UPM00033356","1963-11-19","50.217","31.8","128.0","YAHOTYN, UP","    8",",,I",,,,,,,,
"UPM00033356","1963-11-20","50.217","31.8","128.0","YAHOTYN, UP","    0",",,I",,,,,,,,
"UPM00033356","1963-11-21","50.217","31.8","128.0","YAHOTYN, UP","   98",",,I",,,,,,,,
"UPM00033356","1963-11-22","50.217","31.8","128.0","YAHOTYN, UP","    0",",,I",,,,,,,,
"UPM00033356","1963-11-23","50.217","31.8","128.0","YAHOTYN, UP","    4",",,I",,,,,,,,
"UPM00033356","1963-11-24","50.217","31.8","128.0","YAHOTYN, UP","    2",",,I",,,,,,,,
"UPM00033356","1963-11-25","50.217","31.8","128.0","YAHOTYN, UP","    0",",,I",,,,,,,,
"UPM00033356","1963-11-26","50.217","31.8","128.0","YAHOTYN, UP","    0",",,I",,,,,,,,
"UPM00033356","1963-11-27","50.217","31.8","128.0","YAHOTYN, UP","   27",",,I",,,,,,,,
"UPM00033356","1963-11-28","50.217","31.8","128.0","YAHOTYN, UP","    0",",,I",,,,,,,,
"UPM00033356","1963-11-29","50.217","31.8","128.0","YAHOTYN, UP","    0",",,I",,,,,,,,
"UPM00033356","1963-11-30","50.217","31.8","128.0","YAHOTYN, UP","    0",",,I",,,,,,,,
"UPM00033356","1963-12-01","50.217","31.8","128.0","YAHOTYN, UP","    0",",,I",,,,,,,,
"UPM00033356","1963-12-02","50.217","31.8","128.0","YAHOTYN, UP","    0",",,I",,,,,,,,
"UPM00033356","1963-12-03","50.217","31.8","128.0","YAHOTYN, UP","    0",",,I",,,,,,,,
"UPM00033356","1963-12-04","50.217","31.8","128.0","YAHOTYN, UP","    0",",,I",,,,,,,,
"UPM00033356","1963-12-05","50.217","31.8","128.0","YAHOTYN, UP","   34",",,I",,,,,,,,
"UPM00033356","1963-12-06","50.217","31.8","128.0","YAHOTYN, UP","   39",",,I",,,,,,,,
"UPM00033356","1963-12-07","50.217","31.8","128.0","YAHOTYN, UP","    2",",,I",,,,,,,,
"UPM00033356","1963-12-08","50.217","31.8","128.0","YAHOTYN, UP","   10",",,I",,,,,,,,
"UPM00033356","1963-12-09","50.217","31.8","128.0","YAHOTYN, UP","   10",",,I",,,,,,,,
"UPM00033356","1963-12-10","50.217","31.8","128.0","YAHOTYN, UP","    6",",,I",,,,,,,,
"UPM00033356","1963-12-11","50.217","31.8","128.0","YAHOTYN, UP","    1",",,I",,,,,,,,
"UPM00033356","1963-12-12","50.217","31.8","128.0","YAHOTYN, UP","    5",",,I",,,,,,,,
"UPM00033356","1963-12-13","50.217","31.8","128.0","YAHOTYN, UP","    0","T,,I",,,,,,,,
"UPM00033356","1963-12-14","50.217","31.8","128.0","YAHOTYN, UP","    0",",,I",,,,,,,,
"UPM00033356","1963-12-15","50.217","31.8","128.0","YAHOTYN, UP","    0",",,I",,,,,,,,
"UPM00033356","1963-12-16","50.217","31.8","128.0","YAHOTYN, UP","    5",",,I",,,,,,,,
"UPM00033356","1963-12-17","50.217","31.8","128.0","YAHOTYN, UP","  105",",,I",,,,,,,,
"UPM00033356","1963-12-19","50.217","31.8","128.0","YAHOTYN, UP","    2",",,I",,,,,,,,
"UPM00033356","1963-12-20","50.217","31.8","128.0","YAHOTYN, UP","   70",",,I",,,,,,,,
"UPM00033356","1963-12-21","50.217","31.8","128.0","YAHOTYN, UP","   20",",,I",,,,,,,,
"UPM00033356","1963-12-22","50.217","31.8","128.0","YAHOTYN, UP","    0",",,I",,,,,,,,
"UPM00033356","1963-12-23","50.217","31.8","128.0","YAHOTYN, UP","    4",",,I",,,,,,,,
"UPM00033356","1963-12-24","50.217","31.8","128.0","YAHOTYN, UP","    0","T,,I",,,,,,,,
"UPM00033356","1963-12-25","50.217","31.8","128.0","YAHOTYN, UP","    0",",,I",,,,,,,,
"UPM00033356","1963-12-26","50.217","31.8","128.0","YAHOTYN, UP","    0",",,I",,,,,,,,
"UPM00033356","1963-12-27","50.217","31.8","128.0","YAHOTYN, UP","   33",",,I",,,,,,,,
"UPM00033356","1963-12-28","50.217","31.8","128.0","YAHOTYN, UP","    3",",,I",,,,,,,,
"UPM00033356","1963-12-29","50.217","31.8","128.0","YAHOTYN, UP","    5",",,I",,,,,,,,
"UPM00033356","1963-12-30","50.217","31.8","128.0","YAHOTYN, UP","    0","T,,I",,,,,,,,
"UPM00033356","1963-12-31","50.217","31.8","128.0","YAHOTYN, UP","    0",",,I",,,,,,,,
"UPM00033356","1964-01-11","50.217","31.8","128.0","YAHOTYN, UP","    2",",,I",,,,,,,,
"UPM00033356","1964-01-12","50.217","31.8","128.0","YAHOTYN, UP","    0",",,I",,,,,,,,
"UPM00033356","1964-01-13","50.217","31.8","128.0","YAHOTYN, UP","    0",",,I",,,,,,,,
"UPM00033356","1964-01-14","50.217","31.8","128.0","YAHOTYN, UP","    0",",,I",,,,,,,,
"UPM00033356","1964-01-15","50.217","31.8","128.0","YAHOTYN, UP","    1",",,I",,,,,,,,
"UPM00033356","1964-01-16","50.217","31.8","128.0","YAHOTYN, UP","    3",",,I",,,,,,,,
"UPM00033356","1964-01-17","50.217","31.8","128.0","YAHOTYN, UP","    5",",,I",,,,,,,,
"UPM00033356","1964-01-18","50.217","31.8","128.0","YAHOTYN, UP","    3",",,I",,,,,,,,
"UPM00033356","1964-01-19","50.217","31.8","128.0","YAHOTYN, UP","    5",",,I",,,,,,,,
"UPM00033356","1964-01-20","50.217","31.8","128.0","YAHOTYN, UP","    1",",,I",,,,,,,,
"UPM00033356","1964-01-21","50.217","31.8","128.0","YAHOTYN, UP","    0",",,I",,,,,,,,
"UPM00033356","1964-01-22","50.217","31.8","128.0","YAHOTYN, UP","   13",",,I",,,,,,,,
"UPM00033356","1964-01-23","50.217","31.8","128.0","YAHOTYN, UP","   12",",,I",,,,,,,,
"UPM00033356","1964-01-24","50.217","31.8","128.0","YAHOTYN, UP","    0",",,I",,,,,,,,
"UPM00033356","1964-01-25","50.217","31.8","128.0","YAHOTYN, UP","   22",",,I",,,,,,,,
"UPM00033356","1964-01-26","50.217","31.8","128.0","YAHOTYN, UP","   22",",,I",,,,,,,,
"UPM00033356","1964-01-27","50.217","31.8","128.0","YAHOTYN, UP","   43",",,I",,,,,,,,
"UPM00033356","1964-01-28","50.217","31.8","128.0","YAHOTYN, UP","    3",",,I",,,,,,,,
"UPM00033356","1964-01-29","50.217","31.8","128.0","YAHOTYN, UP","    0",",,I",,,,,,,,
"UPM00033356","1964-01-30","50.217","31.8","128.0","YAHOTYN, UP","    0",",,I",,,,,,,,
"UPM00033356","1964-01-31","50.217","31.8","128.0","YAHOTYN, UP","    0",",,I",,,,,,,,
"UPM00033356","1964-02-01","50.217","31.8","128.0","YAHOTYN, UP","    0",",,I",,,,,,,,
"UPM00033356","1964-02-02","50.217","31.8","128.0","YAHOTYN, UP","    2",",,I",,,,,,,,
"UPM00033356","1964-02-03","50.217","31.8","128.0","YAHOTYN, UP","    1",",,I",,,,,,,,
"UPM00033356","1964-02-04","50.217","31.8","128.0","YAHOTYN, UP","    1",",,I",,,,,,,,
"UPM00033356","1964-02-05","50.217","31.8","128.0","YAHOTYN, UP","   10",",,I",,,,,,,,
"UPM00033356","1964-02-06","50.217","31.8","128.0","YAHOTYN, UP","   17",",,I",,,,,,,,
"UPM00033356","1964-02-07","50.217","31.8","128.0","YAHOTYN, UP","    0",",,I",,,,,,,,
"UPM00033356","1964-02-08","50.217","31.8","128.0","YAHOTYN, UP","   12",",,I",,,,,,,,
"UPM00033356","1964-02-09","50.217","31.8","128.0","YAHOTYN, UP","    0","T,,I",,,,,,,,
"UPM00033356","1964-02-10","50.217","31.8","128.0","YAHOTYN, UP","    0",",,I",,,,,,,,
"UPM00033356","1964-02-11","50.217","31.8","128.0","YAHOTYN, UP","    3",",,I",,,,,,,,
"UPM00033356","1964-02-12","50.217","31.8","128.0","YAHOTYN, UP","   22",",,I",,,,,,,,
"UPM00033356","1964-02-13","50.217","31.8","128.0","YAHOTYN, UP","    8",",,I",,,,,,,,
"UPM00033356","1964-02-14","50.217","31.8","128.0","YAHOTYN, UP","   13",",,I",,,,,,,,
"UPM00033356","1964-02-15","50.217","31.8","128.0","YAHOTYN, UP","    4",",,I",,,,,,,,
"UPM00033356","1964-02-16","50.217","31.8","128.0","YAHOTYN, UP","    0",",,I",,,,,,,,
"UPM00033356","1964-02-17","50.217","31.8","128.0","YAHOTYN, UP","    0",",,I",,,,,,,,
"UPM00033356","1964-02-18","50.217","31.8","128.0","YAHOTYN, UP","    0",",,I",,,,,,,,
"UPM00033356","1964-02-19","50.217","31.8","128.0","YAHOTYN, UP","   14",",,I",,,,,,,,
"UPM00033356","1964-02-21","50.217","31.8","128.0","YAHOTYN, UP","    0",",,I",,,,,,,,
"UPM00033356","1964-02-22","50.217","31.8","128.0","YAHOTYN, UP","    2",",,I",,,,,,,,
"UPM00033356","1964-02-23","50.217","31.8","128.0","YAHOTYN, UP","    3",",,I",,,,,,,,
"UPM00033356","1964-02-24","50.217","31.8","128.0","YAHOTYN, UP","    0",",,I",,,,,,,,
"UPM00033356","1964-02-25","50.217","31.8","128.0","YAHOTYN, UP","    0",",,I",,,,,,,,
"UPM00033356","1964-02-26","50.217","31.8","128.0","YAHOTYN, UP","    0",",,I",,,,,,,,
"UPM00033356","1964-02-27","50.217","31.8","128.0","YAHOTYN, UP","    4",",,I",,,,,,,,
"UPM00033356","1964-02-28","50.217","31.8","128.0","YAHOTYN, UP","    1",",,I",,,,,,,,
"UPM00033356","1964-02-29","50.217","31.8","128.0","YAHOTYN, UP","    4",",,I",,,,,,,,
"UPM00033356","1964-03-02","50.217","31.8","128.0","YAHOTYN, UP","   13",",,I",,,,,,,,
"UPM00033356","1964-03-03","50.217","31.8","128.0","YAHOTYN, UP","   23",",,I",,,,,,,,
"UPM00033356","1964-03-04","50.217","31.8","128.0","YAHOTYN, UP","   10",",,I",,,,,,,,
"UPM00033356","1964-03-05","50.217","31.8","128.0","YAHOTYN, UP","    4",",,I",,,,,,,,
"UPM00033356","1964-03-06","50.217","31.8","128.0","YAHOTYN, UP","    0","T,,I",,,,,,,,
"UPM00033356","1964-03-07","50.217","31.8","128.0","YAHOTYN, UP","    0",",,I",,,,,,,,
"UPM00033356","1964-03-08","50.217","31.8","128.0","YAHOTYN, UP","    0",",,I",,,,,,,,
"UPM00033356","1964-03-09","50.217","31.8","128.0","YAHOTYN, UP","    0",",,I",,,,,,,,
"UPM00033356","1964-03-10","50.217","31.8","128.0","YAHOTYN, UP","    3",",,I",,,,,,,,
"UPM00033356","1964-03-11","50.217","31.8","128.0","YAHOTYN, UP","    0",",,I",,,,,,,,
"UPM00033356","1964-03-12","50.217","31.8","128.0","YAHOTYN, UP","    1",",,I",,,,,,,,
"UPM00033356","1964-03-13","50.217","31.8","128.0","YAHOTYN, UP","    0",",,I",,,,,,,,
"UPM00033356","1964-03-14","50.217","31.8","128.0","YAHOTYN, UP","    0",",,I",,,,,,,,
"UPM00033356","1964-03-15","50.217","31.8","128.0","YAHOTYN, UP","    9",",,I",,,,,,,,
"UPM00033356","1964-03-16","50.217","31.8","128.0","YAHOTYN, UP","   26",",,I",,,,,,,,
"UPM00033356","1964-03-17","50.217","31.8","128.0","YAHOTYN, UP","   32",",,I",,,,,,,,
"UPM00033356","1964-03-18","50.217","31.8","128.0","YAHOTYN, UP","   28",",,I",,,,,,,,
"UPM00033356","1964-03-19","50.217","31.8","128.0","YAHOTYN, UP","    0",",,I",,,,,,,,
"UPM00033356","1964-03-20","50.217","31.8","128.0","YAHOTYN, UP","    0",",,I",,,,,,,,
"UPM00033356","1964-03-21","50.217","31.8","128.0","YAHOTYN, UP","    0",",,I",,,,,,,,
"UPM00033356","1964-03-22","50.217","31.8","128.0","YAHOTYN, UP","   40",",,I",,,,,,,,
"UPM00033356","1964-03-23","50.217","31.8","128.0","YAHOTYN, UP","   73",",,I",,,,,,,,
"UPM00033356","1964-03-24","50.217","31.8","128.0","YAHOTYN, UP","   25",",,I",,,,,,,,
"UPM00033356","1964-03-25","50.217","31.8","128.0","YAHOTYN, UP","    0",",,I",,,,,,,,
"UPM00033356","1964-03-26","50.217","31.8","128.0","YAHOTYN, UP","   31",",,I",,,,,,,,
"UPM00033356","1964-03-27","50.217","31.8","128.0","YAHOTYN, UP","    0",",,I",,,,,,,,
"UPM00033356","1964-03-28","50.217","31.8","128.0","YAHOTYN, UP","    0",",,I",,,,,,,,
"UPM00033356","1964-03-29","50.217","31.8","128.0","YAHOTYN, UP","    0",",,I",,,,,,,,
"UPM00033356","1964-03-30","50.217","31.8","128.0","YAHOTYN, UP","   15",",,I",,,,,,,,
"UPM00033356","1964-03-31","50.217","31.8","128.0","YAHOTYN, UP","    2",",,I",,,,,,,,
"UPM00033356","1964-04-01","50.217","31.8","128.0","YAHOTYN, UP","    0",",,I",,,,,,,,
"UPM00033356","1964-04-02","50.217","31.8","128.0","YAHOTYN, UP","    0",",,I",,,,,,,,
"UPM00033356","1964-04-03","50.217","31.8","128.0","YAHOTYN, UP","    1",",,I",,,,,,,,
"UPM00033356","1964-04-04","50.217","31.8","128.0","YAHOTYN, UP","    0",",,I",,,,,,,,
"UPM00033356","1964-04-05","50.217","31.8","128.0","YAHOTYN, UP","    0",",,I",,,,,,,,
"UPM00033356","1964-04-06","50.217","31.8","128.0","YAHOTYN, UP","   43",",,I",,,,,,,,
"UPM00033356","1964-04-07","50.217","31.8","128.0","YAHOTYN, UP","   23",",,I",,,,,,,,
"UPM00033356","1964-04-08","50.217","31.8","128.0","YAHOTYN, UP","    0",",,I",,,,,,,,
"UPM00033356","1964-04-09","50.217","31.8","128.0","YAHOTYN, UP","    0",",,I",,,,,,,,
"UPM00033356","1964-04-10","50.217","31.8","128.0","YAHOTYN, UP","    0",",,I",,,,,,,,
"UPM00033356","1964-04-11","50.217","31.8","128.0","YAHOTYN, UP","    0",",,I",,,,,,,,
"UPM00033356","1964-04-12","50.217","31.8","128.0","YAHOTYN, UP","    0",",,I",,,,,,,,
"UPM00033356","1964-04-13","50.217","31.8","128.0","YAHOTYN, UP","    4",",,I",,,,,,,,
"UPM00033356","1964-04-14","50.217","31.8","128.0","YAHOTYN, UP","   23",",,I",,,,,,,,
"UPM00033356","1964-04-15","50.217","31.8","128.0","YAHOTYN, UP","   23",",,I",,,,,,,,
"UPM00033356","1964-04-16","50.217","31.8","128.0","YAHOTYN, UP","  298",",,I",,,,,,,,
"UPM00033356","1964-04-17","50.217","31.8","128.0","YAHOTYN, UP","   88",",,I",,,,,,,,
"UPM00033356","1964-04-18","50.217","31.8","128.0","YAHOTYN, UP","    0",",,I",,,,,,,,
"UPM00033356","1964-04-19","50.217","31.8","128.0","YAHOTYN, UP","    0",",,I",,,,,,,,
"UPM00033356","1964-04-20","50.217","31.8","128.0","YAHOTYN, UP","    0",",,I",,,,,,,,
"UPM00033356","1964-04-21","50.217","31.8","128.0","YAHOTYN, UP","    0",",,I",,,,,,,,
"UPM00033356","1964-04-22","50.217","31.8","128.0","YAHOTYN, UP","    0",",,I",,,,,,,,
"UPM00033356","1964-04-23","50.217","31.8","128.0","YAHOTYN, UP","    0",",,I",,,,,,,,
"UPM00033356","1964-04-24","50.217","31.8","128.0","YAHOTYN, UP","    0",",,I",,,,,,,,
"UPM00033356","1964-04-25","50.217","31.8","128.0","YAHOTYN, UP","    0",",,I",,,,,,,,
"UPM00033356","1964-04-26","50.217","31.8","128.0","YAHOTYN, UP","    0",",,I",,,,,,,,
"UPM00033356","1964-04-27","50.217","31.8","128.0","YAHOTYN, UP","    0",",,I",,,,,,,,
"UPM00033356","1964-04-28","50.217","31.8","128.0","YAHOTYN, UP","    0",",,I",,,,,,,,
"UPM00033356","1964-04-29","50.217","31.8","128.0","YAHOTYN, UP","    0",",,I",,,,,,,,
"UPM00033356","1964-04-30","50.217","31.8","128.0","YAHOTYN, UP","    0",",,I",,,,,,,,
"UPM00033356","1964-05-01","50.217","31.8","128.0","YAHOTYN, UP","    0",",,I",,,,,,,,
"UPM00033356","1964-05-02","50.217","31.8","128.0","YAHOTYN, UP","  135",",,I",,,,,,,,
"UPM00033356","1964-05-03","50.217","31.8","128.0","YAHOTYN, UP","   20",",,I",,,,,,,,
"UPM00033356","1964-05-04","50.217","31.8","128.0","YAHOTYN, UP","    0",",,I",,,,,,,,
"UPM00033356","1964-05-05","50.217","31.8","128.0","YAHOTYN, UP","   18",",,I",,,,,,,,
"UPM00033356","1964-05-06","50.217","31.8","128.0","YAHOTYN, UP","    4",",,I",,,,,,,,
"UPM00033356","1964-05-07","50.217","31.8","128.0","YAHOTYN, UP","    0",",,I",,,,,,,,
"UPM00033356","1964-05-08","50.217","31.8","128.0","YAHOTYN, UP","    0",",,I",,,,,,,,
"UPM00033356","1964-05-09","50.217","31.8","128.0","YAHOTYN, UP","    0",",,I",,,,,,,,
"UPM00033356","1964-05-10","50.217","31.8","128.0","YAHOTYN, UP","    0",",,I",,,,,,,,
"UPM00033356","1964-05-11","50.217","31.8","128.0","YAHOTYN, UP","    0",",,I",,,,,,,,
"UPM00033356","1964-05-12","50.217","31.8","128.0","YAHOTYN, UP","    7",",,I",,,,,,,,
"UPM00033356","1964-05-13","50.217","31.8","128.0","YAHOTYN, UP","    0",",,I",,,,,,,,
"UPM00033356","1964-05-14","50.217","31.8","128.0","YAHOTYN, UP","    0",",,I",,,,,,,,
"UPM00033356","1964-05-15","50.217","31.8","128.0","YAHOTYN, UP","    0",",,I",,,,,,,,
"UPM00033356","1964-05-16","50.217","31.8","128.0","YAHOTYN, UP","   34",",,I",,,,,,,,
"UPM00033356","1964-05-17","50.217","31.8","128.0","YAHOTYN, UP","    0",",,I",,,,,,,,
"UPM00033356","1964-05-18","50.217","31.8","128.0","YAHOTYN, UP","    0",",,I",,,,,,,,
"UPM00033356","1964-05-19","50.217","31.8","128.0","YAHOTYN, UP","    0",",,I",,,,,,,,
"UPM00033356","1964-05-20","50.217","31.8","128.0","YAHOTYN, UP","    1",",,I",,,,,,,,
"UPM00033356","1964-05-21","50.217","31.8","128.0","YAHOTYN, UP","    0",",,I",,,,,,,,
"UPM00033356","1964-05-22","50.217","31.8","128.0","YAHOTYN, UP","    0",",,I",,,,,,,,
"UPM00033356","1964-05-23","50.217","31.8","128.0","YAHOTYN, UP","    0",",,I",,,,,,,,
"UPM00033356","1964-05-24","50.217","31.8","128.0","YAHOTYN, UP","    0","T,,I",,,,,,,,
"UPM00033356","1964-05-25","50.217","31.8","128.0","YAHOTYN, UP","   20",",,I",,,,,,,,
"UPM00033356","1964-05-26","50.217","31.8","128.0","YAHOTYN, UP","   11",",,I",,,,,,,,
"UPM00033356","1964-05-27","50.217","31.8","128.0","YAHOTYN, UP","   29",",,I",,,,,,,,
"UPM00033356","1964-05-28","50.217","31.8","128.0","YAHOTYN, UP","  119",",,I",,,,,,,,
"UPM00033356","1964-05-29","50.217","31.8","128.0","YAHOTYN, UP","    9",",,I",,,,,,,,
"UPM00033356","1964-05-30","50.217","31.8","128.0","YAHOTYN, UP","    0",",,I",,,,,,,,
"UPM00033356","1964-05-31","50.217","31.8","128.0","YAHOTYN, UP","    0",",,I",,,,,,,,
"UPM00033356","1964-06-01","50.217","31.8","128.0","YAHOTYN, UP","    7",",,I",,,,,,,,
"UPM00033356","1964-06-02","50.217","31.8","128.0","YAHOTYN, UP","  135",",,I",,,,,,,,
"UPM00033356","1964-06-03","50.217","31.8","128.0","YAHOTYN, UP","    1",",,I",,,,,,,,
"UPM00033356","1964-06-04","50.217","31.8","128.0","YAHOTYN, UP","   17",",,I",,,,,,,,
"UPM00033356","1964-06-05","50.217","31.8","128.0","YAHOTYN, UP","    0",",,I",,,,,,,,
"UPM00033356","1964-06-06","50.217","31.8","128.0","YAHOTYN, UP","    0",",,I",,,,,,,,
"UPM00033356","1964-06-07","50.217","31.8","128.0","YAHOTYN, UP","    0",",,I",,,,,,,,
"UPM00033356","1964-06-08","50.217","31.8","128.0","YAHOTYN, UP","    0",",,I",,,,,,,,
"UPM00033356","1964-06-09","50.217","31.8","128.0","YAHOTYN, UP","    0",",,I",,,,,,,,
"UPM00033356","1964-06-10","50.217","31.8","128.0","YAHOTYN, UP","    0",",,I",,,,,,,,
"UPM00033356","1964-06-11","50.217","31.8","128.0","YAHOTYN, UP","    0",",,I",,,,,,,,
"UPM00033356","1964-06-12","50.217","31.8","128.0","YAHOTYN, UP","    0",",,I",,,,,,,,
"UPM00033356","1964-06-13","50.217","31.8","128.0","YAHOTYN, UP","    0",",,I",,,,,,,,
"UPM00033356","1964-06-14","50.217","31.8","128.0","YAHOTYN, UP","    0",",,I",,,,,,,,
"UPM00033356","1964-06-15","50.217","31.8","128.0","YAHOTYN, UP","    0",",,I",,,,,,,,
"UPM00033356","1964-06-16","50.217","31.8","128.0","YAHOTYN, UP","    0",",,I",,,,,,,,
"UPM00033356","1964-06-17","50.217","31.8","128.0","YAHOTYN, UP","    0",",,I",,,,,,,,
"UPM00033356","1964-06-18","50.217","31.8","128.0","YAHOTYN, UP","    0",",,I",,,,,,,,
"UPM00033356","1964-06-19","50.217","31.8","128.0","YAHOTYN, UP","    0",",,I",,,,,,,,
"UPM00033356","1964-06-20","50.217","31.8","128.0","YAHOTYN, UP","    0",",,I",,,,,,,,
"UPM00033356","1964-06-21","50.217","31.8","128.0","YAHOTYN, UP","    0",",,I",,,,,,,,
"UPM00033356","1964-06-22","50.217","31.8","128.0","YAHOTYN, UP","    0",",,I",,,,,,,,
"UPM00033356","1964-06-23","50.217","31.8","128.0","YAHOTYN, UP","    0",",,I",,,,,,,,
"UPM00033356","1964-06-24","50.217","31.8","128.0","YAHOTYN, UP","    0",",,I",,,,,,,,
"UPM00033356","1964-06-25","50.217","31.8","128.0","YAHOTYN, UP","    0",",,I",,,,,,,,
"UPM00033356","1964-06-27","50.217","31.8","128.0","YAHOTYN, UP","    0",",,I",,,,,,,,
"UPM00033356","1964-06-28","50.217","31.8","128.0","YAHOTYN, UP","    0",",,I",,,,,,,,
"UPM00033356","1964-06-29","50.217","31.8","128.0","YAHOTYN, UP","    0",",,I",,,,,,,,
"UPM00033356","1964-06-30","50.217","31.8","128.0","YAHOTYN, UP","    0",",,I",,,,,,,,
"UPM00033356","1964-07-01","50.217","31.8","128.0","YAHOTYN, UP","    1",",,I",,,,,,,,
"UPM00033356","1964-07-02","50.217","31.8","128.0","YAHOTYN, UP","  286",",,I",,,,,,,,
"UPM00033356","1964-07-03","50.217","31.8","128.0","YAHOTYN, UP","  119",",,I",,,,,,,,
"UPM00033356","1964-07-04","50.217","31.8","128.0","YAHOTYN, UP","   46",",,I",,,,,,,,
"UPM00033356","1964-07-05","50.217","31.8","128.0","YAHOTYN, UP","    0",",,I",,,,,,,,
"UPM00033356","1964-07-06","50.217","31.8","128.0","YAHOTYN, UP","    0",",,I",,,,,,,,
"UPM00033356","1964-07-07","50.217","31.8","128.0","YAHOTYN, UP","  141",",,I",,,,,,,,
"UPM00033356","1964-07-08","50.217","31.8","128.0","YAHOTYN, UP","    0",",,I",,,,,,,,
"UPM00033356","1964-07-09","50.217","31.8","128.0","YAHOTYN, UP","    0",",,I",,,,,,,,
"UPM00033356","1964-07-10","50.217","31.8","128.0","YAHOTYN, UP","    0",",,I",,,,,,,,
"UPM00033356","1964-07-11","50.217","31.8","128.0","YAHOTYN, UP","    0",",,I",,,,,,,,
"UPM00033356","1964-07-12","50.217","31.8","128.0","YAHOTYN, UP","   71",",,I",,,,,,,,
"UPM00033356","1964-07-13","50.217","31.8","128.0","YAHOTYN, UP","  146",",,I",,,,,,,,
"UPM00033356","1964-07-14","50.217","31.8","128.0","YAHOTYN, UP","  227",",,I",,,,,,,,
"UPM00033356","1964-07-15","50.217","31.8","128.0","YAHOTYN, UP","    6",",,I",,,,,,,,
"UPM00033356","1964-07-16","50.217","31.8","128.0","YAHOTYN, UP","   48",",,I",,,,,,,,
"UPM00033356","1964-07-17","50.217","31.8","128.0","YAHOTYN, UP","    0","T,,I",,,,,,,,
"UPM00033356","1964-07-18","50.217","31.8","128.0","YAHOTYN, UP","    0",",,I",,,,,,,,
"UPM00033356","1964-07-19","50.217","31.8","128.0","YAHOTYN, UP","    0",",,I",,,,,,,,
"UPM00033356","1964-07-20","50.217","31.8","128.0","YAHOTYN, UP","    0",",,I",,,,,,,,
"UPM00033356","1964-07-21","50.217","31.8","128.0","YAHOTYN, UP","    0",",,I",,,,,,,,
"UPM00033356","1964-07-22","50.217","31.8","128.0","YAHOTYN, UP","    0",",,I",,,,,,,,
"UPM00033356","1964-07-23","50.217","31.8","128.0","YAHOTYN, UP","   25",",,I",,,,,,,,
"UPM00033356","1964-07-24","50.217","31.8","128.0","YAHOTYN, UP","  139",",,I",,,,,,,,
"UPM00033356","1964-07-25","50.217","31.8","128.0","YAHOTYN, UP","   78",",,I",,,,,,,,
"UPM00033356","1964-07-26","50.217","31.8","128.0","YAHOTYN, UP","    0",",,I",,,,,,,,
"UPM00033356","1964-07-27","50.217","31.8","128.0","YAHOTYN, UP","    0",",,I",,,,,,,,
"UPM00033356","1964-07-28","50.217","31.8","128.0","YAHOTYN, UP","    0",",,I",,,,,,,,
"UPM00033356","1964-07-29","50.217","31.8","128.0","YAHOTYN, UP","    0",",,I",,,,,,,,
"UPM00033356","1964-07-30","50.217","31.8","128.0","YAHOTYN, UP","    0",",,I",,,,,,,,
"UPM00033356","1964-08-01","50.217","31.8","128.0","YAHOTYN, UP","    0",",,I",,,,,,,,
"UPM00033356","1964-08-03","50.217","31.8","128.0","YAHOTYN, UP","  340",",,I",,,,,,,,
"UPM00033356","1964-08-04","50.217","31.8","128.0","YAHOTYN, UP","   23",",,I",,,,,,,,
"UPM00033356","1964-08-05","50.217","31.8","128.0","YAHOTYN, UP","    3",",,I",,,,,,,,
"UPM00033356","1964-08-06","50.217","31.8","128.0","YAHOTYN, UP","    0","T,,I",,,,,,,,
"UPM00033356","1964-08-07","50.217","31.8","128.0","YAHOTYN, UP","   59",",,I",,,,,,,,
"UPM00033356","1964-08-08","50.217","31.8","128.0","YAHOTYN, UP","    0",",,I",,,,,,,,
"UPM00033356","1964-08-09","50.217","31.8","128.0","YAHOTYN, UP","    0",",,I",,,,,,,,
"UPM00033356","1964-08-10","50.217","31.8","128.0","YAHOTYN, UP","    0",",,I",,,,,,,,
"UPM00033356","1964-08-11","50.217","31.8","128.0","YAHOTYN, UP","    0",",,I",,,,,,,,
"UPM00033356","1964-08-12","50.217","31.8","128.0","YAHOTYN, UP","    0",",,I",,,,,,,,
"UPM00033356","1964-08-13","50.217","31.8","128.0","YAHOTYN, UP","    8",",,I",,,,,,,,
"UPM00033356","1964-08-14","50.217","31.8","128.0","YAHOTYN, UP","   44",",,I",,,,,,,,
"UPM00033356","1964-08-15","50.217","31.8","128.0","YAHOTYN, UP","   39",",,I",,,,,,,,
"UPM00033356","1964-08-16","50.217","31.8","128.0","YAHOTYN, UP","    7",",,I",,,,,,,,
"UPM00033356","1964-08-17","50.217","31.8","128.0","YAHOTYN, UP","    0",",,I",,,,,,,,
"UPM00033356","1964-08-18","50.217","31.8","128.0","YAHOTYN, UP","    0",",,I",,,,,,,,
"UPM00033356","1964-08-19","50.217","31.8","128.0","YAHOTYN, UP","    0",",,I",,,,,,,,
"UPM00033356","1964-08-20","50.217","31.8","128.0","YAHOTYN, UP","    0",",,I",,,,,,,,
"UPM00033356","1964-08-21","50.217","31.8","128.0","YAHOTYN, UP","    4",",,I",,,,,,,,
"UPM00033356","1964-08-22","50.217","31.8","128.0","YAHOTYN, UP","    0",",,I",,,,,,,,
"UPM00033356","1964-08-23","50.217","31.8","128.0","YAHOTYN, UP","    0",",,I",,,,,,,,
"UPM00033356","1964-08-24","50.217","31.8","128.0","YAHOTYN, UP","   88",",,I",,,,,,,,
"UPM00033356","1964-08-25","50.217","31.8","128.0","YAHOTYN, UP","   47",",,I",,,,,,,,
"UPM00033356","1964-08-26","50.217","31.8","128.0","YAHOTYN, UP","    0",",,I",,,,,,,,
"UPM00033356","1964-08-27","50.217","31.8","128.0","YAHOTYN, UP","    0",",,I",,,,,,,,
"UPM00033356","1964-08-28","50.217","31.8","128.0","YAHOTYN, UP","    0",",,I",,,,,,,,
"UPM00033356","1964-08-29","50.217","31.8","128.0","YAHOTYN, UP","    0",",,I",,,,,,,,
"UPM00033356","1964-08-30","50.217","31.8","128.0","YAHOTYN, UP","    0",",,I",,,,,,,,
"UPM00033356","1964-08-31","50.217","31.8","128.0","YAHOTYN, UP","    0",",,I",,,,,,,,
"UPM00033356","1964-09-01","50.217","31.8","128.0","YAHOTYN, UP","    2",",,I",,,,,,,,
"UPM00033356","1964-09-02","50.217","31.8","128.0","YAHOTYN, UP","    0",",,I",,,,,,,,
"UPM00033356","1964-09-04","50.217","31.8","128.0","YAHOTYN, UP","    0",",,I",,,,,,,,
"UPM00033356","1964-09-05","50.217","31.8","128.0","YAHOTYN, UP","    0",",,I",,,,,,,,
"UPM00033356","1964-09-06","50.217","31.8","128.0","YAHOTYN, UP","    0",",,I",,,,,,,,
"UPM00033356","1964-09-07","50.217","31.8","128.0","YAHOTYN, UP","    0",",,I",,,,,,,,
"UPM00033356","1964-09-08","50.217","31.8","128.0","YAHOTYN, UP","   52",",,I",,,,,,,,
"UPM00033356","1964-09-09","50.217","31.8","128.0","YAHOTYN, UP","   32",",,I",,,,,,,,
"UPM00033356","1964-09-10","50.217","31.8","128.0","YAHOTYN, UP","    0",",,I",,,,,,,,
"UPM00033356","1964-09-11","50.217","31.8","128.0","YAHOTYN, UP","    0",",,I",,,,,,,,
"UPM00033356","1964-09-12","50.217","31.8","128.0","YAHOTYN, UP","    0",",,I",,,,,,,,
"UPM00033356","1964-09-13","50.217","31.8","128.0","YAHOTYN, UP","    4",",,I",,,,,,,,
"UPM00033356","1964-09-14","50.217","31.8","128.0","YAHOTYN, UP","    0",",,I",,,,,,,,
"UPM00033356","1964-09-15","50.217","31.8","128.0","YAHOTYN, UP","    0",",,I",,,,,,,,
"UPM00033356","1964-09-16","50.217","31.8","128.0","YAHOTYN, UP","    0",",,I",,,,,,,,
"UPM00033356","1964-09-17","50.217","31.8","128.0","YAHOTYN, UP","    0",",,I",,,,,,,,
"UPM00033356","1964-09-18","50.217","31.8","128.0","YAHOTYN, UP","    0",",,I",,,,,,,,
"UPM00033356","1964-09-19","50.217","31.8","128.0","YAHOTYN, UP","    0","T,,I",,,,,,,,
"UPM00033356","1964-09-20","50.217","31.8","128.0","YAHOTYN, UP","    0",",,I",,,,,,,,
"UPM00033356","1964-09-22","50.217","31.8","128.0","YAHOTYN, UP","    0",",,I",,,,,,,,
"UPM00033356","1964-09-23","50.217","31.8","128.0","YAHOTYN, UP","    0",",,I",,,,,,,,
"UPM00033356","1964-09-24","50.217","31.8","128.0","YAHOTYN, UP","    0",",,I",,,,,,,,
"UPM00033356","1964-09-25","50.217","31.8","128.0","YAHOTYN, UP","    0","T,,I",,,,,,,,
"UPM00033356","1964-09-26","50.217","31.8","128.0","YAHOTYN, UP","    0",",,I",,,,,,,,
"UPM00033356","1964-09-27","50.217","31.8","128.0","YAHOTYN, UP","    0",",,I",,,,,,,,
"UPM00033356","1964-09-28","50.217","31.8","128.0","YAHOTYN, UP","    0",",,I",,,,,,,,
"UPM00033356","1964-09-29","50.217","31.8","128.0","YAHOTYN, UP","    0",",,I",,,,,,,,
"UPM00033356","1964-09-30","50.217","31.8","128.0","YAHOTYN, UP","    0","T,,I",,,,,,,,
"UPM00033356","1964-10-01","50.217","31.8","128.0","YAHOTYN, UP","    0",",,I",,,,,,,,
"UPM00033356","1964-10-02","50.217","31.8","128.0","YAHOTYN, UP","    0",",,I",,,,,,,,
"UPM00033356","1964-10-04","50.217","31.8","128.0","YAHOTYN, UP","    0",",,I",,,,,,,,
"UPM00033356","1964-10-05","50.217","31.8","128.0","YAHOTYN, UP","    0",",,I",,,,,,,,
"UPM00033356","1964-10-06","50.217","31.8","128.0","YAHOTYN, UP","    0",",,I",,,,,,,,
"UPM00033356","1964-10-07","50.217","31.8","128.0","YAHOTYN, UP","    0",",,I",,,,,,,,
"UPM00033356","1964-10-08","50.217","31.8","128.0","YAHOTYN, UP","    0",",,I",,,,,,,,
"UPM00033356","1964-10-09","50.217","31.8","128.0","YAHOTYN, UP","    0",",,I",,,,,,,,
"UPM00033356","1964-10-10","50.217","31.8","128.0","YAHOTYN, UP","   88",",,I",,,,,,,,
"UPM00033356","1964-10-11","50.217","31.8","128.0","YAHOTYN, UP","    1",",,I",,,,,,,,
"UPM00033356","1964-10-12","50.217","31.8","128.0","YAHOTYN, UP","    0","T,,I",,,,,,,,
"UPM00033356","1964-10-13","50.217","31.8","128.0","YAHOTYN, UP","    0",",,I",,,,,,,,
"UPM00033356","1964-10-16","50.217","31.8","128.0","YAHOTYN, UP","   16",",,I",,,,,,,,
"UPM00033356","1964-10-17","50.217","31.8","128.0","YAHOTYN, UP","    0",",,I",,,,,,,,
"UPM00033356","1964-10-18","50.217","31.8","128.0","YAHOTYN, UP","  103",",,I",,,,,,,,
"UPM00033356","1964-10-19","50.217","31.8","128.0","YAHOTYN, UP","  105",",,I",,,,,,,,
"UPM00033356","1964-10-20","50.217","31.8","128.0","YAHOTYN, UP","    0",",,I",,,,,,,,
"UPM00033356","1964-10-22","50.217","31.8","128.0","YAHOTYN, UP","    5",",,I",,,,,,,,
"UPM00033356","1964-10-23","50.217","31.8","128.0","YAHOTYN, UP","   41",",,I",,,,,,,,
"UPM00033356","1964-10-24","50.217","31.8","128.0","YAHOTYN, UP","   28",",,I",,,,,,,,
"UPM00033356","1964-10-25","50.217","31.8","128.0","YAHOTYN, UP","    0",",,I",,,,,,,,
"UPM00033356","1964-10-27","50.217","31.8","128.0","YAHOTYN, UP","    0",",,I",,,,,,,,
"UPM00033356","1964-10-28","50.217","31.8","128.0","YAHOTYN, UP","    0",",,I",,,,,,,,
"UPM00033356","1964-10-29","50.217","31.8","128.0","YAHOTYN, UP","    0",",,I",,,,,,,,
"UPM00033356","1964-10-30","50.217","31.8","128.0","YAHOTYN, UP","    0",",,I",,,,,,,,
"UPM00033356","1964-10-31","50.217","31.8","128.0","YAHOTYN, UP","    0","T,,I",,,,,,,,
"UPM00033356","1964-11-01","50.217","31.8","128.0","YAHOTYN, UP","    2",",,I",,,,,,,,
"UPM00033356","1964-11-02","50.217","31.8","128.0","YAHOTYN, UP","    3",",,I",,,,,,,,
"UPM00033356","1964-11-03","50.217","31.8","128.0","YAHOTYN, UP","    0",",,I",,,,,,,,
"UPM00033356","1964-11-04","50.217","31.8","128.0","YAHOTYN, UP","    1",",,I",,,,,,,,
"UPM00033356","1964-11-05","50.217","31.8","128.0","YAHOTYN, UP","    2",",,I",,,,,,,,
"UPM00033356","1964-11-06","50.217","31.8","128.0","YAHOTYN, UP","    0",",,I",,,,,,,,
"UPM00033356","1964-11-07","50.217","31.8","128.0","YAHOTYN, UP","    0",",,I",,,,,,,,
"UPM00033356","1964-11-08","50.217","31.8","128.0","YAHOTYN, UP","    0","T,,I",,,,,,,,
"UPM00033356","1964-11-09","50.217","31.8","128.0","YAHOTYN, UP","    0",",,I",,,,,,,,
"UPM00033356","1964-11-10","50.217","31.8","128.0","YAHOTYN, UP","    0",",,I",,,,,,,,
"UPM00033356","1964-11-12","50.217","31.8","128.0","YAHOTYN, UP","    0",",,I",,,,,,,,
"UPM00033356","1964-11-13","50.217","31.8","128.0","YAHOTYN, UP","    4",",,I",,,,,,,,
"UPM00033356","1964-11-14","50.217","31.8","128.0","YAHOTYN, UP","   75",",,I",,,,,,,,
"UPM00033356","1964-11-15","50.217","31.8","128.0","YAHOTYN, UP","    3",",,I",,,,,,,,
"UPM00033356","1964-11-16","50.217","31.8","128.0","YAHOTYN, UP","    0",",,I",,,,,,,,
"UPM00033356","1964-11-17","50.217","31.8","128.0","YAHOTYN, UP","   38",",,I",,,,,,,,
"UPM00033356","1964-11-18","50.217","31.8","128.0","YAHOTYN, UP","   20",",,I",,,,,,,,
"UPM00033356","1964-11-19","50.217","31.8","128.0","YAHOTYN, UP","    0",",,I",,,,,,,,
"UPM00033356","1964-11-20","50.217","31.8","128.0","YAHOTYN, UP","    6",",,I",,,,,,,,
"UPM00033356","1964-11-21","50.217","31.8","128.0","YAHOTYN, UP","    0",",,I",,,,,,,,
"UPM00033356","1964-11-22","50.217","31.8","128.0","YAHOTYN, UP","    2",",,I",,,,,,,,
"UPM00033356","1964-11-23","50.217","31.8","128.0","YAHOTYN, UP","    0","T,,I",,,,,,,,
"UPM00033356","1964-11-25","50.217","31.8","128.0","YAHOTYN, UP","  166",",,I",,,,,,,,
"UPM00033356","1964-11-26","50.217","31.8","128.0","YAHOTYN, UP","   11",",,I",,,,,,,,
"UPM00033356","1964-11-27","50.217","31.8","128.0","YAHOTYN, UP","    0","T,,I",,,,,,,,
"UPM00033356","1964-11-28","50.217","31.8","128.0","YAHOTYN, UP","    0",",,I",,,,,,,,
"UPM00033356","1964-11-29","50.217","31.8","128.0","YAHOTYN, UP","    1",",,I",,,,,,,,
"UPM00033356","1964-11-30","50.217","31.8","128.0","YAHOTYN, UP","    4",",,I",,,,,,,,
"UPM00033356","1964-12-02","50.217","31.8","128.0","YAHOTYN, UP","   25",",,I",,,,,,,,
"UPM00033356","1964-12-03","50.217","31.8","128.0","YAHOTYN, UP","    0",",,I",,,,,,,,
"UPM00033356","1964-12-04","50.217","31.8","128.0","YAHOTYN, UP","   56",",,I",,,,,,,,
"UPM00033356","1964-12-05","50.217","31.8","128.0","YAHOTYN, UP","    2",",,I",,,,,,,,
"UPM00033356","1964-12-06","50.217","31.8","128.0","YAHOTYN, UP","   76",",,I",,,,,,,,
"UPM00033356","1964-12-07","50.217","31.8","128.0","YAHOTYN, UP","    0","T,,I",,,,,,,,
"UPM00033356","1964-12-08","50.217","31.8","128.0","YAHOTYN, UP","    3",",,I",,,,,,,,
"UPM00033356","1964-12-09","50.217","31.8","128.0","YAHOTYN, UP","    2",",,I",,,,,,,,
"UPM00033356","1964-12-10","50.217","31.8","128.0","YAHOTYN, UP","    0",",,I",,,,,,,,
"UPM00033356","1964-12-11","50.217","31.8","128.0","YAHOTYN, UP","    0",",,I",,,,,,,,
"UPM00033356","1964-12-12","50.217","31.8","128.0","YAHOTYN, UP","    0","T,,I",,,,,,,,
"UPM00033356","1964-12-13","50.217","31.8","128.0","YAHOTYN, UP","    0",",,I",,,,,,,,
"UPM00033356","1964-12-14","50.217","31.8","128.0","YAHOTYN, UP","    0",",,I",,,,,,,,
"UPM00033356","1964-12-15","50.217","31.8","128.0","YAHOTYN, UP","   29",",,I",,,,,,,,
"UPM00033356","1964-12-16","50.217","31.8","128.0","YAHOTYN, UP","    0",",,I",,,,,,,,
"UPM00033356","1964-12-17","50.217","31.8","128.0","YAHOTYN, UP","    0",",,I",,,,,,,,
"UPM00033356","1964-12-18","50.217","31.8","128.0","YAHOTYN, UP","    0","T,,I",,,,,,,,
"UPM00033356","1964-12-20","50.217","31.8","128.0","YAHOTYN, UP","   90",",,I",,,,,,,,
"UPM00033356","1964-12-21","50.217","31.8","128.0","YAHOTYN, UP","    0",",,I",,,,,,,,
"UPM00033356","1964-12-22","50.217","31.8","128.0","YAHOTYN, UP","    0","T,,I",,,,,,,,
"UPM00033356","1964-12-24","50.217","31.8","128.0","YAHOTYN, UP","   14",",,I",,,,,,,,
"UPM00033356","1964-12-25","50.217","31.8","128.0","YAHOTYN, UP","    0","T,,I",,,,,,,,
"UPM00033356","1964-12-26","50.217","31.8","128.0","YAHOTYN, UP","   10",",,I",,,,,,,,
"UPM00033356","1964-12-27","50.217","31.8","128.0","YAHOTYN, UP","  123",",,I",,,,,,,,
"UPM00033356","1964-12-28","50.217","31.8","128.0","YAHOTYN, UP","    0",",,I",,,,,,,,
"UPM00033356","1964-12-29","50.217","31.8","128.0","YAHOTYN, UP","    1",",,I",,,,,,,,
"UPM00033356","1964-12-30","50.217","31.8","128.0","YAHOTYN, UP","    1",",,I",,,,,,,,
"UPM00033356","1964-12-31","50.217","31.8","128.0","YAHOTYN, UP","    9",",,I",,,,,,,,
"UPM00033356","1965-01-01","50.217","31.8","128.0","YAHOTYN, UP","    0",",,I",,,,,,,,
"UPM00033356","1965-01-02","50.217","31.8","128.0","YAHOTYN, UP","    0",",,I",,,,,,,,
"UPM00033356","1965-01-03","50.217","31.8","128.0","YAHOTYN, UP","    0","T,,I",,,,,,,,
"UPM00033356","1965-01-04","50.217","31.8","128.0","YAHOTYN, UP","   55",",,I",,,,,,,,
"UPM00033356","1965-01-05","50.217","31.8","128.0","YAHOTYN, UP","    5",",,I",,,,,,,,
"UPM00033356","1965-01-06","50.217","31.8","128.0","YAHOTYN, UP","   22",",,I",,,,,,,,
"UPM00033356","1965-01-07","50.217","31.8","128.0","YAHOTYN, UP","    8",",,I",,,,,,,,
"UPM00033356","1965-01-08","50.217","31.8","128.0","YAHOTYN, UP","    0","T,,I",,,,,,,,
"UPM00033356","1965-01-09","50.217","31.8","128.0","YAHOTYN, UP","   20",",,I",,,,,,,,
"UPM00033356","1965-01-10","50.217","31.8","128.0","YAHOTYN, UP","   21",",,I",,,,,,,,
"UPM00033356","1965-01-11","50.217","31.8","128.0","YAHOTYN, UP","    0",",,I",,,,,,,,
"UPM00033356","1965-01-12","50.217","31.8","128.0","YAHOTYN, UP","    0",",,I",,,,,,,,
"UPM00033356","1965-01-13","50.217","31.8","128.0","YAHOTYN, UP","    0",",,I",,,,,,,,
"UPM00033356","1965-01-14","50.217","31.8","128.0","YAHOTYN, UP","    0",",,I",,,,,,,,
"UPM00033356","1965-01-15","50.217","31.8","128.0","YAHOTYN, UP","    0",",,I",,,,,,,,
"UPM00033356","1965-01-16","50.217","31.8","128.0","YAHOTYN, UP","    1",",,I",,,,,,,,
"UPM00033356","1965-01-17","50.217","31.8","128.0","YAHOTYN, UP","    0",",,I",,,,,,,,
"UPM00033356","1965-01-18","50.217","31.8","128.0","YAHOTYN, UP","    0",",,I",,,,,,,,
"UPM00033356","1965-01-19","50.217","31.8","128.0","YAHOTYN, UP","    4",",,I",,,,,,,,
"UPM00033356","1965-01-20","50.217","31.8","128.0","YAHOTYN, UP","    1",",,I",,,,,,,,
"UPM00033356","1965-01-21","50.217","31.8","128.0","YAHOTYN, UP","   18",",,I",,,,,,,,
"UPM00033356","1965-01-22","50.217","31.8","128.0","YAHOTYN, UP","    3",",,I",,,,,,,,
"UPM00033356","1965-01-23","50.217","31.8","128.0","YAHOTYN, UP","    3",",,I",,,,,,,,
"UPM00033356","1965-01-24","50.217","31.8","128.0","YAHOTYN, UP","    0",",,I",,,,,,,,
"UPM00033356","1965-01-25","50.217","31.8","128.0","YAHOTYN, UP","    0",",,I",,,,,,,,
"UPM00033356","1965-01-26","50.217","31.8","128.0","YAHOTYN, UP","    0",",,I",,,,,,,,
"UPM00033356","1965-01-27","50.217","31.8","128.0","YAHOTYN, UP","    0",",,I",,,,,,,,
"UPM00033356","1965-01-28","50.217","31.8","128.0","YAHOTYN, UP","    0",",,I",,,,,,,,
"UPM00033356","1965-01-29","50.217","31.8","128.0","YAHOTYN, UP","    0","T,,I",,,,,,,,
"UPM00033356","1965-01-30","50.217","31.8","128.0","YAHOTYN, UP","    3",",,I",,,,,,,,
"UPM00033356","1965-01-31","50.217","31.8","128.0","YAHOTYN, UP","   16",",,I",,,,,,,,
"UPM00033356","1965-02-01","50.217","31.8","128.0","YAHOTYN, UP","   96",",,I",,,,,,,,
"UPM00033356","1965-02-02","50.217","31.8","128.0","YAHOTYN, UP","    1",",,I",,,,,,,,
"UPM00033356","1965-02-03","50.217","31.8","128.0","YAHOTYN, UP","    0","T,,I",,,,,,,,
"UPM00033356","1965-02-04","50.217","31.8","128.0","YAHOTYN, UP","    2",",,I",,,,,,,,
"UPM00033356","1965-02-05","50.217","31.8","128.0","YAHOTYN, UP","   52",",,I",,,,,,,,
"UPM00033356","1965-02-06","50.217","31.8","128.0","YAHOTYN, UP","   24",",,I",,,,,,,,
"UPM00033356","1965-02-07","50.217","31.8","128.0","YAHOTYN, UP","    0",",,I",,,,,,,,
"UPM00033356","1965-02-09","50.217","31.8","128.0","YAHOTYN, UP","   14",",,I",,,,,,,,
"UPM00033356","1965-02-10","50.217","31.8","128.0","YAHOTYN, UP","    0",",,I",,,,,,,,
"UPM00033356","1965-02-11","50.217","31.8","128.0","YAHOTYN, UP","    4",",,I",,,,,,,,
"UPM00033356","1965-02-12","50.217","31.8","128.0","YAHOTYN, UP","    0","T,,I",,,,,,,,
"UPM00033356","1965-02-13","50.217","31.8","128.0","YAHOTYN, UP","    0",",,I",,,,,,,,
"UPM00033356","1965-02-14","50.217","31.8","128.0","YAHOTYN, UP","    0",",,I",,,,,,,,
"UPM00033356","1965-02-15","50.217","31.8","128.0","YAHOTYN, UP","    0",",,I",,,,,,,,
"UPM00033356","1965-02-16","50.217","31.8","128.0","YAHOTYN, UP","    0","T,,I",,,,,,,,
"UPM00033356","1965-02-17","50.217","31.8","128.0","YAHOTYN, UP","    1",",,I",,,,,,,,
"UPM00033356","1965-02-18","50.217","31.8","128.0","YAHOTYN, UP","   39",",,I",,,,,,,,
"UPM00033356","1965-02-19","50.217","31.8","128.0","YAHOTYN, UP","   27",",,I",,,,,,,,
"UPM00033356","1965-02-20","50.217","31.8","128.0","YAHOTYN, UP","    0","T,,I",,,,,,,,
"UPM00033356","1965-02-21","50.217","31.8","128.0","YAHOTYN, UP","    1",",,I",,,,,,,,
"UPM00033356","1965-02-22","50.217","31.8","128.0","YAHOTYN, UP","    8",",,I",,,,,,,,
"UPM00033356","1965-02-23","50.217","31.8","128.0","YAHOTYN, UP","    1",",,I",,,,,,,,
"UPM00033356","1965-02-24","50.217","31.8","128.0","YAHOTYN, UP","    5",",,I",,,,,,,,
"UPM00033356","1965-02-25","50.217","31.8","128.0","YAHOTYN, UP","    0",",,I",,,,,,,,
"UPM00033356","1965-02-26","50.217","31.8","128.0","YAHOTYN, UP","    0",",,I",,,,,,,,
"UPM00033356","1965-02-27","50.217","31.8","128.0","YAHOTYN, UP","    0","T,,I",,,,,,,,
"UPM00033356","1965-02-28","50.217","31.8","128.0","YAHOTYN, UP","   32",",,I",,,,,,,,
"UPM00033356","1965-03-01","50.217","31.8","128.0","YAHOTYN, UP","    0",",,I",,,,,,,,
"UPM00033356","1965-03-02","50.217","31.8","128.0","YAHOTYN, UP","    0",",,I",,,,,,,,
"UPM00033356","1965-03-03","50.217","31.8","128.0","YAHOTYN, UP","   37",",,I",,,,,,,,
"UPM00033356","1965-03-04","50.217","31.8","128.0","YAHOTYN, UP","   13",",,I",,,,,,,,
"UPM00033356","1965-03-05","50.217","31.8","128.0","YAHOTYN, UP","    0",",,I",,,,,,,,
"UPM00033356","1965-03-06","50.217","31.8","128.0","YAHOTYN, UP","    0",",,I",,,,,,,,
"UPM00033356","1965-03-07","50.217","31.8","128.0","YAHOTYN, UP","    0",",,I",,,,,,,,
"UPM00033356","1965-03-08","50.217","31.8","128.0","YAHOTYN, UP","    0",",,I",,,,,,,,
"UPM00033356","1965-03-09","50.217","31.8","128.0","YAHOTYN, UP","    0",",,I",,,,,,,,
"UPM00033356","1965-03-10","50.217","31.8","128.0","YAHOTYN, UP","   10",",,I",,,,,,,,
"UPM00033356","1965-03-11","50.217","31.8","128.0","YAHOTYN, UP","    0",",,I",,,,,,,,
"UPM00033356","1965-03-12","50.217","31.8","128.0","YAHOTYN, UP","    5",",,I",,,,,,,,
"UPM00033356","1965-03-13","50.217","31.8","128.0","YAHOTYN, UP","    0",",,I",,,,,,,,
"UPM00033356","1965-03-14","50.217","31.8","128.0","YAHOTYN, UP","    0",",,I",,,,,,,,
"UPM00033356","1965-03-15","50.217","31.8","128.0","YAHOTYN, UP","    1",",,I",,,,,,,,
"UPM00033356","1965-03-16","50.217","31.8","128.0","YAHOTYN, UP","    1",",,I",,,,,,,,
"UPM00033356","1965-03-17","50.217","31.8","128.0","YAHOTYN, UP","    0",",,I",,,,,,,,
"UPM00033356","1965-03-18","50.217","31.8","128.0","YAHOTYN, UP","    0",",,I",,,,,,,,
"UPM00033356","1965-03-19","50.217","31.8","128.0","YAHOTYN, UP","    5",",,I",,,,,,,,
"UPM00033356","1965-03-20","50.217","31.8","128.0","YAHOTYN, UP","    0",",,I",,,,,,,,
"UPM00033356","1965-03-21","50.217","31.8","128.0","YAHOTYN, UP","    0",",,I",,,,,,,,
"UPM00033356","1965-03-22","50.217","31.8","128.0","YAHOTYN, UP","    1",",,I",,,,,,,,
"UPM00033356","1965-03-23","50.217","31.8","128.0","YAHOTYN, UP","    5",",,I",,,,,,,,
"UPM00033356","1965-03-24","50.217","31.8","128.0","YAHOTYN, UP","    0",",,I",,,,,,,,
"UPM00033356","1965-03-25","50.217","31.8","128.0","YAHOTYN, UP","    0",",,I",,,,,,,,
"UPM00033356","1965-03-26","50.217","31.8","128.0","YAHOTYN, UP","   46",",,I",,,,,,,,
"UPM00033356","1965-03-27","50.217","31.8","128.0","YAHOTYN, UP","    0",",,I",,,,,,,,
"UPM00033356","1965-03-28","50.217","31.8","128.0","YAHOTYN, UP","    1",",,I",,,,,,,,
"UPM00033356","1965-03-29","50.217","31.8","128.0","YAHOTYN, UP","   22",",,I",,,,,,,,
"UPM00033356","1965-03-30","50.217","31.8","128.0","YAHOTYN, UP","    0",",,I",,,,,,,,
"UPM00033356","1965-03-31","50.217","31.8","128.0","YAHOTYN, UP","    3",",,I",,,,,,,,
"UPM00033356","1965-04-01","50.217","31.8","128.0","YAHOTYN, UP","    1",",,I",,,,,,,,
"UPM00033356","1965-04-02","50.217","31.8","128.0","YAHOTYN, UP","    6",",,I",,,,,,,,
"UPM00033356","1965-04-03","50.217","31.8","128.0","YAHOTYN, UP","    0","T,,I",,,,,,,,
"UPM00033356","1965-04-04","50.217","31.8","128.0","YAHOTYN, UP","    0",",,I",,,,,,,,
"UPM00033356","1965-04-05","50.217","31.8","128.0","YAHOTYN, UP","    0",",,I",,,,,,,,
"UPM00033356","1965-04-06","50.217","31.8","128.0","YAHOTYN, UP","    0",",,I",,,,,,,,
"UPM00033356","1965-04-07","50.217","31.8","128.0","YAHOTYN, UP","    0",",,I",,,,,,,,
"UPM00033356","1965-04-08","50.217","31.8","128.0","YAHOTYN, UP","    1",",,I",,,,,,,,
"UPM00033356","1965-04-09","50.217","31.8","128.0","YAHOTYN, UP","   16",",,I",,,,,,,,
"UPM00033356","1965-04-10","50.217","31.8","128.0","YAHOTYN, UP","    0",",,I",,,,,,,,
"UPM00033356","1965-04-11","50.217","31.8","128.0","YAHOTYN, UP","    0",",,I",,,,,,,,
"UPM00033356","1965-04-12","50.217","31.8","128.0","YAHOTYN, UP","    0",",,I",,,,,,,,
"UPM00033356","1965-04-13","50.217","31.8","128.0","YAHOTYN, UP","    0",",,I",,,,,,,,
"UPM00033356","1965-04-14","50.217","31.8","128.0","YAHOTYN, UP","    0",",,I",,,,,,,,
"UPM00033356","1965-04-15","50.217","31.8","128.0","YAHOTYN, UP","    0",",,I",,,,,,,,
"UPM00033356","1965-04-16","50.217","31.8","128.0","YAHOTYN, UP","    0",",,I",,,,,,,,
"UPM00033356","1965-04-17","50.217","31.8","128.0","YAHOTYN, UP","    0",",,I",,,,,,,,
"UPM00033356","1965-04-18","50.217","31.8","128.0","YAHOTYN, UP","    0",",,I",,,,,,,,
"UPM00033356","1965-04-19","50.217","31.8","128.0","YAHOTYN, UP","    0",",,I",,,,,,,,
"UPM00033356","1965-04-20","50.217","31.8","128.0","YAHOTYN, UP","   36",",,I",,,,,,,,
"UPM00033356","1965-04-21","50.217","31.8","128.0","YAHOTYN, UP","    0",",,I",,,,,,,,
"UPM00033356","1965-04-22","50.217","31.8","128.0","YAHOTYN, UP","   48",",,I",,,,,,,,
"UPM00033356","1965-04-23","50.217","31.8","128.0","YAHOTYN, UP","   50",",,I",,,,,,,,
"UPM00033356","1965-04-24","50.217","31.8","128.0","YAHOTYN, UP","    1",",,I",,,,,,,,
"UPM00033356","1965-04-25","50.217","31.8","128.0","YAHOTYN, UP","   74",",,I",,,,,,,,
"UPM00033356","1965-04-26","50.217","31.8","128.0","YAHOTYN, UP","    0","T,,I",,,,,,,,
"UPM00033356","1965-04-28","50.217","31.8","128.0","YAHOTYN, UP","    0",",,I",,,,,,,,
"UPM00033356","1965-04-29","50.217","31.8","128.0","YAHOTYN, UP","    0",",,I",,,,,,,,
"UPM00033356","1965-04-30","50.217","31.8","128.0","YAHOTYN, UP","  135",",,I",,,,,,,,
"UPM00033356","1965-05-01","50.217","31.8","128.0","YAHOTYN, UP","    2",",,I",,,,,,,,
"UPM00033356","1965-05-02","50.217","31.8","128.0","YAHOTYN, UP","    2",",,I",,,,,,,,
"UPM00033356","1965-05-03","50.217","31.8","128.0","YAHOTYN, UP","    4",",,I",,,,,,,,
"UPM00033356","1965-05-04","50.217","31.8","128.0","YAHOTYN, UP","   31",",,I",,,,,,,,
"UPM00033356","1965-05-05","50.217","31.8","128.0","YAHOTYN, UP","    0",",,I",,,,,,,,
"UPM00033356","1965-05-06","50.217","31.8","128.0","YAHOTYN, UP","    1",",,I",,,,,,,,
"UPM00033356","1965-05-07","50.217","31.8","128.0","YAHOTYN, UP","    0",",,I",,,,,,,,
"UPM00033356","1965-05-08","50.217","31.8","128.0","YAHOTYN, UP","    0",",,I",,,,,,,,
"UPM00033356","1965-05-09","50.217","31.8","128.0","YAHOTYN, UP","   26",",,I",,,,,,,,
"UPM00033356","1965-05-10","50.217","31.8","128.0","YAHOTYN, UP","    0","T,,I",,,,,,,,
"UPM00033356","1965-05-11","50.217","31.8","128.0","YAHOTYN, UP","    0",",,I",,,,,,,,
"UPM00033356","1965-05-12","50.217","31.8","128.0","YAHOTYN, UP","    4",",,I",,,,,,,,
"UPM00033356","1965-05-13","50.217","31.8","128.0","YAHOTYN, UP","    8",",,I",,,,,,,,
"UPM00033356","1965-05-14","50.217","31.8","128.0","YAHOTYN, UP","    0",",,I",,,,,,,,
"UPM00033356","1965-05-15","50.217","31.8","128.0","YAHOTYN, UP","    0",",,I",,,,,,,,
"UPM00033356","1965-05-16","50.217","31.8","128.0","YAHOTYN, UP","    8",",,I",,,,,,,,
"UPM00033356","1965-05-17","50.217","31.8","128.0","YAHOTYN, UP","    0",",,I",,,,,,,,
"UPM00033356","1965-05-18","50.217","31.8","128.0","YAHOTYN, UP","    0",",,I",,,,,,,,
"UPM00033356","1965-05-19","50.217","31.8","128.0","YAHOTYN, UP","    0",",,I",,,,,,,,
"UPM00033356","1965-05-20","50.217","31.8","128.0","YAHOTYN, UP","    0",",,I",,,,,,,,
"UPM00033356","1965-05-21","50.217","31.8","128.0","YAHOTYN, UP","   15",",,I",,,,,,,,
"UPM00033356","1965-05-22","50.217","31.8","128.0","YAHOTYN, UP","    0",",,I",,,,,,,,
"UPM00033356","1965-05-23","50.217","31.8","128.0","YAHOTYN, UP","    0",",,I",,,,,,,,
"UPM00033356","1965-05-24","50.217","31.8","128.0","YAHOTYN, UP","    0",",,I",,,,,,,,
"UPM00033356","1965-05-25","50.217","31.8","128.0","YAHOTYN, UP","    0",",,I",,,,,,,,
"UPM00033356","1965-05-26","50.217","31.8","128.0","YAHOTYN, UP","   20",",,I",,,,,,,,
"UPM00033356","1965-05-27","50.217","31.8","128.0","YAHOTYN, UP","    0",",,I",,,,,,,,
"UPM00033356","1965-05-28","50.217","31.8","128.0","YAHOTYN, UP","    0",",,I",,,,,,,,
"UPM00033356","1965-05-29","50.217","31.8","128.0","YAHOTYN, UP","    0","T,,I",,,,,,,,
"UPM00033356","1965-05-30","50.217","31.8","128.0","YAHOTYN, UP","    3",",,I",,,,,,,,
"UPM00033356","1965-05-31","50.217","31.8","128.0","YAHOTYN, UP","    0",",,I",,,,,,,,
"UPM00033356","1965-06-01","50.217","31.8","128.0","YAHOTYN, UP","    0",",,I",,,,,,,,
"UPM00033356","1965-06-03","50.217","31.8","128.0","YAHOTYN, UP","   37",",,I",,,,,,,,
"UPM00033356","1965-06-04","50.217","31.8","128.0","YAHOTYN, UP","    0",",,I",,,,,,,,
"UPM00033356","1965-06-05","50.217","31.8","128.0","YAHOTYN, UP","    0","T,,I",,,,,,,,
"UPM00033356","1965-06-06","50.217","31.8","128.0","YAHOTYN, UP","    0","T,,I",,,,,,,,
"UPM00033356","1965-06-07","50.217","31.8","128.0","YAHOTYN, UP","   32",",,I",,,,,,,,
"UPM00033356","1965-06-08","50.217","31.8","128.0","YAHOTYN, UP","    0",",,I",,,,,,,,
"UPM00033356","1965-06-09","50.217","31.8","128.0","YAHOTYN, UP","    0","T,,I",,,,,,,,
"UPM00033356","1965-06-10","50.217","31.8","128.0","YAHOTYN, UP","    0",",,I",,,,,,,,
"UPM00033356","1965-06-11","50.217","31.8","128.0","YAHOTYN, UP","   45",",,I",,,,,,,,
"UPM00033356","1965-06-12","50.217","31.8","128.0","YAHOTYN, UP","    5",",,I",,,,,,,,
"UPM00033356","1965-06-13","50.217","31.8","128.0","YAHOTYN, UP","   16",",,I",,,,,,,,
"UPM00033356","1965-06-14","50.217","31.8","128.0","YAHOTYN, UP","    5",",,I",,,,,,,,
"UPM00033356","1965-06-15","50.217","31.8","128.0","YAHOTYN, UP","    5",",,I",,,,,,,,
"UPM00033356","1965-06-16","50.217","31.8","128.0","YAHOTYN, UP","    0","T,,I",,,,,,,,
"UPM00033356","1965-06-17","50.217","31.8","128.0","YAHOTYN, UP","    0",",,I",,,,,,,,
"UPM00033356","1965-06-18","50.217","31.8","128.0","YAHOTYN, UP","    0","T,,I",,,,,,,,
"UPM00033356","1965-06-19","50.217","31.8","128.0","YAHOTYN, UP","    0","T,,I",,,,,,,,
"UPM00033356","1965-06-20","50.217","31.8","128.0","YAHOTYN, UP","   86",",,I",,,,,,,,
"UPM00033356","1965-06-21","50.217","31.8","128.0","YAHOTYN, UP","    0",",,I",,,,,,,,
"UPM00033356","1965-06-22","50.217","31.8","128.0","YAHOTYN, UP","    0",",,I",,,,,,,,
"UPM00033356","1965-06-23","50.217","31.8","128.0","YAHOTYN, UP","    0",",,I",,,,,,,,
"UPM00033356","1965-06-24","50.217","31.8","128.0","YAHOTYN, UP","   20",",,I",,,,,,,,
"UPM00033356","1965-06-25","50.217","31.8","128.0","YAHOTYN, UP","    0",",,I",,,,,,,,
"UPM00033356","1965-06-26","50.217","31.8","128.0","YAHOTYN, UP","    0",",,I",,,,,,,,
"UPM00033356","1965-06-27","50.217","31.8","128.0","YAHOTYN, UP","    0",",,I",,,,,,,,
"UPM00033356","1965-06-28","50.217","31.8","128.0","YAHOTYN, UP","    0",",,I",,,,,,,,
"UPM00033356","1965-06-29","50.217","31.8","128.0","YAHOTYN, UP","    1",",,I",,,,,,,,
"UPM00033356","1965-06-30","50.217","31.8","128.0","YAHOTYN, UP","    0","T,,I",,,,,,,,
"UPM00033356","1965-07-01","50.217","31.8","128.0","YAHOTYN, UP","    0",",,I",,,,,,,,
"UPM00033356","1965-07-02","50.217","31.8","128.0","YAHOTYN, UP","    0",",,I",,,,,,,,
"UPM00033356","1965-07-03","50.217","31.8","128.0","YAHOTYN, UP","   77",",,I",,,,,,,,
"UPM00033356","1965-07-04","50.217","31.8","128.0","YAHOTYN, UP","    0",",,I",,,,,,,,
"UPM00033356","1965-07-05","50.217","31.8","128.0","YAHOTYN, UP","  532",",,I",,,,,,,,
"UPM00033356","1965-07-06","50.217","31.8","128.0","YAHOTYN, UP","   68",",,I",,,,,,,,
"UPM00033356","1965-07-07","50.217","31.8","128.0","YAHOTYN, UP","    0",",,I",,,,,,,,
"UPM00033356","1965-07-08","50.217","31.8","128.0","YAHOTYN, UP","    0",",,I",,,,,,,,
"UPM00033356","1965-07-09","50.217","31.8","128.0","YAHOTYN, UP","    0",",,I",,,,,,,,
"UPM00033356","1965-07-10","50.217","31.8","128.0","YAHOTYN, UP","   20",",,I",,,,,,,,
"UPM00033356","1965-07-11","50.217","31.8","128.0","YAHOTYN, UP","    0",",,I",,,,,,,,
"UPM00033356","1965-07-12","50.217","31.8","128.0","YAHOTYN, UP","    0",",,I",,,,,,,,
"UPM00033356","1965-07-13","50.217","31.8","128.0","YAHOTYN, UP","    0",",,I",,,,,,,,
"UPM00033356","1965-07-14","50.217","31.8","128.0","YAHOTYN, UP","    0",",,I",,,,,,,,
"UPM00033356","1965-07-15","50.217","31.8","128.0","YAHOTYN, UP","   19",",,I",,,,,,,,
"UPM00033356","1965-07-16","50.217","31.8","128.0","YAHOTYN, UP","    3",",,I",,,,,,,,
"UPM00033356","1965-07-17","50.217","31.8","128.0","YAHOTYN, UP","    0",",,I",,,,,,,,
"UPM00033356","1965-07-18","50.217","31.8","128.0","YAHOTYN, UP","    0",",,I",,,,,,,,
"UPM00033356","1965-07-19","50.217","31.8","128.0","YAHOTYN, UP","    0",",,I",,,,,,,,
"UPM00033356","1965-07-20","50.217","31.8","128.0","YAHOTYN, UP","    0",",,I",,,,,,,,
"UPM00033356","1965-07-21","50.217","31.8","128.0","YAHOTYN, UP","    0",",,I",,,,,,,,
"UPM00033356","1965-07-22","50.217","31.8","128.0","YAHOTYN, UP","    0",",,I",,,,,,,,
"UPM00033356","1965-07-23","50.217","31.8","128.0","YAHOTYN, UP","    7",",,I",,,,,,,,
"UPM00033356","1965-07-24","50.217","31.8","128.0","YAHOTYN, UP","    0",",,I",,,,,,,,
"UPM00033356","1965-07-25","50.217","31.8","128.0","YAHOTYN, UP","    0",",,I",,,,,,,,
"UPM00033356","1965-07-26","50.217","31.8","128.0","YAHOTYN, UP","    9",",,I",,,,,,,,
"UPM00033356","1965-07-27","50.217","31.8","128.0","YAHOTYN, UP","   95",",,I",,,,,,,,
"UPM00033356","1965-07-28","50.217","31.8","128.0","YAHOTYN, UP","   17",",,I",,,,,,,,
"UPM00033356","1965-07-29","50.217","31.8","128.0","YAHOTYN, UP","    4",",,I",,,,,,,,
"UPM00033356","1965-07-30","50.217","31.8","128.0","YAHOTYN, UP","   20",",,I",,,,,,,,
"UPM00033356","1965-07-31","50.217","31.8","128.0","YAHOTYN, UP","    9",",,I",,,,,,,,
"UPM00033356","1965-08-01","50.217","31.8","128.0","YAHOTYN, UP","   61",",,I",,,,,,,,
"UPM00033356","1965-08-02","50.217","31.8","128.0","YAHOTYN, UP","    6",",,I",,,,,,,,
"UPM00033356","1965-08-03","50.217","31.8","128.0","YAHOTYN, UP","   22",",,I",,,,,,,,
"UPM00033356","1965-08-04","50.217","31.8","128.0","YAHOTYN, UP","    0","T,,I",,,,,,,,
"UPM00033356","1965-08-05","50.217","31.8","128.0","YAHOTYN, UP","    3",",,I",,,,,,,,
"UPM00033356","1965-08-06","50.217","31.8","128.0","YAHOTYN, UP","    0",",,I",,,,,,,,
"UPM00033356","1965-08-07","50.217","31.8","128.0","YAHOTYN, UP","    0",",,I",,,,,,,,
"UPM00033356","1965-08-08","50.217","31.8","128.0","YAHOTYN, UP","    0",",,I",,,,,,,,
"UPM00033356","1965-08-09","50.217","31.8","128.0","YAHOTYN, UP","    0",",,I",,,,,,,,
"UPM00033356","1965-08-10","50.217","31.8","128.0","YAHOTYN, UP","    0",",,I",,,,,,,,
"UPM00033356","1965-08-11","50.217","31.8","128.0","YAHOTYN, UP","    0",",,I",,,,,,,,
"UPM00033356","1965-08-12","50.217","31.8","128.0","YAHOTYN, UP","    2",",,I",,,,,,,,
"UPM00033356","1965-08-13","50.217","31.8","128.0","YAHOTYN, UP","  217",",,I",,,,,,,,
"UPM00033356","1965-08-14","50.217","31.8","128.0","YAHOTYN, UP","   58",",,I",,,,,,,,
"UPM00033356","1965-08-15","50.217","31.8","128.0","YAHOTYN, UP","    1",",,I",,,,,,,,
"UPM00033356","1965-08-16","50.217","31.8","128.0","YAHOTYN, UP","    0","T,,I",,,,,,,,
"UPM00033356","1965-08-17","50.217","31.8","128.0","YAHOTYN, UP","    0",",,I",,,,,,,,
"UPM00033356","1965-08-18","50.217","31.8","128.0","YAHOTYN, UP","    0",",,I",,,,,,,,
"UPM00033356","1965-08-19","50.217","31.8","128.0","YAHOTYN, UP","    0",",,I",,,,,,,,
"UPM00033356","1965-08-20","50.217","31.8","128.0","YAHOTYN, UP","    0",",,I",,,,,,,,
"UPM00033356","1965-08-21","50.217","31.8","128.0","YAHOTYN, UP","    0",",,I",,,,,,,,
"UPM00033356","1965-08-22","50.217","31.8","128.0","YAHOTYN, UP","    0",",,I",,,,,,,,
"UPM00033356","1965-08-23","50.217","31.8","128.0","YAHOTYN, UP","    0",",,I",,,,,,,,
"UPM00033356","1965-08-24","50.217","31.8","128.0","YAHOTYN, UP","    0",",,I",,,,,,,,
"UPM00033356","1965-08-25","50.217","31.8","128.0","YAHOTYN, UP","    0",",,I",,,,,,,,
"UPM00033356","1965-08-26","50.217","31.8","128.0","YAHOTYN, UP","    0",",,I",,,,,,,,
"UPM00033356","1965-08-27","50.217","31.8","128.0","YAHOTYN, UP","    2",",,I",,,,,,,,
"UPM00033356","1965-08-28","50.217","31.8","128.0","YAHOTYN, UP","  326",",,I",,,,,,,,
"UPM00033356","1965-08-29","50.217","31.8","128.0","YAHOTYN, UP","    3",",,I",,,,,,,,
"UPM00033356","1965-08-30","50.217","31.8","128.0","YAHOTYN, UP","   63",",,I",,,,,,,,
"UPM00033356","1965-08-31","50.217","31.8","128.0","YAHOTYN, UP","  211",",,I",,,,,,,,
"UPM00033356","1965-09-01","50.217","31.8","128.0","YAHOTYN, UP","    2",",,I",,,,,,,,
"UPM00033356","1965-09-02","50.217","31.8","128.0","YAHOTYN, UP","    0",",,I",,,,,,,,
"UPM00033356","1965-09-03","50.217","31.8","128.0","YAHOTYN, UP","    0",",,I",,,,,,,,
"UPM00033356","1965-09-04","50.217","31.8","128.0","YAHOTYN, UP","    0",",,I",,,,,,,,
"UPM00033356","1965-09-05","50.217","31.8","128.0","YAHOTYN, UP","    0",",,I",,,,,,,,
"UPM00033356","1965-09-06","50.217","31.8","128.0","YAHOTYN, UP","    0",",,I",,,,,,,,
"UPM00033356","1965-09-07","50.217","31.8","128.0","YAHOTYN, UP","    0",",,I",,,,,,,,
"UPM00033356","1965-09-08","50.217","31.8","128.0","YAHOTYN, UP","    0",",,I",,,,,,,,
"UPM00033356","1965-09-09","50.217","31.8","128.0","YAHOTYN, UP","    0",",,I",,,,,,,,
"UPM00033356","1965-09-10","50.217","31.8","128.0","YAHOTYN, UP","    0",",,I",,,,,,,,
"UPM00033356","1965-09-11","50.217","31.8","128.0","YAHOTYN, UP","    0",",,I",,,,,,,,
"UPM00033356","1965-09-12","50.217","31.8","128.0","YAHOTYN, UP","   48",",,I",,,,,,,,
"UPM00033356","1965-09-13","50.217","31.8","128.0","YAHOTYN, UP","   54",",,I",,,,,,,,
"UPM00033356","1965-09-14","50.217","31.8","128.0","YAHOTYN, UP","   29",",,I",,,,,,,,
"UPM00033356","1965-09-15","50.217","31.8","128.0","YAHOTYN, UP","    0","T,,I",,,,,,,,
"UPM00033356","1965-09-16","50.217","31.8","128.0","YAHOTYN, UP","   28",",,I",,,,,,,,
"UPM00033356","1965-09-17","50.217","31.8","128.0","YAHOTYN, UP","    1",",,I",,,,,,,,
"UPM00033356","1965-09-18","50.217","31.8","128.0","YAHOTYN, UP","    0",",,I",,,,,,,,
"UPM00033356","1965-09-19","50.217","31.8","128.0","YAHOTYN, UP","    0","T,,I",,,,,,,,
"UPM00033356","1965-09-20","50.217","31.8","128.0","YAHOTYN, UP","    0","T,,I",,,,,,,,
"UPM00033356","1965-09-21","50.217","31.8","128.0","YAHOTYN, UP","    0",",,I",,,,,,,,
"UPM00033356","1965-09-22","50.217","31.8","128.0","YAHOTYN, UP","    0",",,I",,,,,,,,
"UPM00033356","1965-09-23","50.217","31.8","128.0","YAHOTYN, UP","    0",",,I",,,,,,,,
"UPM00033356","1965-09-24","50.217","31.8","128.0","YAHOTYN, UP","    0",",,I",,,,,,,,
"UPM00033356","1965-09-25","50.217","31.8","128.0","YAHOTYN, UP","    0",",,I",,,,,,,,
"UPM00033356","1965-09-26","50.217","31.8","128.0","YAHOTYN, UP","    0",",,I",,,,,,,,
"UPM00033356","1965-09-27","50.217","31.8","128.0","YAHOTYN, UP","    0",",,I",,,,,,,,
"UPM00033356","1965-09-28","50.217","31.8","128.0","YAHOTYN, UP","    0",",,I",,,,,,,,
"UPM00033356","1965-09-29","50.217","31.8","128.0","YAHOTYN, UP","    0",",,I",,,,,,,,
"UPM00033356","1965-09-30","50.217","31.8","128.0","YAHOTYN, UP","    0",",,I",,,,,,,,
"UPM00033356","1965-10-01","50.217","31.8","128.0","YAHOTYN, UP","    0",",,I",,,,,,,,
"UPM00033356","1965-10-02","50.217","31.8","128.0","YAHOTYN, UP","    0",",,I",,,,,,,,
"UPM00033356","1965-10-03","50.217","31.8","128.0","YAHOTYN, UP","    0",",,I",,,,,,,,
"UPM00033356","1965-10-04","50.217","31.8","128.0","YAHOTYN, UP","    0",",,I",,,,,,,,
"UPM00033356","1965-10-05","50.217","31.8","128.0","YAHOTYN, UP","    9",",,I",,,,,,,,
"UPM00033356","1965-10-06","50.217","31.8","128.0","YAHOTYN, UP","   92",",,I",,,,,,,,
"UPM00033356","1965-10-07","50.217","31.8","128.0","YAHOTYN, UP","    0",",,I",,,,,,,,
"UPM00033356","1965-10-08","50.217","31.8","128.0","YAHOTYN, UP","    0",",,I",,,,,,,,
"UPM00033356","1965-10-09","50.217","31.8","128.0","YAHOTYN, UP","    0",",,I",,,,,,,,
"UPM00033356","1965-10-10","50.217","31.8","128.0","YAHOTYN, UP","   16",",,I",,,,,,,,
"UPM00033356","1965-10-11","50.217","31.8","128.0","YAHOTYN, UP","    0",",,I",,,,,,,,
"UPM00033356","1965-10-12","50.217","31.8","128.0","YAHOTYN, UP","   22",",,I",,,,,,,,
"UPM00033356","1965-10-13","50.217","31.8","128.0","YAHOTYN, UP","    1",",,I",,,,,,,,
"UPM00033356","1965-10-14","50.217","31.8","128.0","YAHOTYN, UP","    0",",,I",,,,,,,,
"UPM00033356","1965-10-15","50.217","31.8","128.0","YAHOTYN, UP","    0",",,I",,,,,,,,
"UPM00033356","1965-10-17","50.217","31.8","128.0","YAHOTYN, UP","    6",",,I",,,,,,,,
"UPM00033356","1965-10-18","50.217","31.8","128.0","YAHOTYN, UP","    0","T,,I",,,,,,,,
"UPM00033356","1965-10-19","50.217","31.8","128.0","YAHOTYN, UP","   15",",,I",,,,,,,,
"UPM00033356","1965-10-20","50.217","31.8","128.0","YAHOTYN, UP","    0",",,I",,,,,,,,
"UPM00033356","1965-10-21","50.217","31.8","128.0","YAHOTYN, UP","    4",",,I",,,,,,,,
"UPM00033356","1965-10-22","50.217","31.8","128.0","YAHOTYN, UP","    0",",,I",,,,,,,,
"UPM00033356","1965-10-23","50.217","31.8","128.0","YAHOTYN, UP","    1",",,I",,,,,,,,
"UPM00033356","1965-10-24","50.217","31.8","128.0","YAHOTYN, UP","    0",",,I",,,,,,,,
"UPM00033356","1965-10-25","50.217","31.8","128.0","YAHOTYN, UP","    0",",,I",,,,,,,,
"UPM00033356","1965-10-26","50.217","31.8","128.0","YAHOTYN, UP","    0",",,I",,,,,,,,
"UPM00033356","1965-10-27","50.217","31.8","128.0","YAHOTYN, UP","    0",",,I",,,,,,,,
"UPM00033356","1965-10-28","50.217","31.8","128.0","YAHOTYN, UP","    0",",,I",,,,,,,,
"UPM00033356","1965-10-29","50.217","31.8","128.0","YAHOTYN, UP","    0",",,I",,,,,,,,
"UPM00033356","1965-10-30","50.217","31.8","128.0","YAHOTYN, UP","   14",",,I",,,,,,,,
"UPM00033356","1965-10-31","50.217","31.8","128.0","YAHOTYN, UP","   16",",,I",,,,,,,,
"UPM00033356","1965-11-01","50.217","31.8","128.0","YAHOTYN, UP","   46",",,I",,,,,,,,
"UPM00033356","1965-11-02","50.217","31.8","128.0","YAHOTYN, UP","   34",",,I",,,,,,,,
"UPM00033356","1965-11-03","50.217","31.8","128.0","YAHOTYN, UP","   27",",,I",,,,,,,,
"UPM00033356","1965-11-04","50.217","31.8","128.0","YAHOTYN, UP","    1",",,I",,,,,,,,
"UPM00033356","1965-11-05","50.217","31.8","128.0","YAHOTYN, UP","    0",",,I",,,,,,,,
"UPM00033356","1965-11-06","50.217","31.8","128.0","YAHOTYN, UP","    1",",,I",,,,,,,,
"UPM00033356","1965-11-07","50.217","31.8","128.0","YAHOTYN, UP","    0",",,I",,,,,,,,
"UPM00033356","1965-11-08","50.217","31.8","128.0","YAHOTYN, UP","    0",",,I",,,,,,,,
"UPM00033356","1965-11-09","50.217","31.8","128.0","YAHOTYN, UP","    0",",,I",,,,,,,,
"UPM00033356","1965-11-10","50.217","31.8","128.0","YAHOTYN, UP","    0",",,I",,,,,,,,
"UPM00033356","1965-11-11","50.217","31.8","128.0","YAHOTYN, UP","    0",",,I",,,,,,,,
"UPM00033356","1965-11-12","50.217","31.8","128.0","YAHOTYN, UP","  122",",,I",,,,,,,,
"UPM00033356","1965-11-13","50.217","31.8","128.0","YAHOTYN, UP","    2",",,I",,,,,,,,
"UPM00033356","1965-11-14","50.217","31.8","128.0","YAHOTYN, UP","    8",",,I",,,,,,,,
"UPM00033356","1965-11-15","50.217","31.8","128.0","YAHOTYN, UP","   90",",,I",,,,,,,,
"UPM00033356","1965-11-16","50.217","31.8","128.0","YAHOTYN, UP","   14",",,I",,,,,,,,
"UPM00033356","1965-11-17","50.217","31.8","128.0","YAHOTYN, UP","    1",",,I",,,,,,,,
"UPM00033356","1965-11-18","50.217","31.8","128.0","YAHOTYN, UP","    0","T,,I",,,,,,,,
"UPM00033356","1965-11-19","50.217","31.8","128.0","YAHOTYN, UP","   14",",,I",,,,,,,,
"UPM00033356","1965-11-20","50.217","31.8","128.0","YAHOTYN, UP","   90",",,I",,,,,,,,
"UPM00033356","1965-11-21","50.217","31.8","128.0","YAHOTYN, UP","    1",",,I",,,,,,,,
"UPM00033356","1965-11-22","50.217","31.8","128.0","YAHOTYN, UP","   30",",,I",,,,,,,,
"UPM00033356","1965-11-23","50.217","31.8","128.0","YAHOTYN, UP","   13",",,I",,,,,,,,
"UPM00033356","1965-11-24","50.217","31.8","128.0","YAHOTYN, UP","    0",",,I",,,,,,,,
"UPM00033356","1965-11-25","50.217","31.8","128.0","YAHOTYN, UP","    0","T,,I",,,,,,,,
"UPM00033356","1965-11-26","50.217","31.8","128.0","YAHOTYN, UP","    9",",,I",,,,,,,,
"UPM00033356","1965-11-27","50.217","31.8","128.0","YAHOTYN, UP","    0",",,I",,,,,,,,
"UPM00033356","1965-11-28","50.217","31.8","128.0","YAHOTYN, UP","    1",",,I",,,,,,,,
"UPM00033356","1965-11-29","50.217","31.8","128.0","YAHOTYN, UP","    1",",,I",,,,,,,,
"UPM00033356","1965-11-30","50.217","31.8","128.0","YAHOTYN, UP","    0",",,I",,,,,,,,
"UPM00033356","1965-12-01","50.217","31.8","128.0","YAHOTYN, UP","    8",",,I",,,,,,,,
"UPM00033356","1965-12-02","50.217","31.8","128.0","YAHOTYN, UP","   13",",,I",,,,,,,,
"UPM00033356","1965-12-03","50.217","31.8","128.0","YAHOTYN, UP","   71",",,I",,,,,,,,
"UPM00033356","1965-12-04","50.217","31.8","128.0","YAHOTYN, UP","    3",",,I",,,,,,,,
"UPM00033356","1965-12-05","50.217","31.8","128.0","YAHOTYN, UP","    0",",,I",,,,,,,,
"UPM00033356","1965-12-06","50.217","31.8","128.0","YAHOTYN, UP","    9",",,I",,,,,,,,
"UPM00033356","1965-12-07","50.217","31.8","128.0","YAHOTYN, UP","    9",",,I",,,,,,,,
"UPM00033356","1965-12-08","50.217","31.8","128.0","YAHOTYN, UP","   32",",,I",,,,,,,,
"UPM00033356","1965-12-09","50.217","31.8","128.0","YAHOTYN, UP","   52",",,I",,,,,,,,
"UPM00033356","1965-12-10","50.217","31.8","128.0","YAHOTYN, UP","    0","T,,I",,,,,,,,
"UPM00033356","1965-12-11","50.217","31.8","128.0","YAHOTYN, UP","    0",",,I",,,,,,,,
"UPM00033356","1965-12-12","50.217","31.8","128.0","YAHOTYN, UP","   31",",,I",,,,,,,,
"UPM00033356","1965-12-13","50.217","31.8","128.0","YAHOTYN, UP","   32",",,I",,,,,,,,
"UPM00033356","1965-12-14","50.217","31.8","128.0","YAHOTYN, UP","    3",",,I",,,,,,,,
"UPM00033356","1965-12-15","50.217","31.8","128.0","YAHOTYN, UP","    0","T,,I",,,,,,,,
"UPM00033356","1965-12-16","50.217","31.8","128.0","YAHOTYN, UP","    0","T,,I",,,,,,,,
"UPM00033356","1965-12-18","50.217","31.8","128.0","YAHOTYN, UP","    0",",,I",,,,,,,,
"UPM00033356","1965-12-19","50.217","31.8","128.0","YAHOTYN, UP","    0",",,I",,,,,,,,
"UPM00033356","1965-12-20","50.217","31.8","128.0","YAHOTYN, UP","   60",",,I",,,,,,,,
"UPM00033356","1965-12-21","50.217","31.8","128.0","YAHOTYN, UP","    5",",,I",,,,,,,,
"UPM00033356","1965-12-22","50.217","31.8","128.0","YAHOTYN, UP","   11",",,I",,,,,,,,
"UPM00033356","1965-12-23","50.217","31.8","128.0","YAHOTYN, UP","   10",",,I",,,,,,,,
"UPM00033356","1965-12-24","50.217","31.8","128.0","YAHOTYN, UP","    0","T,,I",,,,,,,,
"UPM00033356","1965-12-25","50.217","31.8","128.0","YAHOTYN, UP","    0",",,I",,,,,,,,
"UPM00033356","1965-12-26","50.217","31.8","128.0","YAHOTYN, UP","    0",",,I",,,,,,,,
"UPM00033356","1965-12-27","50.217","31.8","128.0","YAHOTYN, UP","   50",",,I",,,,,,,,
"UPM00033356","1965-12-28","50.217","31.8","128.0","YAHOTYN, UP","   29",",,I",,,,,,,,
"UPM00033356","1965-12-29","50.217","31.8","128.0","YAHOTYN, UP","   28",",,I",,,,,,,,
"UPM00033356","1965-12-30","50.217","31.8","128.0","YAHOTYN, UP","    0",",,I",,,,,,,,
"UPM00033356","1965-12-31","50.217","31.8","128.0","YAHOTYN, UP","    0",",,I",,,,,,,,
"UPM00033356","1973-01-01","50.217","31.8","128.0","YAHOTYN, UP",,,,,,,"  -90",",,S","  -34","H,,S"
"UPM00033356","1973-01-02","50.217","31.8","128.0","YAHOTYN, UP",,,,,,,"  -80",",,S","  -20","H,,S"
"UPM00033356","1973-01-03","50.217","31.8","128.0","YAHOTYN, UP","    0","B,,S",,,"   50",",,S","  -80",",,S","  -30","H,,S"
"UPM00033356","1973-01-04","50.217","31.8","128.0","YAHOTYN, UP","    0","B,,S",,,,,"  -50",",,S","  -33","H,,S"
"UPM00033356","1973-01-05","50.217","31.8","128.0","YAHOTYN, UP","    0","B,,S",,,"   10",",,S","  -30",",,S","   -8","H,,S"
"UPM00033356","1973-01-07","50.217","31.8","128.0","YAHOTYN, UP","    5","B,,S",,,,,,,"   -6","H,,S"
"UPM00033356","1973-01-08","50.217","31.8","128.0","YAHOTYN, UP","    0","B,,S",,,"   10",",,S",,,"  -27","H,,S"
"UPM00033356","1973-01-09","50.217","31.8","128.0","YAHOTYN, UP",,,"   10",",,S",,,,,"  -20","H,,S"
"UPM00033356","1973-01-10","50.217","31.8","128.0","YAHOTYN, UP","   10","B,,S",,,"  -10",",,S"," -120",",,S","  -42","H,,S"
"UPM00033356","1973-01-11","50.217","31.8","128.0","YAHOTYN, UP",,,"   79",",,S",,,,,"  -28","H,,S"
"UPM00033356","1973-01-13","50.217","31.8","128.0","YAHOTYN, UP","    5","B,,S","   10",",,S","  -80",",,S"," -160",",,S"," -132","H,,S"
"UPM00033356","1973-01-14","50.217","31.8","128.0","YAHOTYN, UP","   36","B,,S","   10",",,S",,," -180",",,S"," -100","H,,S"
"UPM00033356","1973-01-15","50.217","31.8","128.0","YAHOTYN, UP","    5","B,,S","   79",",,S",,,,,"  -70","H,,S"
"UPM00033356","1973-01-16","50.217","31.8","128.0","YAHOTYN, UP","    0","B,,S","   79",",,S"," -100",",,S"," -180",",,S"," -128","H,,S"
"UPM00033356","1973-01-17","50.217","31.8","128.0","YAHOTYN, UP","    0","B,,S",,," -110",",,S"," -200",",,S"," -168","H,,S"
"UPM00033356","1973-01-18","50.217","31.8","128.0","YAHOTYN, UP","    3","B,,S",,,,," -200",",,S"," -117","H,,S"
"UPM00033356","1973-01-20","50.217","31.8","128.0","YAHOTYN, UP","    0","B,,S","  130",",,S",,,,," -106","H,,S"
"UPM00033356","1973-01-21","50.217","31.8","128.0","YAHOTYN, UP","    0","B,,S","  201",",,S"," -180",",,S",,," -212","H,,S"
"UPM00033356","1973-01-22","50.217","31.8","128.0","YAHOTYN, UP","    0","B,,S",,,,," -230",",,S"," -192","H,,S"
"UPM00033356","1973-01-24","50.217","31.8","128.0","YAHOTYN, UP",,,"   79",",,S",,," -240",",,S"," -213","H,,S"
"UPM00033356","1973-01-25","50.217","31.8","128.0","YAHOTYN, UP",,,"   41",",,S",,," -250",",,S"," -204","H,,S"
"UPM00033356","1973-01-26","50.217","31.8","128.0","YAHOTYN, UP","    0","B,,S","   79",",,S","  -50",",,S"," -200",",,S"," -158","H,,S"
"UPM00033356","1973-01-27","50.217","31.8","128.0","YAHOTYN, UP","    0","B,,S","   79",",,S","  -40",",,S"," -200",",,S"," -173","H,,S"
"UPM00033356","1973-01-28","50.217","31.8","128.0","YAHOTYN, UP","    5","B,,S","   79",",,S","  -80",",,S"," -170",",,S"," -128","H,,S"
"UPM00033356","1973-01-29","50.217","31.8","128.0","YAHOTYN, UP","    0","B,,S",,,,,,,"  -90","H,,S"
"UPM00033356","1973-01-30","50.217","31.8","128.0","YAHOTYN, UP","   30","B,,S","   51",",,S","  -40",",,S"," -110",",,S","  -69","H,,S"
"UPM00033356","1973-01-31","50.217","31.8","128.0","YAHOTYN, UP",,,,,,,,," -100","H,,S"
"UPM00033356","1973-02-01","50.217","31.8","128.0","YAHOTYN, UP",,,,,,,,," -100","H,,S"
"UPM00033356","1973-02-02","50.217","31.8","128.0","YAHOTYN, UP","    3","B,,S","  150",",,S",,,,," -114","H,,S"
"UPM00033356","1973-02-03","50.217","31.8","128.0","YAHOTYN, UP","    0","B,,S",,,,," -190",",,S","  -70","H,,S"
"UPM00033356","1973-02-04","50.217","31.8","128.0","YAHOTYN, UP",,,,,"    0",",,S",,,"  -38","H,,S"
"UPM00033356","1973-02-05","50.217","31.8","128.0","YAHOTYN, UP",,,,,,,,,"  -45","H,,S"
"UPM00033356","1973-02-06","50.217","31.8","128.0","YAHOTYN, UP","    0","B,,S","  130",",,S","   20",",,S","  -50",",,S","   10","H,,S"
"UPM00033356","1973-02-07","50.217","31.8","128.0","YAHOTYN, UP","    3","B,,S","  130",",,S","   40",",,S","  -10",",,S","   15","H,,S"
"UPM00033356","1973-02-08","50.217","31.8","128.0","YAHOTYN, UP","    0","B,,S","   79",",,S","   40",",,S","   10",",,S","   23","H,,S"
"UPM00033356","1973-02-09","50.217","31.8","128.0","YAHOTYN, UP","    0","B,,S","   79",",,S","   50",",,S","    0",",,S","   27","H,,S"
"UPM00033356","1973-02-10","50.217","31.8","128.0","YAHOTYN, UP","    3","B,,S",,,"   50",",,S","   20",",,S","   30","H,,S"
"UPM00033356","1973-02-11","50.217","31.8","128.0","YAHOTYN, UP","    0","B,,S",,,"   20",",,S","  -10",",,S","   10","H,,S"
"UPM00033356","1973-02-12","50.217","31.8","128.0","YAHOTYN, UP",,,,,,,,,"    3","H,,S"
"UPM00033356","1973-02-13","50.217","31.8","128.0","YAHOTYN, UP","    3","B,,S","   41",",,S","   10",",,S","  -10",",,S","   -2","H,,S"
"UPM00033356","1973-02-14","50.217","31.8","128.0","YAHOTYN, UP",,,,,"   10",",,S",,,"   -2","H,,S"
"UPM00033356","1973-02-15","50.217","31.8","128.0","YAHOTYN, UP","    3","B,,S",,,"   40",",,S","  -10",",,S","   10","H,,S"
"UPM00033356","1973-02-16","50.217","31.8","128.0","YAHOTYN, UP","    0","B,,S",,,"   40",",,S",,,"   14","H,,S"
"UPM00033356","1973-02-17","50.217","31.8","128.0","YAHOTYN, UP","   79","B,,S",,,"   10",",,S","    0",",,S","    2","H,,S"
"UPM00033356","1973-02-18","50.217","31.8","128.0","YAHOTYN, UP","  191","B,,S",,,,,,,"   12","H,,S"
"UPM00033356","1973-02-19","50.217","31.8","128.0","YAHOTYN, UP",,,,,"   20",",,S",,,"    5","H,,S"
"UPM00033356","1973-02-20","50.217","31.8","128.0","YAHOTYN, UP","   10","B,,S","   41",",,S","   20",",,S","    0",",,S","    7","H,,S"
"UPM00033356","1973-02-21","50.217","31.8","128.0","YAHOTYN, UP","    0","B,,S","   10",",,S",,,"  -20",",,S","  -12","H,,S"
"UPM00033356","1973-02-22","50.217","31.8","128.0","YAHOTYN, UP","   30","B,,S","   10",",,S","   10",",,S","  -20",",,S","   -8","H,,S"
"UPM00033356","1973-02-23","50.217","31.8","128.0","YAHOTYN, UP","    0","B,,S","   41",",,S","   30",",,S","    0",",,S","   13","H,,S"
"UPM00033356","1973-02-25","50.217","31.8","128.0","YAHOTYN, UP","    0","B,,S",,,"    0",",,S","  -20",",,S","   -8","H,,S"
"UPM00033356","1973-02-26","50.217","31.8","128.0","YAHOTYN, UP","    0","B,,S",,,,,,,"    0","H,,S"
"UPM00033356","1973-02-27","50.217","31.8","128.0","YAHOTYN, UP",,,,,,,,,"    5","H,,S"
"UPM00033356","1973-02-28","50.217","31.8","128.0","YAHOTYN, UP","    0","B,,S",,,,,"  -20",",,S","   -3","H,,S"
"UPM00033356","1973-03-03","50.217","31.8","128.0","YAHOTYN, UP","   10","B,,S","   79",",,S",,,"  -70",",,S","  -33","H,,S"
"UPM00033356","1973-03-04","50.217","31.8","128.0","YAHOTYN, UP",,,,,"    0",",,S",,,"  -15","H,,S"
"UPM00033356","1973-03-05","50.217","31.8","128.0","YAHOTYN, UP","   23","B,,S","  130",",,S","  -20",",,S","  -50",",,S","  -30","H,,S"
"UPM00033356","1973-03-06","50.217","31.8","128.0","YAHOTYN, UP","    0","B,,S","  130",",,S",,,,,"  -43","H,,S"
"UPM00033356","1973-03-07","50.217","31.8","128.0","YAHOTYN, UP","    0","B,,S",,,,,,," -100","H,,S"
"UPM00033356","1973-03-08","50.217","31.8","128.0","YAHOTYN, UP","    3","B,,S",,,"  -10",",,S",,,"  -28","H,,S"
"UPM00033356","1973-03-09","50.217","31.8","128.0","YAHOTYN, UP",,,"   79",",,S","    0",",,S","  -50",",,S","  -16","H,,S"
"UPM00033356","1973-03-10","50.217","31.8","128.0","YAHOTYN, UP","   10","B,,S",,,"   10",",,S",,,"  -24","H,,S"
"UPM00033356","1973-03-11","50.217","31.8","128.0","YAHOTYN, UP","    0","B,,S",,,"   10",",,S"," -120",",,S","  -58","H,,S"
"UPM00033356","1973-03-12","50.217","31.8","128.0","YAHOTYN, UP","    0","B,,S","   79",",,S","    0",",,S",,,"  -55","H,,S"
"UPM00033356","1973-03-13","50.217","31.8","128.0","YAHOTYN, UP","    0","B,,S","   79",",,S","   20",",,S","  -90",",,S","  -38","H,,S"
"UPM00033356","1973-03-14","50.217","31.8","128.0","YAHOTYN, UP","    0","B,,S","   79",",,S","   20",",,S","  -70",",,S","  -20","H,,S"
"UPM00033356","1973-03-15","50.217","31.8","128.0","YAHOTYN, UP",,,"   79",",,S","   20",",,S",,,"  -27","H,,S"
"UPM00033356","1973-03-16","50.217","31.8","128.0","YAHOTYN, UP","    0","B,,S",,,"    0",",,S",,,"  -30","H,,S"
"UPM00033356","1973-03-17","50.217","31.8","128.0","YAHOTYN, UP","    0","B,,S","   79",",,S","   30",",,S","  -90",",,S","  -20","H,,S"
"UPM00033356","1973-03-18","50.217","31.8","128.0","YAHOTYN, UP","    3","B,,S",,,"   30",",,S",,,"   12","H,,S"
"UPM00033356","1973-03-19","50.217","31.8","128.0","YAHOTYN, UP","    0","B,,S",,,,,,,"   13","H,,S"
"UPM00033356","1973-03-20","50.217","31.8","128.0","YAHOTYN, UP","    0","B,,S",,,,,,,"    2","H,,S"
"UPM00033356","1973-03-21","50.217","31.8","128.0","YAHOTYN, UP",,,,,"   50",",,S",,,"   27","H,,S"
"UPM00033356","1973-03-22","50.217","31.8","128.0","YAHOTYN, UP","    0","B,,S",,,"   40",",,S",,,"   14","H,,S"
"UPM00033356","1973-03-24","50.217","31.8","128.0","YAHOTYN, UP",,,,,"  120",",,S",,,"   67","H,,S"
"UPM00033356","1973-03-25","50.217","31.8","128.0","YAHOTYN, UP","    0","B,,S",,,"  140",",,S","    0",",,S","   66","H,,S"
"UPM00033356","1973-03-26","50.217","31.8","128.0","YAHOTYN, UP","    0","B,,S",,,"  140",",,S","    0",",,S","   63","H,,S"
"UPM00033356","1973-03-27","50.217","31.8","128.0","YAHOTYN, UP",,,,,,,,,"   45","H,,S"
"UPM00033356","1973-03-28","50.217","31.8","128.0","YAHOTYN, UP","    0","B,,S"," 1501",",G,S",,,"    0",",,S","   60","H,,S"
"UPM00033356","1973-03-29","50.217","31.8","128.0","YAHOTYN, UP",,,,,,,"   20",",,S","   55","H,,S"
"UPM00033356","1973-03-30","50.217","31.8","128.0","YAHOTYN, UP","    0","B,,S",,,"  110",",,S","   30",",,S","   52","H,,S"
"UPM00033356","1973-03-31","50.217","31.8","128.0","YAHOTYN, UP","    0","B,,S",,,"  130",",,S",,,"   38","H,,S"
"UPM00033356","1973-04-01","50.217","31.8","128.0","YAHOTYN, UP","    0","B,,S",,,,,"   10",",,S","   84","H,,S"
"UPM00033356","1973-04-02","50.217","31.8","128.0","YAHOTYN, UP","   15","B,,S",,,"  120",",,S",,,"   67","H,,S"
"UPM00033356","1973-04-03","50.217","31.8","128.0","YAHOTYN, UP","    0","B,,S",,,"  160",",,S","   10",",,S","   73","H,,S"
"UPM00033356","1973-04-04","50.217","31.8","128.0","YAHOTYN, UP",,,,,,,"   20",",,S","   86","H,,S"
"UPM00033356","1973-04-05","50.217","31.8","128.0","YAHOTYN, UP","    0","B,,S",,,"  180",",,S","   50",",,S","   93","H,,S"
"UPM00033356","1973-04-06","50.217","31.8","128.0","YAHOTYN, UP","    0","B,,S",,,,,,,"  117","H,,S"
"UPM00033356","1973-04-07","50.217","31.8","128.0","YAHOTYN, UP","    0","B,,S",,,,,,,"   72","H,,S"
"UPM00033356","1973-04-08","50.217","31.8","128.0","YAHOTYN, UP","    0","B,,S",,,"  190",",,S","   30",",,S","   97","H,,S"
"UPM00033356","1973-04-09","50.217","31.8","128.0","YAHOTYN, UP","    0","B,,S",,,,,,,"  100","H,,S"
"UPM00033356","1973-04-11","50.217","31.8","128.0","YAHOTYN, UP","    0","B,,S",,,"  210",",,S",,,"  134","H,,S"
"UPM00033356","1973-04-12","50.217","31.8","128.0","YAHOTYN, UP",,,,,"  120",",,S","   80",",,S","   93","H,,S"
"UPM00033356","1973-04-13","50.217","31.8","128.0","YAHOTYN, UP",,,,,"  120",",,S",,,"   90","H,,S"
"UPM00033356","1973-04-14","50.217","31.8","128.0","YAHOTYN, UP",,,,,,,,,"   58","H,,S"
"UPM00033356","1973-04-15","50.217","31.8","128.0","YAHOTYN, UP","    0","B,,S",,,,,"   40",",,S","   45","H,,S"
"UPM00033356","1973-04-16","50.217","31.8","128.0","YAHOTYN, UP","    0","B,,S",,,"  120",",,S",,,"   80","H,,S"
"UPM00033356","1973-04-17","50.217","31.8","128.0","YAHOTYN, UP","    0","B,,S",,,"  150",",,S",,,"   88","H,,S"
"UPM00033356","1973-04-18","50.217","31.8","128.0","YAHOTYN, UP",,,,,,,,,"   94","H,,S"
"UPM00033356","1973-04-19","50.217","31.8","128.0","YAHOTYN, UP","    0","B,,S",,,"  150",",,S",,,"   90","H,,S"
"UPM00033356","1973-04-20","50.217","31.8","128.0","YAHOTYN, UP","    0","B,,S",,,"  160",",,S","   20",",,S","   97","H,,S"
"UPM00033356","1973-04-21","50.217","31.8","128.0","YAHOTYN, UP","    0","B,,S",,,"  160",",,S","   40",",,S","  100","H,,S"
"UPM00033356","1973-04-22","50.217","31.8","128.0","YAHOTYN, UP",,,,,"  130",",,S",,,"   90","H,,S"
"UPM00033356","1973-04-23","50.217","31.8","128.0","YAHOTYN, UP","   99","B,,S",,,"  150",",,S",,,"   94","H,,S"
"UPM00033356","1973-04-25","50.217","31.8","128.0","YAHOTYN, UP","    0","B,,S",,,"  180",",,S","   80",",,S","  116","H,,S"
"UPM00033356","1973-04-26","50.217","31.8","128.0","YAHOTYN, UP",,,,,,,"  100",",,S","  118","H,,S"
"UPM00033356","1973-04-28","50.217","31.8","128.0","YAHOTYN, UP","    3","B,,S",,,"  130",",,S",,,"   78","H,,S"
"UPM00033356","1973-04-29","50.217","31.8","128.0","YAHOTYN, UP","    0","B,,S",,,"  170",",,S","   30",",,S","  104","H,,S"
"UPM00033356","1973-04-30","50.217","31.8","128.0","YAHOTYN, UP",,,,,,,,,"  150","H,,S"
"UPM00033356","1973-05-01","50.217","31.8","128.0","YAHOTYN, UP","    0","B,,S",,,"  220",",,S",,,"  125","H,,S"
"UPM00033356","1973-05-02","50.217","31.8","128.0","YAHOTYN, UP",,,,,,,"   90",",,S","  128","H,,S"
"UPM00033356","1973-05-04","50.217","31.8","128.0","YAHOTYN, UP",,,,,,,,,"  144","H,,S"
"UPM00033356","1973-05-05","50.217","31.8","128.0","YAHOTYN, UP","    0","B,,S",,,"  210",",,S",,,"  156","H,,S"
"UPM00033356","1973-05-06","50.217","31.8","128.0","YAHOTYN, UP",,,,,,,"   70",",,S","  142","H,,S"
"UPM00033356","1973-05-07","50.217","31.8","128.0","YAHOTYN, UP",,,,,,,"  140",",,S","  164","H,,S"
"UPM00033356","1973-05-08","50.217","31.8","128.0","YAHOTYN, UP","    0","B,,S",,,,,,,"  136","H,,S"
"UPM00033356","1973-05-09","50.217","31.8","128.0","YAHOTYN, UP",,,,,,,,,"  132","H,,S"
"UPM00033356","1973-05-10","50.217","31.8","128.0","YAHOTYN, UP",,,,,"  160",",,S",,,"  130","H,,S"
"UPM00033356","1973-05-11","50.217","31.8","128.0","YAHOTYN, UP","    0","B,,S",,,,,,,"  170","H,,S"
"UPM00033356","1973-05-13","50.217","31.8","128.0","YAHOTYN, UP",,,,,"  150",",,S",,,"   78","H,,S"
"UPM00033356","1973-05-14","50.217","31.8","128.0","YAHOTYN, UP","    0","B,,S",,,"  170",",,S","   40",",,S","  103","H,,S"
"UPM00033356","1973-05-15","50.217","31.8","128.0","YAHOTYN, UP","    0","B,,S",,,"  190",",,S",,,"  115","H,,S"
"UPM00033356","1973-05-16","50.217","31.8","128.0","YAHOTYN, UP",,,,,"  120",",,S",,,"   90","H,,S"
"UPM00033356","1973-05-17","50.217","31.8","128.0","YAHOTYN, UP",,,,,"  150",",,S",,,"  105","H,,S"
"UPM00033356","1973-05-18","50.217","31.8","128.0","YAHOTYN, UP","    0","B,,S",,,"  150",",,S",,,"  108","H,,S"
"UPM00033356","1973-05-19","50.217","31.8","128.0","YAHOTYN, UP","    0","B,,S",,,,,,,"   85","H,,S"
"UPM00033356","1973-05-20","50.217","31.8","128.0","YAHOTYN, UP","    0","B,,S",,,"  200",",,S","   30",",,S","  115","H,,S"
"UPM00033356","1973-05-21","50.217","31.8","128.0","YAHOTYN, UP","    0","B,,S",,,"  230",",,S",,,"  173","H,,S"
"UPM00033356","1973-05-22","50.217","31.8","128.0","YAHOTYN, UP","    0","B,,S",,,,,"  100",",,S","  162","H,,S"
"UPM00033356","1973-05-23","50.217","31.8","128.0","YAHOTYN, UP",,,,,,,"  110",",,S","  163","H,,S"
"UPM00033356","1973-05-24","50.217","31.8","128.0","YAHOTYN, UP","    5","B,,S",,,"  230",",,S",,,"  172","H,,S"
"UPM00033356","1973-05-25","50.217","31.8","128.0","YAHOTYN, UP",,,,,,,,,"  178","H,,S"
"UPM00033356","1973-05-26","50.217","31.8","128.0","YAHOTYN, UP","    0","B,,S",,,,,"  120",",,S","  165","H,,S"
"UPM00033356","1973-05-27","50.217","31.8","128.0","YAHOTYN, UP","   23","B,,S",,,"  200",",,S",,,"  160","H,,S"
"UPM00033356","1973-05-28","50.217","31.8","128.0","YAHOTYN, UP","   51","B,,S",,,"  140",",,S",,,"  127","H,,S"
"UPM00033356","1973-05-29","50.217","31.8","128.0","YAHOTYN, UP","  170","B,,S",,,"  140",",,S",,,"  130","H,,S"
"UPM00033356","1973-05-30","50.217","31.8","128.0","YAHOTYN, UP","   41","B,,S",,,"  190",",,S",,,"  144","H,,S"
"UPM00033356","1973-05-31","50.217","31.8","128.0","YAHOTYN, UP","   41","B,,S",,,"  200",",,S","  130",",,S","  158","H,,S"
"UPM00033356","1973-06-01","50.217","31.8","128.0","YAHOTYN, UP","    0","B,,S",,,,,"   90",",,S","  150","H,,S"
"UPM00033356","1973-06-02","50.217","31.8","128.0","YAHOTYN, UP","    0","B,,S",,,"  210",",,S","  100",",,S","  150","H,,S"
"UPM00033356","1973-06-03","50.217","31.8","128.0","YAHOTYN, UP","    0","B,,S",,,"  240",",,S",,,"  170","H,,S"
"UPM00033356","1973-06-04","50.217","31.8","128.0","YAHOTYN, UP","    0","B,,S",,,"  240",",,S","  100",",,S","  182","H,,S"
"UPM00033356","1973-06-05","50.217","31.8","128.0","YAHOTYN, UP",,,,,,,"  100",",,S","  194","H,,S"
"UPM00033356","1973-06-06","50.217","31.8","128.0","YAHOTYN, UP","    0","B,,S",,,"  260",",,S",,,"  182","H,,S"
"UPM00033356","1973-06-07","50.217","31.8","128.0","YAHOTYN, UP","    0","B,,S",,,"  270",",,S",,,"  200","H,,S"
"UPM00033356","1973-06-08","50.217","31.8","128.0","YAHOTYN, UP","    0","B,,S",,,,,"  160",",,S","  216","H,,S"
"UPM00033356","1973-06-09","50.217","31.8","128.0","YAHOTYN, UP",,,,,,,"  160",",,S","  212","H,,S"
"UPM00033356","1973-06-10","50.217","31.8","128.0","YAHOTYN, UP",,,,,"  280",",,S",,,"  194","H,,S"
"UPM00033356","1973-06-11","50.217","31.8","128.0","YAHOTYN, UP",,,,,,,,,"  210","H,,S"
"UPM00033356","1973-06-12","50.217","31.8","128.0","YAHOTYN, UP",,,,,,,,,"  162","H,,S"
"UPM00033356","1973-06-13","50.217","31.8","128.0","YAHOTYN, UP","    0","B,,S",,,,,"  100",",,S","  128","H,,S"
"UPM00033356","1973-06-14","50.217","31.8","128.0","YAHOTYN, UP","    0","B,,S",,,"  260",",,S",,,"  175","H,,S"
"UPM00033356","1973-06-15","50.217","31.8","128.0","YAHOTYN, UP",,,,,,,,,"  132","H,,S"
"UPM00033356","1973-06-17","50.217","31.8","128.0","YAHOTYN, UP",,,,,,,,,"  107","H,,S"
"UPM00033356","1973-06-19","50.217","31.8","128.0","YAHOTYN, UP","    0","B,,S",,,,,"  100",",,S","  134","H,,S"
"UPM00033356","1973-06-20","50.217","31.8","128.0","YAHOTYN, UP",,,,,,,"   70",",,S","  155","H,,S"
"UPM00033356","1973-06-21","50.217","31.8","128.0","YAHOTYN, UP",,,,,,,,,"  158","H,,S"
"UPM00033356","1973-06-22","50.217","31.8","128.0","YAHOTYN, UP","    0","B,,S",,,,,"   80",",,S","  173","H,,S"
"UPM00033356","1973-06-23","50.217","31.8","128.0","YAHOTYN, UP","    0","B,,S",,,,,"  130",",,S","  170","H,,S"
"UPM00033356","1973-06-24","50.217","31.8","128.0","YAHOTYN, UP","    0","B,,S",,,,,"  120",",,S","  198","H,,S"
"UPM00033356","1973-06-26","50.217","31.8","128.0","YAHOTYN, UP","    0","B,,S",,,"  240",",,S","  120",",,S","  184","H,,S"
"UPM00033356","1973-06-27","50.217","31.8","128.0","YAHOTYN, UP","    0","B,,S",,,"  250",",,S","  110",",,S","  180","H,,S"
"UPM00033356","1973-06-28","50.217","31.8","128.0","YAHOTYN, UP","    0","B,,S",,,"  280",",,S",,,"  210","H,,S"
"UPM00033356","1973-06-29","50.217","31.8","128.0","YAHOTYN, UP","    0","B,,S",,,"  290",",,S","  130",",,S","  202","H,,S"
"UPM00033356","1973-06-30","50.217","31.8","128.0","YAHOTYN, UP",,,,,,,,,"  224","H,,S"
"UPM00033356","1973-07-01","50.217","31.8","128.0","YAHOTYN, UP","    0","B,,S",,,"  310",",,S","  160",",,S","  223","H,,S"
"UPM00033356","1973-07-02","50.217","31.8","128.0","YAHOTYN, UP","  140","B,,S",,,"  260",",,S","  180",",,S","  216","H,,S"
"UPM00033356","1973-07-03","50.217","31.8","128.0","YAHOTYN, UP","   20","B,,S",,,"  240",",,S","  160",",,S","  170","H,,S"
"UPM00033356","1973-07-04","50.217","31.8","128.0","YAHOTYN, UP",,,,,"  230",",,S",,,"  163","H,,S"
"UPM00033356","1973-07-06","50.217","31.8","128.0","YAHOTYN, UP","    0","B,,S",,,"  270",",,S","  140",",,S","  200","H,,S"
"UPM00033356","1973-07-07","50.217","31.8","128.0","YAHOTYN, UP","    0","B,,S",,,,,,,"  224","H,,S"
"UPM00033356","1973-07-08","50.217","31.8","128.0","YAHOTYN, UP",,,,,"  280",",,S",,,"  192","H,,S"
"UPM00033356","1973-07-10","50.217","31.8","128.0","YAHOTYN, UP","    0","B,,S",,,"  240",",,S",,,"  164","H,,S"
"UPM00033356","1973-07-11","50.217","31.8","128.0","YAHOTYN, UP","    0","B,,S",,,,,,,"  182","H,,S"
"UPM00033356","1973-07-13","50.217","31.8","128.0","YAHOTYN, UP","    0","B,,S",,,"  290",",,S","  130",",,S","  195","H,,S"
"UPM00033356","1973-07-14","50.217","31.8","128.0","YAHOTYN, UP","   10","B,,S",,,"  300",",,S","  140",",,S","  207","H,,S"
"UPM00033356","1973-07-15","50.217","31.8","128.0","YAHOTYN, UP","    0","B,,S",,,"  300",",,S","  140",",,S","  232","H,,S"
"UPM00033356","1973-07-16","50.217","31.8","128.0","YAHOTYN, UP","    0","B,,S",,,,,"  150",",,S","  248","H,,S"
"UPM00033356","1973-07-19","50.217","31.8","128.0","YAHOTYN, UP","   61","B,,S",,,,,,,"  180","H,,S"
"UPM00033356","1973-07-20","50.217","31.8","128.0","YAHOTYN, UP",,,,,,,"  120",",,S","  165","H,,S"
"UPM00033356","1973-07-21","50.217","31.8","128.0","YAHOTYN, UP","    0","B,,S",,,"  260",",,S","  130",",,S","  194","H,,S"
"UPM00033356","1973-07-22","50.217","31.8","128.0","YAHOTYN, UP",,,,,,,,,"  188","H,,S"
"UPM00033356","1973-07-23","50.217","31.8","128.0","YAHOTYN, UP",,,,,,,"  170",",,S","  177","H,,S"
"UPM00033356","1973-07-24","50.217","31.8","128.0","YAHOTYN, UP","    0","B,,S",,,"  250",",,S","  130",",,S","  185","H,,S"
"UPM00033356","1973-07-25","50.217","31.8","128.0","YAHOTYN, UP","    3","B,,S",,,,,,,"  188","H,,S"
"UPM00033356","1973-07-26","50.217","31.8","128.0","YAHOTYN, UP",,,,,,,,,"  160","H,,S"
"UPM00033356","1973-07-27","50.217","31.8","128.0","YAHOTYN, UP","    0","B,,S",,,"  240",",,S","  120",",,S","  175","H,,S"
"UPM00033356","1973-07-28","50.217","31.8","128.0","YAHOTYN, UP",,,,,,,"  100",",,S","  158","H,,S"
"UPM00033356","1973-07-29","50.217","31.8","128.0","YAHOTYN, UP","    0","B,,S",,,"  250",",,S",,,"  160","H,,S"
"UPM00033356","1973-07-30","50.217","31.8","128.0","YAHOTYN, UP","    0","B,,S",,,,,,,"  190","H,,S"
"UPM00033356","1973-07-31","50.217","31.8","128.0","YAHOTYN, UP",,,,,,,,,"  154","H,,S"
"UPM00033356","1973-08-01","50.217","31.8","128.0","YAHOTYN, UP","    0","B,,S",,,"  260",",,S",,,"  170","H,,S"
"UPM00033356","1973-08-03","50.217","31.8","128.0","YAHOTYN, UP",,,,,,,"  130",",,S","  168","H,,S"
"UPM00033356","1973-08-04","50.217","31.8","128.0","YAHOTYN, UP","    0","B,,S",,,,,"  130",",,S","  187","H,,S"
"UPM00033356","1973-08-05","50.217","31.8","128.0","YAHOTYN, UP","    0","B,,S",,,,,"  140",",,S","  198","H,,S"
"UPM00033356","1973-08-06","50.217","31.8","128.0","YAHOTYN, UP",,,,,,,"  130",",,S","  205","H,,S"
"UPM00033356","1973-08-07","50.217","31.8","128.0","YAHOTYN, UP","    0","B,,S",,,,,"  150",",,S","  216","H,,S"
"UPM00033356","1973-08-08","50.217","31.8","128.0","YAHOTYN, UP","    0","B,,S",,,,,"  170",",,S","  227","H,,S"
"UPM00033356","1973-08-09","50.217","31.8","128.0","YAHOTYN, UP",,,,,"  230",",,S",,,"  176","H,,S"
"UPM00033356","1973-08-10","50.217","31.8","128.0","YAHOTYN, UP",,,,,,,,,"  148","H,,S"
"UPM00033356","1973-08-11","50.217","31.8","128.0","YAHOTYN, UP",,,,,,,"  140",",,S","  162","H,,S"
"UPM00033356","1973-08-12","50.217","31.8","128.0","YAHOTYN, UP","    0","B,,S",,,"  250",",,S","  140",",,S","  184","H,,S"
"UPM00033356","1973-08-14","50.217","31.8","128.0","YAHOTYN, UP",,,,,,,"  120",",,S","  168","H,,S"
"UPM00033356","1973-08-15","50.217","31.8","128.0","YAHOTYN, UP","    0","B,,S",,,,,"  140",",,S","  168","H,,S"
"UPM00033356","1973-08-16","50.217","31.8","128.0","YAHOTYN, UP",,,,,,,,,"  170","H,,S"
"UPM00033356","1973-08-17","50.217","31.8","128.0","YAHOTYN, UP",,,,,"  220",",,S",,,"  173","H,,S"
"UPM00033356","1973-08-18","50.217","31.8","128.0","YAHOTYN, UP","    5","B,,S",,,"  240",",,S","  150",",,S","  179","H,,S"
"UPM00033356","1973-08-19","50.217","31.8","128.0","YAHOTYN, UP","    0","B,,S",,,"  240",",,S","  140",",,S","  185","H,,S"
"UPM00033356","1973-08-20","50.217","31.8","128.0","YAHOTYN, UP","    0","B,,S",,,,,"  140",",,S","  182","H,,S"
"UPM00033356","1973-08-21","50.217","31.8","128.0","YAHOTYN, UP","    0","B,,S",,,"  230",",,S",,,"  183","H,,S"
"UPM00033356","1973-08-22","50.217","31.8","128.0","YAHOTYN, UP","   10","B,,S",,,"  190",",,S","  110",",,S","  142","H,,S"
"UPM00033356","1973-08-24","50.217","31.8","128.0","YAHOTYN, UP","    0","B,,S",,,,,,,"  103","H,,S"
"UPM00033356","1973-08-25","50.217","31.8","128.0","YAHOTYN, UP","    5","B,,S",,,"  230",",,S","  100",",,S","  155","H,,S"
"UPM00033356","1973-08-26","50.217","31.8","128.0","YAHOTYN, UP","    0","B,,S",,,"  180",",,S","   60",",,S","  121","H,,S"
"UPM00033356","1973-08-27","50.217","31.8","128.0","YAHOTYN, UP",,,,,,,,,"   93","H,,S"
"UPM00033356","1973-08-30","50.217","31.8","128.0","YAHOTYN, UP","    0","B,,S",,,"  260",",,S",,,"  177","H,,S"
"UPM00033356","1973-08-31","50.217","31.8","128.0","YAHOTYN, UP","    0","B,,S",,,"  280",",,S",,,"  192","H,,S"
"UPM00033356","1973-09-01","50.217","31.8","128.0","YAHOTYN, UP","    0","B,,S",,,,,"  120",",,S","  207","H,,S"
"UPM00033356","1973-09-02","50.217","31.8","128.0","YAHOTYN, UP",,,,,,,,,"  132","H,,S"
"UPM00033356","1973-09-03","50.217","31.8","128.0","YAHOTYN, UP",,,,,,,"  110",",,S","  136","H,,S"
"UPM00033356","1973-09-04","50.217","31.8","128.0","YAHOTYN, UP","    0","B,,S",,,"  200",",,S",,,"  134","H,,S"
"UPM00033356","1973-09-07","50.217","31.8","128.0","YAHOTYN, UP","   20","B,,S",,,"  240",",,S","  140",",,S","  190","H,,S"
"UPM00033356","1973-09-08","50.217","31.8","128.0","YAHOTYN, UP",,,,,,,"  160",",,S","  180","H,,S"
"UPM00033356","1973-09-09","50.217","31.8","128.0","YAHOTYN, UP",,,,,"  230",",,S",,,"  166","H,,S"
"UPM00033356","1973-09-10","50.217","31.8","128.0","YAHOTYN, UP",,,,,,,"  120",",,S","  177","H,,S"
"UPM00033356","1973-09-12","50.217","31.8","128.0","YAHOTYN, UP","    0","B,,S",,,,,,,"   96","H,,S"
"UPM00033356","1973-09-13","50.217","31.8","128.0","YAHOTYN, UP","   30","B,,S",,,"  110",",,S",,,"   68","H,,S"
"UPM00033356","1973-09-14","50.217","31.8","128.0","YAHOTYN, UP",,,,,"  140",",,S",,,"  100","H,,S"
"UPM00033356","1973-09-15","50.217","31.8","128.0","YAHOTYN, UP",,,,,,,,,"  105","H,,S"
"UPM00033356","1973-09-16","50.217","31.8","128.0","YAHOTYN, UP","   10","B,,S",,,"  140",",,S","   40",",,S","   89","H,,S"
"UPM00033356","1973-09-17","50.217","31.8","128.0","YAHOTYN, UP",,,,,,,,,"   82","H,,S"
"UPM00033356","1973-09-18","50.217","31.8","128.0","YAHOTYN, UP","    0","B,,S",,,"  120",",,S",,,"   67","H,,S"
"UPM00033356","1973-09-19","50.217","31.8","128.0","YAHOTYN, UP","    0","B,,S",,,,,,,"   44","H,,S"
"UPM00033356","1973-09-20","50.217","31.8","128.0","YAHOTYN, UP",,,,,"  170",",,S",,,"  118","H,,S"
"UPM00033356","1973-09-24","50.217","31.8","128.0","YAHOTYN, UP","    0","B,,S",,,,,"   40",",,S","   54","H,,S"
"UPM00033356","1973-09-25","50.217","31.8","128.0","YAHOTYN, UP",,,,,,,"    0",",,S","   33","H,,S"
"UPM00033356","1973-09-26","50.217","31.8","128.0","YAHOTYN, UP",,,,,,,,,"   72","H,,S"
"UPM00033356","1973-09-28","50.217","31.8","128.0","YAHOTYN, UP",,,,,,,,,"  107","H,,S"
"UPM00033356","1973-09-29","50.217","31.8","128.0","YAHOTYN, UP","    0","B,,S",,,"  170",",,S",,,"   96","H,,S"
"UPM00033356","1973-09-30","50.217","31.8","128.0","YAHOTYN, UP","    0","B,,S",,,"  160",",,S",,,"  100","H,,S"
"UPM00033356","1973-10-01","50.217","31.8","128.0","YAHOTYN, UP","    0","B,,S",,,,,,,"   86","H,,S"
"UPM00033356","1973-10-02","50.217","31.8","128.0","YAHOTYN, UP","    0","B,,S",,,"  170",",,S","   50",",,S","  116","H,,S"
"UPM00033356","1973-10-03","50.217","31.8","128.0","YAHOTYN, UP","  109","B,,S",,,,,,,"  117","H,,S"
"UPM00033356","1973-10-04","50.217","31.8","128.0","YAHOTYN, UP",,,,,,,"   50",",,S","   76","H,,S"
"UPM00033356","1973-10-05","50.217","31.8","128.0","YAHOTYN, UP","    0","B,,S",,,"  200",",,S",,,"  115","H,,S"
"UPM00033356","1973-10-06","50.217","31.8","128.0","YAHOTYN, UP",,,,,"  210",",,S",,,"  134","H,,S"
"UPM00033356","1973-10-07","50.217","31.8","128.0","YAHOTYN, UP","    0","B,,S",,,"  170",",,S","   60",",,S","   92","H,,S"
"UPM00033356","1973-10-08","50.217","31.8","128.0","YAHOTYN, UP","    0","B,,S",,,"  160",",,S",,,"   52","H,,S"
"UPM00033356","1973-10-09","50.217","31.8","128.0","YAHOTYN, UP","    0","B,,S",,,"  170",",,S",,,"   77","H,,S"
"UPM00033356","1973-10-10","50.217","31.8","128.0","YAHOTYN, UP",,,,,,,,,"   62","H,,S"
"UPM00033356","1973-10-11","50.217","31.8","128.0","YAHOTYN, UP","    0","B,,S",,,,,,,"  136","H,,S"
"UPM00033356","1973-10-12","50.217","31.8","128.0","YAHOTYN, UP","    0","B,,S",,,"  190",",,S",,,"   98","H,,S"
"UPM00033356","1973-10-13","50.217","31.8","128.0","YAHOTYN, UP",,,,,,,,,"   45","H,,S"
"UPM00033356","1973-10-14","50.217","31.8","128.0","YAHOTYN, UP",,,,,,,"  -30",",,S","   33","H,,S"
"UPM00033356","1973-10-15","50.217","31.8","128.0","YAHOTYN, UP","  109","B,,S",,,"  110",",,S","   40",",,S","   93","H,,S"
"UPM00033356","1973-10-16","50.217","31.8","128.0","YAHOTYN, UP",,,,,,,,,"  135","H,,S"
"UPM00033356","1973-10-17","50.217","31.8","128.0","YAHOTYN, UP",,,,,,,"   90",",,S","  113","H,,S"
"UPM00033356","1973-10-19","50.217","31.8","128.0","YAHOTYN, UP","  119","B,,S",,,"   80",",,S","   30",",,S","   42","H,,S"
"UPM00033356","1973-10-20","50.217","31.8","128.0","YAHOTYN, UP","    0","B,,S",,,"   70",",,S",,,"   42","H,,S"
"UPM00033356","1973-10-21","50.217","31.8","128.0","YAHOTYN, UP",,,,,,,"    0",",,S","   27","H,,S"
"UPM00033356","1973-10-22","50.217","31.8","128.0","YAHOTYN, UP","   30","B,,S",,,"  120",",,S","   10",",,S","   68","H,,S"
"UPM00033356","1973-10-23","50.217","31.8","128.0","YAHOTYN, UP",,,,,,,"  -10",",,S","   12","H,,S"
"UPM00033356","1973-10-24","50.217","31.8","128.0","YAHOTYN, UP","    0","B,,S",,,"   20",",,S",,,"   -5","H,,S"
"UPM00033356","1973-10-25","50.217","31.8","128.0","YAHOTYN, UP","    0","B,,S",,,,,,,"   10","H,,S"
"UPM00033356","1973-10-26","50.217","31.8","128.0","YAHOTYN, UP","    0","B,,S",,,"   60",",,S",,,"   30","H,,S"
"UPM00033356","1973-10-27","50.217","31.8","128.0","YAHOTYN, UP","    0","B,,S",,,,,"   30",",,S","   52","H,,S"
"UPM00033356","1973-10-28","50.217","31.8","128.0","YAHOTYN, UP","    0","B,,S",,,"   50",",,S","   20",",,S","   28","H,,S"
"UPM00033356","1973-10-29","50.217","31.8","128.0","YAHOTYN, UP","    0","B,,S",,,"   40",",,S","    0",",,S","   10","H,,S"
"UPM00033356","1973-10-30","50.217","31.8","128.0","YAHOTYN, UP",,,,,"   50",",,S",,,"   36","H,,S"
"UPM00033356","1973-10-31","50.217","31.8","128.0","YAHOTYN, UP",,,,,,,"    0",",,S","    7","H,,S"
"UPM00033356","1973-11-01","50.217","31.8","128.0","YAHOTYN, UP","   20","B,,S",,,"    0",",,S",,,"  -14","H,,S"
"UPM00033356","1973-11-02","50.217","31.8","128.0","YAHOTYN, UP",,,,,,,,,"  -10","H,,S"
"UPM00033356","1973-11-05","50.217","31.8","128.0","YAHOTYN, UP",,,,,"   10",",,S",,,"    3","H,,S"
"UPM00033356","1973-11-06","50.217","31.8","128.0","YAHOTYN, UP","    0","B,,S",,,"   60",",,S","    0",",,S","   28","H,,S"
"UPM00033356","1973-11-07","50.217","31.8","128.0","YAHOTYN, UP",,,,,,,,,"   54","H,,S"
"UPM00033356","1973-11-08","50.217","31.8","128.0","YAHOTYN, UP",,,,,,,,,"   12","H,,S"
"UPM00033356","1973-11-09","50.217","31.8","128.0","YAHOTYN, UP",,,,,"   70",",,S",,,"   42","H,,S"
"UPM00033356","1973-11-10","50.217","31.8","128.0","YAHOTYN, UP",,,,,,,,,"   65","H,,S"
"UPM00033356","1973-11-11","50.217","31.8","128.0","YAHOTYN, UP","   20","B,,S",,,,,"   60",",,S","   68","H,,S"
"UPM00033356","1973-11-12","50.217","31.8","128.0","YAHOTYN, UP",,,,,,,"   20",",,S","   42","H,,S"
"UPM00033356","1973-11-13","50.217","31.8","128.0","YAHOTYN, UP",,,,,,,"    0",",,S","   15","H,,S"
"UPM00033356","1973-11-15","50.217","31.8","128.0","YAHOTYN, UP","    5","B,,S",,,,,,,"    0","H,,S"
"UPM00033356","1973-11-16","50.217","31.8","128.0","YAHOTYN, UP","   10","B,,S",,,"   10",",,S","  -50",",,S","  -22","H,,S"
"UPM00033356","1973-11-17","50.217","31.8","128.0","YAHOTYN, UP",,,,,,,"  -30",",,S","   -4","H,,S"
"UPM00033356","1973-11-20","50.217","31.8","128.0","YAHOTYN, UP",,,,,,,"  -10",",,S","    8","H,,S"
"UPM00033356","1973-11-21","50.217","31.8","128.0","YAHOTYN, UP",,,,,,,,,"    6","H,,S"
"UPM00033356","1973-11-22","50.217","31.8","128.0","YAHOTYN, UP",,,,,,,"  -50",",,S","  -28","H,,S"
"UPM00033356","1973-11-23","50.217","31.8","128.0","YAHOTYN, UP","    5","B,,S",,,"   20",",,S","  -30",",,S","    7","H,,S"
"UPM00033356","1973-11-24","50.217","31.8","128.0","YAHOTYN, UP","    0","B,,S",,,,,"   10",",,S","   37","H,,S"
"UPM00033356","1973-11-25","50.217","31.8","128.0","YAHOTYN, UP",,,,,,,,,"   35","H,,S"
"UPM00033356","1973-11-28","50.217","31.8","128.0","YAHOTYN, UP","    0","B,,S","   30",",,S",,,,,"  -66","H,,S"
"UPM00033356","1973-11-29","50.217","31.8","128.0","YAHOTYN, UP",,,"   30",",,S",,,"  -80",",,S","  -52","H,,S"
"UPM00033356","1973-11-30","50.217","31.8","128.0","YAHOTYN, UP",,,,,,,"  -90",",,S","  -65","H,,S"
"UPM00033356","1973-12-03","50.217","31.8","128.0","YAHOTYN, UP","    0","B,,S",,,,," -170",",,S"," -140","H,,S"
"UPM00033356","1973-12-05","50.217","31.8","128.0","YAHOTYN, UP","    8","B,,S",,,"    0",",,S","  -50",",,S","  -20","H,,S"
"UPM00033356","1973-12-06","50.217","31.8","128.0","YAHOTYN, UP",,,,,,,,,"  -44","H,,S"
"UPM00033356","1973-12-07","50.217","31.8","128.0","YAHOTYN, UP",,,,,,,,,"  -10","H,,S"
"UPM00033356","1973-12-08","50.217","31.8","128.0","YAHOTYN, UP","    0","B,,S",,,"   20",",,S",,,"   -4","H,,S"
"UPM00033356","1973-12-09","50.217","31.8","128.0","YAHOTYN, UP","   23","B,,S","   79",",,S","   10",",,S","  -40",",,S","    0","H,,S"
"UPM00033356","1973-12-10","50.217","31.8","128.0","YAHOTYN, UP","   20","B,,S",,,,,,," -144","H,,S"
"UPM00033356","1973-12-11","50.217","31.8","128.0","YAHOTYN, UP","    0","B,,S",,,,," -190",",,S"," -104","H,,S"
"UPM00033356","1973-12-12","50.217","31.8","128.0","YAHOTYN, UP",,,,,"  -20",",,S",,,"  -80","H,,S"
"UPM00033356","1973-12-13","50.217","31.8","128.0","YAHOTYN, UP","    0","B,,S",,,,,"  -50",",,S","  -43","H,,S"
"UPM00033356","1973-12-14","50.217","31.8","128.0","YAHOTYN, UP","    0","B,,S",,,"  -20",",,S","  -50",",,S","  -37","H,,S"
"UPM00033356","1973-12-15","50.217","31.8","128.0","YAHOTYN, UP","    5","B,,S",,,,,"  -60",",,S","  -22","H,,S"
"UPM00033356","1973-12-17","50.217","31.8","128.0","YAHOTYN, UP",,,"  231",",,S",,,,,"  -40","H,,S"
"UPM00033356","1973-12-18","50.217","31.8","128.0","YAHOTYN, UP","   10","B,,S",,,"  -10",",,S","  -80",",,S","  -42","H,,S"
"UPM00033356","1973-12-20","50.217","31.8","128.0","YAHOTYN, UP","    0","B,,S",,,"  -40",",,S"," -170",",,S","  -93","H,,S"
"UPM00033356","1973-12-21","50.217","31.8","128.0","YAHOTYN, UP",,,,,,,,,"    7","H,,S"
"UPM00033356","1973-12-23","50.217","31.8","128.0","YAHOTYN, UP",,,"   79",",,S",,,,,"   -8","H,,S"
"UPM00033356","1973-12-24","50.217","31.8","128.0","YAHOTYN, UP","    3","B,,S","   79",",,S","  -10",",,S","  -60",",,S","  -35","H,,S"
"UPM00033356","1973-12-25","50.217","31.8","128.0","YAHOTYN, UP","    3","B,,S",,,"   30",",,S",,,"   12","H,,S"
"UPM00033356","1973-12-27","50.217","31.8","128.0","YAHOTYN, UP","  140","B,,S","   79",",,S","   20",",,S",,,"   10","H,,S"
"UPM00033356","1973-12-28","50.217","31.8","128.0","YAHOTYN, UP",,,,,,,,,"   12","H,,S"
"UPM00033356","1973-12-29","50.217","31.8","128.0","YAHOTYN, UP","    3","B,,S",,,,,,,"    8","H,,S"
"UPM00033356","1973-12-30","50.217","31.8","128.0","YAHOTYN, UP","    0","B,,S",,,,,,,"   -5","H,,S"
"UPM00033356","1974-01-01","50.217","31.8","128.0","YAHOTYN, UP","    0","B,,S",,,"   10",",,S","    0",",,S","    3","H,,S"
"UPM00033356","1974-01-03","50.217","31.8","128.0","YAHOTYN, UP","    0","B,,S",,,"    0",",,S","  -90",",,S","  -53","H,,S"
"UPM00033356","1974-01-04","50.217","31.8","128.0","YAHOTYN, UP","    0","B,,S",,,"  -10",",,S","  -90",",,S","  -65","H,,S"
"UPM00033356","1974-01-05","50.217","31.8","128.0","YAHOTYN, UP","    0","B,,S",,,"  -30",",,S"," -100",",,S","  -71","H,,S"
"UPM00033356","1974-01-06","50.217","31.8","128.0","YAHOTYN, UP","    0","B,,S",,,,,"  -90",",,S","  -70","H,,S"
"UPM00033356","1974-01-07","50.217","31.8","128.0","YAHOTYN, UP","    0","B,,S",,,"  -40",",,S","  -90",",,S","  -66","H,,S"
"UPM00033356","1974-01-08","50.217","31.8","128.0","YAHOTYN, UP",,,,,,,,,"  -62","H,,S"
"UPM00033356","1974-01-09","50.217","31.8","128.0","YAHOTYN, UP","    0","B,,S",,,"  -90",",,S"," -140",",,S"," -120","H,,S"
"UPM00033356","1974-01-10","50.217","31.8","128.0","YAHOTYN, UP",,,,,,," -160",",,S"," -132","H,,S"
"UPM00033356","1974-01-11","50.217","31.8","128.0","YAHOTYN, UP","    5","B,,S",,,"  -80",",,S"," -130",",,S"," -100","H,,S"
"UPM00033356","1974-01-12","50.217","31.8","128.0","YAHOTYN, UP",,,,,"  -90",",,S",,," -106","H,,S"
"UPM00033356","1974-01-13","50.217","31.8","128.0","YAHOTYN, UP","    0","B,,S",,,"  -90",",,S"," -160",",,S"," -140","H,,S"
"UPM00033356","1974-01-14","50.217","31.8","128.0","YAHOTYN, UP","    0","B,,S",,," -110",",,S"," -160",",,S"," -142","H,,S"
"UPM00033356","1974-01-15","50.217","31.8","128.0","YAHOTYN, UP","    0","B,,S",,,,," -180",",,S"," -155","H,,S"
"UPM00033356","1974-01-16","50.217","31.8","128.0","YAHOTYN, UP",,,,,,,,," -160","H,,S"
"UPM00033356","1974-01-17","50.217","31.8","128.0","YAHOTYN, UP","    0","B,,S",,,"  -80",",,S"," -180",",,S"," -128","H,,S"
"UPM00033356","1974-01-18","50.217","31.8","128.0","YAHOTYN, UP","    3","B,,S",,,,," -120",",,S","  -95","H,,S"
"UPM00033356","1974-01-19","50.217","31.8","128.0","YAHOTYN, UP","    8","B,,S",,,"   80",",,S","  -90",",,S","  -48","H,,S"
"UPM00033356","1974-01-20","50.217","31.8","128.0","YAHOTYN, UP",,,,,"    0",",,S",,,"  -10","H,,S"
"UPM00033356","1974-01-21","50.217","31.8","128.0","YAHOTYN, UP","   10","B,,S",,,,,,,"  -53","H,,S"
"UPM00033356","1974-01-22","50.217","31.8","128.0","YAHOTYN, UP","    0","B,,S",,,"  -70",",,S",,," -110","H,,S"
"UPM00033356","1974-01-23","50.217","31.8","128.0","YAHOTYN, UP","    0","B,,S",,,,," -200",",,S"," -127","H,,S"
"UPM00033356","1974-01-24","50.217","31.8","128.0","YAHOTYN, UP","    0","B,,S",,,"    0",",,S","  -50",",,S","  -27","H,,S"
"UPM00033356","1974-01-25","50.217","31.8","128.0","YAHOTYN, UP","    3","B,,S",,,"   10",",,S","  -30",",,S","   -6","H,,S"
"UPM00033356","1974-01-26","50.217","31.8","128.0","YAHOTYN, UP","   10","B,,S",,,"   20",",,S","    0",",,S","   10","H,,S"
"UPM00033356","1974-01-27","50.217","31.8","128.0","YAHOTYN, UP","   10","B,,S",,,"   30",",,S","    0",",,S","    5","H,,S"
"UPM00033356","1974-01-28","50.217","31.8","128.0","YAHOTYN, UP",,,,,"   20",",,S",,,"    0","H,,S"
"UPM00033356","1974-01-29","50.217","31.8","128.0","YAHOTYN, UP",,,,,,,"  -30",",,S","  -26","H,,S"
"UPM00033356","1974-01-30","50.217","31.8","128.0","YAHOTYN, UP","    0","B,,S",,,,,,,"  -65","H,,S"
"UPM00033356","1974-01-31","50.217","31.8","128.0","YAHOTYN, UP","    3","B,,S",,,"  -50",",,S","  -90",",,S","  -60","H,,S"
"UPM00033356","1974-02-01","50.217","31.8","128.0","YAHOTYN, UP","    0","B,,S",,,,,"  -60",",,S","  -38","H,,S"
"UPM00033356","1974-02-02","50.217","31.8","128.0","YAHOTYN, UP","    0","B,,S",,,"  -10",",,S",,,"  -25","H,,S"
"UPM00033356","1974-02-03","50.217","31.8","128.0","YAHOTYN, UP","    0","B,,S",,,"    0",",,S",,,"  -22","H,,S"
"UPM00033356","1974-02-04","50.217","31.8","128.0","YAHOTYN, UP","    0","B,,S",,,"    0",",,S","  -20",",,S","  -14","H,,S"
"UPM00033356","1974-02-05","50.217","31.8","128.0","YAHOTYN, UP","   20","B,,S",,,"   20",",,S","    0",",,S","   10","H,,S"
"UPM00033356","1974-02-06","50.217","31.8","128.0","YAHOTYN, UP","   20","B,,S",,,"   30",",,S","    0",",,S","    4","H,,S"
"UPM00033356","1974-02-07","50.217","31.8","128.0","YAHOTYN, UP","    3","B,,S",,,"   60",",,S","    0",",,S","   32","H,,S"
"UPM00033356","1974-02-08","50.217","31.8","128.0","YAHOTYN, UP",,,,,,,"    0",",,S","   17","H,,S"
"UPM00033356","1974-02-09","50.217","31.8","128.0","YAHOTYN, UP","    0","B,,S",,,"   20",",,S","  -10",",,S","    2","H,,S"
"UPM00033356","1974-02-10","50.217","31.8","128.0","YAHOTYN, UP","    5","B,,S",,,,,"    0",",,S","   20","H,,S"
"UPM00033356","1974-02-11","50.217","31.8","128.0","YAHOTYN, UP","    0","B,,S",,,"   30",",,S","   20",",,S","   21","H,,S"
"UPM00033356","1974-02-12","50.217","31.8","128.0","YAHOTYN, UP","    0","B,,S",,,,,"   10",",,S","   28","H,,S"
"UPM00033356","1974-02-13","50.217","31.8","128.0","YAHOTYN, UP","    0","B,,S",,,,,,,"    6","H,,S"
"UPM00033356","1974-02-14","50.217","31.8","128.0","YAHOTYN, UP","    0","B,,S",,,,,"  -10",",,S","    3","H,,S"
"UPM00033356","1974-02-15","50.217","31.8","128.0","YAHOTYN, UP",,,,,"   30",",,S",,,"   -4","H,,S"
"UPM00033356","1974-02-16","50.217","31.8","128.0","YAHOTYN, UP","    5","B,,S",,,,,"    0",",,S","   12","H,,S"
"UPM00033356","1974-02-17","50.217","31.8","128.0","YAHOTYN, UP",,,,,"   60",",,S",,,"   25","H,,S"
"UPM00033356","1974-02-18","50.217","31.8","128.0","YAHOTYN, UP","    0","B,,S",,,"   50",",,S",,,"    4","H,,S"
"UPM00033356","1974-02-19","50.217","31.8","128.0","YAHOTYN, UP","    0","B,,S",,,"   10",",,S","  -10",",,S","   -2","H,,S"
"UPM00033356","1974-02-21","50.217","31.8","128.0","YAHOTYN, UP","    0","B,,S",,,,,,,"   -5","H,,S"
"UPM00033356","1974-02-23","50.217","31.8","128.0","YAHOTYN, UP",,,,,,,,,"  -38","H,,S"
"UPM00033356","1974-02-25","50.217","31.8","128.0","YAHOTYN, UP","    0","B,,S",,,"  -10",",,S","  -80",",,S","  -50","H,,S"
"UPM00033356","1974-02-26","50.217","31.8","128.0","YAHOTYN, UP","    0","B,,S",,,"    0",",,S",,,"  -47","H,,S"
"UPM00033356","1974-02-28","50.217","31.8","128.0","YAHOTYN, UP","    0","B,,S",,,"   20",",,S","  -80",",,S","  -30","H,,S"
"UPM00033356","1974-03-01","50.217","31.8","128.0","YAHOTYN, UP","    0","B,,S",,,"   30",",,S","  -70",",,S","  -23","H,,S"
"UPM00033356","1974-03-02","50.217","31.8","128.0","YAHOTYN, UP",,,,,,,"  -50",",,S","  -27","H,,S"
"UPM00033356","1974-03-03","50.217","31.8","128.0","YAHOTYN, UP","    0","B,,S",,,,,,,"  -10","H,,S"
"UPM00033356","1974-03-04","50.217","31.8","128.0","YAHOTYN, UP","    0","B,,S",,,"  -10",",,S",,,"  -18","H,,S"
"UPM00033356","1974-03-05","50.217","31.8","128.0","YAHOTYN, UP","    0","B,,S",,,"    0",",,S",,,"  -25","H,,S"
"UPM00033356","1974-03-06","50.217","31.8","128.0","YAHOTYN, UP","    0","B,,S",,,"   20",",,S","  -60",",,S","  -17","H,,S"
"UPM00033356","1974-03-07","50.217","31.8","128.0","YAHOTYN, UP","    0","B,,S",,,"   50",",,S","  -60",",,S","  -13","H,,S"
"UPM00033356","1974-03-08","50.217","31.8","128.0","YAHOTYN, UP","    0","B,,S",,,"   50",",,S",,,"   -8","H,,S"
"UPM00033356","1974-03-09","50.217","31.8","128.0","YAHOTYN, UP","    0","B,,S",,,"   60",",,S",,,"   -2","H,,S"
"UPM00033356","1974-03-10","50.217","31.8","128.0","YAHOTYN, UP","    0","B,,S",,,"   70",",,S","  -40",",,S","   -3","H,,S"
"UPM00033356","1974-03-11","50.217","31.8","128.0","YAHOTYN, UP",,,,,,,,,"    7","H,,S"
"UPM00033356","1974-03-13","50.217","31.8","128.0","YAHOTYN, UP","    0","B,,S",,,"   60",",,S",,,"  -10","H,,S"
"UPM00033356","1974-03-17","50.217","31.8","128.0","YAHOTYN, UP","   20","B,,S",,,"   20",",,S",,,"    6","H,,S"
"UPM00033356","1974-03-18","50.217","31.8","128.0","YAHOTYN, UP",,,,,,,"  -20",",,S","    8","H,,S"
"UPM00033356","1974-03-19","50.217","31.8","128.0","YAHOTYN, UP","    0","B,,S",,,,,"   10",",,S","   68","H,,S"
"UPM00033356","1974-03-20","50.217","31.8","128.0","YAHOTYN, UP","   20","B,,S",,,"  150",",,S","   20",",,S","   78","H,,S"
"UPM00033356","1974-03-22","50.217","31.8","128.0","YAHOTYN, UP",,,,,,,,,"  100","H,,S"
"UPM00033356","1974-03-23","50.217","31.8","128.0","YAHOTYN, UP",,,,,"   90",",,S",,,"   35","H,,S"
"UPM00033356","1974-03-24","50.217","31.8","128.0","YAHOTYN, UP","    0","B,,S",,,"   30",",,S","    0",",,S","    8","H,,S"
"UPM00033356","1974-03-25","50.217","31.8","128.0","YAHOTYN, UP","    0","B,,S",,,"   50",",,S",,,"   10","H,,S"
"UPM00033356","1974-03-26","50.217","31.8","128.0","YAHOTYN, UP","    0","B,,S",,,"   80",",,S",,,"    5","H,,S"
"UPM00033356","1974-03-27","50.217","31.8","128.0","YAHOTYN, UP",,,,,"   70",",,S",,,"   30","H,,S"
"UPM00033356","1974-03-28","50.217","31.8","128.0","YAHOTYN, UP",,,,,,,,,"   12","H,,S"
"UPM00033356","1974-03-30","50.217","31.8","128.0","YAHOTYN, UP","    0","B,,S",,,"  120",",,S","  -20",",,S","   58","H,,S"
"UPM00033356","1974-03-31","50.217","31.8","128.0","YAHOTYN, UP",,,,,"  130",",,S",,,"   75","H,,S"
"UPM00033356","1974-04-01","50.217","31.8","128.0","YAHOTYN, UP",,,,,,,,,"   44","H,,S"
"UPM00033356","1974-04-02","50.217","31.8","128.0","YAHOTYN, UP",,,,,,,,,"   37","H,,S"
"UPM00033356","1974-04-03","50.217","31.8","128.0","YAHOTYN, UP","    0","B,,S",,,"  120",",,S","   10",",,S","   50","H,,S"
"UPM00033356","1974-04-04","50.217","31.8","128.0","YAHOTYN, UP","    0","B,,S",,,,,,,"   64","H,,S"
"UPM00033356","1974-04-06","50.217","31.8","128.0","YAHOTYN, UP",,,,,,,,,"   66","H,,S"
"UPM00033356","1974-04-07","50.217","31.8","128.0","YAHOTYN, UP","    0","B,,S",,,"  100",",,S",,,"   52","H,,S"
"UPM00033356","1974-04-09","50.217","31.8","128.0","YAHOTYN, UP","    0","B,,S",,,"  110",",,S",,,"   56","H,,S"
"UPM00033356","1974-04-10","50.217","31.8","128.0","YAHOTYN, UP","    0","B,,S",,,"  100",",,S","   10",",,S","   55","H,,S"
"UPM00033356","1974-04-11","50.217","31.8","128.0","YAHOTYN, UP",,,,,,,,,"  123","H,,S"
"UPM00033356","1974-04-12","50.217","31.8","128.0","YAHOTYN, UP","    0","B,,S",,,"  190",",,S","   40",",,S","  107","H,,S"
"UPM00033356","1974-04-14","50.217","31.8","128.0","YAHOTYN, UP",,,,,,,,,"    7","H,,S"
"UPM00033356","1974-04-18","50.217","31.8","128.0","YAHOTYN, UP","    0","B,,S",,,"  120",",,S",,,"   70","H,,S"
"UPM00033356","1974-04-20","50.217","31.8","128.0","YAHOTYN, UP","    5","B,,S",,,"  130",",,S","  -20",",,S","   30","H,,S"
"UPM00033356","1974-04-21","50.217","31.8","128.0","YAHOTYN, UP",,,,,"  110",",,S",,,"   45","H,,S"
"UPM00033356","1974-04-22","50.217","31.8","128.0","YAHOTYN, UP","   10","B,,S",,,"  130",",,S",,,"   48","H,,S"
"UPM00033356","1974-04-23","50.217","31.8","128.0","YAHOTYN, UP",,,,,,,"    0",",,S","   32","H,,S"
"UPM00033356","1974-04-24","50.217","31.8","128.0","YAHOTYN, UP",,,,,,,,,"   90","H,,S"
"UPM00033356","1974-04-25","50.217","31.8","128.0","YAHOTYN, UP","    0","B,,S",,,"  180",",,S",,,"   90","H,,S"
"UPM00033356","1974-04-26","50.217","31.8","128.0","YAHOTYN, UP",,,,,"  120",",,S",,,"   57","H,,S"
"UPM00033356","1974-04-27","50.217","31.8","128.0","YAHOTYN, UP","    0","B,,S",,,"  100",",,S",,,"   60","H,,S"
"UPM00033356","1974-04-28","50.217","31.8","128.0","YAHOTYN, UP","    0","B,,S",,,"  150",",,S","   40",",,S","   92","H,,S"
"UPM00033356","1974-04-29","50.217","31.8","128.0","YAHOTYN, UP","    0","B,,S",,,"  160",",,S","  -10",",,S","  107","H,,S"
"UPM00033356","1974-05-01","50.217","31.8","128.0","YAHOTYN, UP","    0","B,,S",,,,,,,"  132","H,,S"
"UPM00033356","1974-05-02","50.217","31.8","128.0","YAHOTYN, UP",,,,,"  180",",,S",,,"  133","H,,S"
"UPM00033356","1974-05-03","50.217","31.8","128.0","YAHOTYN, UP","    0","B,,S",,,,,"   90",",,S","  118","H,,S"
"UPM00033356","1974-05-04","50.217","31.8","128.0","YAHOTYN, UP","    5","B,,S",,,"  190",",,S","   80",",,S","  127","H,,S"
"UPM00033356","1974-05-05","50.217","31.8","128.0","YAHOTYN, UP","    5","B,,S",,,"  220",",,S","   70",",,S","  126","H,,S"
"UPM00033356","1974-05-06","50.217","31.8","128.0","YAHOTYN, UP","    5","B,,S",,,"  210",",,S",,,"  153","H,,S"
"UPM00033356","1974-05-09","50.217","31.8","128.0","YAHOTYN, UP","    0","B,,S",,,"  150",",,S","   60",",,S","  105","H,,S"
"UPM00033356","1974-05-11","50.217","31.8","128.0","YAHOTYN, UP","   10","B,,S",,,"  140",",,S",,,"   80","H,,S"
"UPM00033356","1974-05-15","50.217","31.8","128.0","YAHOTYN, UP","    0","B,,S",,,,,"   50",",,S","  102","H,,S"
"UPM00033356","1974-05-16","50.217","31.8","128.0","YAHOTYN, UP",,,,,,,"   70",",,S","  138","H,,S"
"UPM00033356","1974-05-17","50.217","31.8","128.0","YAHOTYN, UP",,,,,,,,,"  154","H,,S"
"UPM00033356","1974-05-19","50.217","31.8","128.0","YAHOTYN, UP","    0","B,,S",,,"  160",",,S","   80",",,S","  107","H,,S"
"UPM00033356","1974-05-21","50.217","31.8","128.0","YAHOTYN, UP",,,,,"  130",",,S",,,"   80","H,,S"
"UPM00033356","1974-05-22","50.217","31.8","128.0","YAHOTYN, UP",,,,,"  190",",,S",,,"  124","H,,S"
"UPM00033356","1974-05-23","50.217","31.8","128.0","YAHOTYN, UP","  130","B,,S",,,"  110",",,S","   90",",,S","  102","H,,S"
"UPM00033356","1974-05-24","50.217","31.8","128.0","YAHOTYN, UP",,,,,"  140",",,S",,,"  112","H,,S"
"UPM00033356","1974-05-26","50.217","31.8","128.0","YAHOTYN, UP",,,,,,,"   90",",,S","  116","H,,S"
"UPM00033356","1974-05-27","50.217","31.8","128.0","YAHOTYN, UP","    0","B,,S",,,"  180",",,S",,,"  102","H,,S"
"UPM00033356","1974-05-28","50.217","31.8","128.0","YAHOTYN, UP",,,,,,,"   70",",,S","  128","H,,S"
"UPM00033356","1974-05-29","50.217","31.8","128.0","YAHOTYN, UP",,,,,,,,,"  173","H,,S"
"UPM00033356","1974-05-30","50.217","31.8","128.0","YAHOTYN, UP","    0","B,,S",,,,,,,"  168","H,,S"
"UPM00033356","1974-05-31","50.217","31.8","128.0","YAHOTYN, UP","    0","B,,S",,,"  200",",,S","   90",",,S","  132","H,,S"
"UPM00033356","1974-06-01","50.217","31.8","128.0","YAHOTYN, UP","    0","B,,S",,,"  280",",,S","  100",",,S","  175","H,,S"
"UPM00033356","1974-06-02","50.217","31.8","128.0","YAHOTYN, UP",,,,,,,,,"  208","H,,S"
"UPM00033356","1974-06-03","50.217","31.8","128.0","YAHOTYN, UP","    0","B,,S",,,,,"  140",",,S","  156","H,,S"
"UPM00033356","1974-06-04","50.217","31.8","128.0","YAHOTYN, UP","    0","B,,S",,,,,,,"  168","H,,S"
"UPM00033356","1974-06-06","50.217","31.8","128.0","YAHOTYN, UP","    0","B,,S",,,,,,,"  137","H,,S"
"UPM00033356","1974-06-07","50.217","31.8","128.0","YAHOTYN, UP","    0","B,,S",,,"  240",",,S","   70",",,S","  153","H,,S"
"UPM00033356","1974-06-08","50.217","31.8","128.0","YAHOTYN, UP",,,,,"  200",",,S",,,"  127","H,,S"
"UPM00033356","1974-06-09","50.217","31.8","128.0","YAHOTYN, UP","    0","B,,S",,,"  200",",,S","   60",",,S","  128","H,,S"
"UPM00033356","1974-06-10","50.217","31.8","128.0","YAHOTYN, UP","    0","B,,S",,,"  230",",,S","   90",",,S","  176","H,,S"
"UPM00033356","1974-06-11","50.217","31.8","128.0","YAHOTYN, UP","    0","B,,S",,,"  250",",,S","  140",",,S","  166","H,,S"
"UPM00033356","1974-06-12","50.217","31.8","128.0","YAHOTYN, UP","   20","B,,S",,,"  250",",,S",,,"  187","H,,S"
"UPM00033356","1974-06-13","50.217","31.8","128.0","YAHOTYN, UP","   10","B,,S",,,"  210",",,S",,,"  162","H,,S"
"UPM00033356","1974-06-14","50.217","31.8","128.0","YAHOTYN, UP",,,,,,,"   90",",,S","  142","H,,S"
"UPM00033356","1974-06-16","50.217","31.8","128.0","YAHOTYN, UP",,,,,"  170",",,S",,,"  147","H,,S"
"UPM00033356","1974-06-17","50.217","31.8","128.0","YAHOTYN, UP",,,,,,,,,"  112","H,,S"
"UPM00033356","1974-06-18","50.217","31.8","128.0","YAHOTYN, UP","    0","B,,S",,,"  220",",,S","   70",",,S","  160","H,,S"
"UPM00033356","1974-06-19","50.217","31.8","128.0","YAHOTYN, UP",,,,,,,"  130",",,S","  185","H,,S"
"UPM00033356","1974-06-20","50.217","31.8","128.0","YAHOTYN, UP","    0","B,,S",,,"  240",",,S","  120",",,S","  180","H,,S"
"UPM00033356","1974-06-21","50.217","31.8","128.0","YAHOTYN, UP",,,,,,,"  140",",,S","  172","H,,S"
"UPM00033356","1974-06-22","50.217","31.8","128.0","YAHOTYN, UP",,,,,,,,,"  170","H,,S"
"UPM00033356","1974-06-23","50.217","31.8","128.0","YAHOTYN, UP",,,,,,,,,"  182","H,,S"
"UPM00033356","1974-06-24","50.217","31.8","128.0","YAHOTYN, UP","   41","B,,S",,,"  240",",,S","  140",",,S","  180","H,,S"
"UPM00033356","1974-06-25","50.217","31.8","128.0","YAHOTYN, UP","  112","B,,S",,,"  200",",,S","  140",",,S","  167","H,,S"
"UPM00033356","1974-06-26","50.217","31.8","128.0","YAHOTYN, UP",,,,,,,"  130",",,S","  150","H,,S"
"UPM00033356","1974-06-28","50.217","31.8","128.0","YAHOTYN, UP",,,,,"  240",",,S",,,"  196","H,,S"
"UPM00033356","1974-06-29","50.217","31.8","128.0","YAHOTYN, UP",,,,,,,"  150",",,S","  162","H,,S"
"UPM00033356","1974-06-30","50.217","31.8","128.0","YAHOTYN, UP",,,,,,,,,"  168","H,,S"
"UPM00033356","1974-07-01","50.217","31.8","128.0","YAHOTYN, UP",,,,,,,,,"  184","H,,S"
"UPM00033356","1974-07-05","50.217","31.8","128.0","YAHOTYN, UP",,,,,"  210",",,S",,,"  148","H,,S"
"UPM00033356","1974-07-08","50.217","31.8","128.0","YAHOTYN, UP",,,,,"  150",",,S",,,"  136","H,,S"
"UPM00033356","1974-07-09","50.217","31.8","128.0","YAHOTYN, UP",,,,,"  140",",,S",,,"  118","H,,S"
"UPM00033356","1974-07-11","50.217","31.8","128.0","YAHOTYN, UP",,,,,"  220",",,S",,,"  172","H,,S"
"UPM00033356","1974-07-12","50.217","31.8","128.0","YAHOTYN, UP",,,,,,,,,"  170","H,,S"
"UPM00033356","1974-07-13","50.217","31.8","128.0","YAHOTYN, UP","    0","B,,S",,,,,"  120",",,S","  162","H,,S"
"UPM00033356","1974-07-14","50.217","31.8","128.0","YAHOTYN, UP",,,,,,,"  100",",,S","  158","H,,S"
"UPM00033356","1974-07-18","50.217","31.8","128.0","YAHOTYN, UP","    0","B,,S",,,"  260",",,S",,,"  165","H,,S"
"UPM00033356","1974-07-19","50.217","31.8","128.0","YAHOTYN, UP",,,,,"  290",",,S",,,"  213","H,,S"
"UPM00033356","1974-07-20","50.217","31.8","128.0","YAHOTYN, UP","    0","B,,S",,,"  270",",,S","  180",",,S","  206","H,,S"
"UPM00033356","1974-07-21","50.217","31.8","128.0","YAHOTYN, UP",,,,,,,,,"  214","H,,S"
"UPM00033356","1974-07-22","50.217","31.8","128.0","YAHOTYN, UP",,,,,,,,,"  194","H,,S"
"UPM00033356","1974-07-23","50.217","31.8","128.0","YAHOTYN, UP","   30","B,,S",,,"  260",",,S","  140",",,S","  177","H,,S"
"UPM00033356","1974-07-24","50.217","31.8","128.0","YAHOTYN, UP",,,,,,,"  130",",,S","  183","H,,S"
"UPM00033356","1974-07-27","50.217","31.8","128.0","YAHOTYN, UP","    0","B,,S",,,,,"  100",",,S","  152","H,,S"
"UPM00033356","1974-07-28","50.217","31.8","128.0","YAHOTYN, UP",,,,,"  240",",,S",,,"  160","H,,S"
"UPM00033356","1974-07-30","50.217","31.8","128.0","YAHOTYN, UP",,,,,,,,,"  175","H,,S"
"UPM00033356","1974-07-31","50.217","31.8","128.0","YAHOTYN, UP","    0","B,,S",,,"  230",",,S","  120",",,S","  162","H,,S"
"UPM00033356","1974-08-01","50.217","31.8","128.0","YAHOTYN, UP","    0","B,,S",,,"  250",",,S",,,"  170","H,,S"
"UPM00033356","1974-08-02","50.217","31.8","128.0","YAHOTYN, UP",,,,,,,"  120",",,S","  157","H,,S"
"UPM00033356","1974-08-05","50.217","31.8","128.0","YAHOTYN, UP",,,,,,,"  120",",,S","  205","H,,S"
"UPM00033356","1974-08-06","50.217","31.8","128.0","YAHOTYN, UP",,,,,,,,,"  186","H,,S"
"UPM00033356","1974-08-07","50.217","31.8","128.0","YAHOTYN, UP",,,,,"  210",",,S",,,"  150","H,,S"
"UPM00033356","1974-08-08","50.217","31.8","128.0","YAHOTYN, UP","   30","B,,S",,,"  220",",,S",,,"  145","H,,S"
"UPM00033356","1974-08-09","50.217","31.8","128.0","YAHOTYN, UP","    0","B,,S",,,"  260",",,S","  120",",,S","  178","H,,S"
"UPM00033356","1974-08-11","50.217","31.8","128.0","YAHOTYN, UP",,,,,,,"  150",",,S","  173","H,,S"
"UPM00033356","1974-08-12","50.217","31.8","128.0","YAHOTYN, UP","   71","B,,S",,,"  260",",,S","  120",",,S","  192","H,,S"
"UPM00033356","1974-08-14","50.217","31.8","128.0","YAHOTYN, UP",,,,,,,,,"  182","H,,S"
"UPM00033356","1974-08-15","50.217","31.8","128.0","YAHOTYN, UP",,,,,"  240",",,S",,,"  184","H,,S"
"UPM00033356","1974-08-16","50.217","31.8","128.0","YAHOTYN, UP","    0","B,,S",,,"  240",",,S",,,"  180","H,,S"
"UPM00033356","1974-08-17","50.217","31.8","128.0","YAHOTYN, UP",,,,,,,,,"  195","H,,S"
"UPM00033356","1974-08-18","50.217","31.8","128.0","YAHOTYN, UP","    0","B,,S",,,,,,,"  238","H,,S"
"UPM00033356","1974-08-19","50.217","31.8","128.0","YAHOTYN, UP","    0","B,,S",,,"  290",",,S","  170",",,S","  227","H,,S"
"UPM00033356","1974-08-20","50.217","31.8","128.0","YAHOTYN, UP","    0","B,,S",,,"  240",",,S",,,"  172","H,,S"
"UPM00033356","1974-08-21","50.217","31.8","128.0","YAHOTYN, UP",,,,,,,,,"  163","H,,S"
"UPM00033356","1974-08-22","50.217","31.8","128.0","YAHOTYN, UP","    0","B,,S",,,,,"   80",",,S","  145","H,,S"
"UPM00033356","1974-08-25","50.217","31.8","128.0","YAHOTYN, UP","    0","B,,S",,,"  200",",,S",,,"  166","H,,S"
"UPM00033356","1974-08-26","50.217","31.8","128.0","YAHOTYN, UP","    0","B,,S",,,"  200",",,S",,,"  166","H,,S"
"UPM00033356","1974-08-27","50.217","31.8","128.0","YAHOTYN, UP","    0","B,,S",,,"  250",",,S","  130",",,S","  168","H,,S"
"UPM00033356","1974-08-28","50.217","31.8","128.0","YAHOTYN, UP",,,,,"  260",",,S",,,"  174","H,,S"
"UPM00033356","1974-08-29","50.217","31.8","128.0","YAHOTYN, UP","    0","B,,S",,,,,"  120",",,S","  195","H,,S"
"UPM00033356","1974-08-31","50.217","31.8","128.0","YAHOTYN, UP","    0","B,,S",,,,,"  120",",,S","  190","H,,S"
"UPM00033356","1974-09-01","50.217","31.8","128.0","YAHOTYN, UP","    0","B,,S",,,"  260",",,S","  130",",,S","  158","H,,S"
"UPM00033356","1974-09-02","50.217","31.8","128.0","YAHOTYN, UP","    0","B,,S",,,"  250",",,S","  130",",,S","  170","H,,S"
"UPM00033356","1974-09-03","50.217","31.8","128.0","YAHOTYN, UP","    0","B,,S",,,"  240",",,S",,,"  154","H,,S"
"UPM00033356","1974-09-04","50.217","31.8","128.0","YAHOTYN, UP","    0","B,,S",,,"  260",",,S",,,"  144","H,,S"
"UPM00033356","1974-09-05","50.217","31.8","128.0","YAHOTYN, UP","    0","B,,S",,,"  260",",,S",,,"  183","H,,S"
"UPM00033356","1974-09-07","50.217","31.8","128.0","YAHOTYN, UP","    0","B,,S",,,"  250",",,S",,,"  152","H,,S"
"UPM00033356","1974-09-08","50.217","31.8","128.0","YAHOTYN, UP","    0","B,,S",,,"  260",",,S","   90",",,S","  174","H,,S"
"UPM00033356","1974-09-09","50.217","31.8","128.0","YAHOTYN, UP",,,,,"  260",",,S",,,"  165","H,,S"
"UPM00033356","1974-09-10","50.217","31.8","128.0","YAHOTYN, UP","    0","B,,S",,,"  270",",,S","   90",",,S","  158","H,,S"
"UPM00033356","1974-09-11","50.217","31.8","128.0","YAHOTYN, UP","   20","B,,S",,,"  210",",,S",,,"  144","H,,S"
"UPM00033356","1974-09-12","50.217","31.8","128.0","YAHOTYN, UP","    0","B,,S",,,"  200",",,S",,,"  142","H,,S"
"UPM00033356","1974-09-13","50.217","31.8","128.0","YAHOTYN, UP","    0","B,,S",,,"  210",",,S","   70",",,S","  120","H,,S"
"UPM00033356","1974-09-14","50.217","31.8","128.0","YAHOTYN, UP","    0","B,,S",,,"  220",",,S","   70",",,S","  146","H,,S"
"UPM00033356","1974-09-15","50.217","31.8","128.0","YAHOTYN, UP","   41","B,,S",,,"  170",",,S",,,"  120","H,,S"
"UPM00033356","1974-09-17","50.217","31.8","128.0","YAHOTYN, UP","    0","B,,S",,,"  170",",,S",,,"   97","H,,S"
"UPM00033356","1974-09-18","50.217","31.8","128.0","YAHOTYN, UP","    0","B,,S",,,"  180",",,S","   40",",,S","   86","H,,S"
"UPM00033356","1974-09-19","50.217","31.8","128.0","YAHOTYN, UP","    0","B,,S",,,,,"   20",",,S","  125","H,,S"
"UPM00033356","1974-09-20","50.217","31.8","128.0","YAHOTYN, UP","    0","B,,S",,,"  180",",,S",,,"   77","H,,S"
"UPM00033356","1974-09-21","50.217","31.8","128.0","YAHOTYN, UP","    0","B,,S",,,"  220",",,S",,,"  147","H,,S"
"UPM00033356","1974-09-22","50.217","31.8","128.0","YAHOTYN, UP","    0","B,,S",,,"  200",",,S",,,"  150","H,,S"
"UPM00033356","1974-09-23","50.217","31.8","128.0","YAHOTYN, UP","    0","B,,S",,,"  220",",,S","  110",",,S","  147","H,,S"
"UPM00033356","1974-09-24","50.217","31.8","128.0","YAHOTYN, UP",,,,,,,"  110",",,S","  158","H,,S"
"UPM00033356","1974-09-26","50.217","31.8","128.0","YAHOTYN, UP","    0","B,,S",,,"  250",",,S","  110",",,S","  185","H,,S"
"UPM00033356","1974-09-27","50.217","31.8","128.0","YAHOTYN, UP",,,,,"  220",",,S",,,"  180","H,,S"
"UPM00033356","1974-09-28","50.217","31.8","128.0","YAHOTYN, UP",,,,,"  180",",,S",,,"  148","H,,S"
"UPM00033356","1974-09-29","50.217","31.8","128.0","YAHOTYN, UP","    0","B,,S",,,"  160",",,S","  110",",,S","  133","H,,S"
"UPM00033356","1974-09-30","50.217","31.8","128.0","YAHOTYN, UP","    0","B,,S",,,"  160",",,S","  110",",,S","  122","H,,S"
"UPM00033356","1974-10-01","50.217","31.8","128.0","YAHOTYN, UP","    5","B,,S",,,,,"   80",",,S","  114","H,,S"
"UPM00033356","1974-10-02","50.217","31.8","128.0","YAHOTYN, UP","    0","B,,S",,,"  160",",,S","  100",",,S","  138","H,,S"
"UPM00033356","1974-10-05","50.217","31.8","128.0","YAHOTYN, UP","    0","B,,S",,,"  160",",,S",,,"   87","H,,S"
"UPM00033356","1974-10-06","50.217","31.8","128.0","YAHOTYN, UP","    0","B,,S",,,"  180",",,S",,,"  110","H,,S"
"UPM00033356","1974-10-07","50.217","31.8","128.0","YAHOTYN, UP",,,,,"  200",",,S",,,"  142","H,,S"
"UPM00033356","1974-10-08","50.217","31.8","128.0","YAHOTYN, UP","    0","B,,S",,,"  210",",,S",,,"  137","H,,S"
"UPM00033356","1974-10-10","50.217","31.8","128.0","YAHOTYN, UP","    0","B,,S",,,"  160",",,S","   60",",,S","  105","H,,S"
"UPM00033356","1974-10-13","50.217","31.8","128.0","YAHOTYN, UP","    3","B,,S",,,"  170",",,S","   40",",,S","   92","H,,S"
"UPM00033356","1974-10-14","50.217","31.8","128.0","YAHOTYN, UP",,,,,,,"   60",",,S","  115","H,,S"
"UPM00033356","1974-10-15","50.217","31.8","128.0","YAHOTYN, UP","    5","B,,S",,,"  180",",,S","   70",",,S","  127","H,,S"
"UPM00033356","1974-10-18","50.217","31.8","128.0","YAHOTYN, UP",,,,,,,"   30",",,S","   62","H,,S"
"UPM00033356","1974-10-19","50.217","31.8","128.0","YAHOTYN, UP","    0","B,,S",,,,,"   10",",,S","   40","H,,S"
"UPM00033356","1974-10-20","50.217","31.8","128.0","YAHOTYN, UP","   10","B,,S",,,"  110",",,S",,,"   73","H,,S"
"UPM00033356","1974-10-21","50.217","31.8","128.0","YAHOTYN, UP","    5","B,,S",,,"  120",",,S","   50",",,S","   74","H,,S"
"UPM00033356","1974-10-22","50.217","31.8","128.0","YAHOTYN, UP",,,,,,,"   60",",,S","   94","H,,S"
"UPM00033356","1974-10-26","50.217","31.8","128.0","YAHOTYN, UP","   41","B,,S",,,"  100",",,S","   30",",,S","   64","H,,S"
"UPM00033356","1974-10-27","50.217","31.8","128.0","YAHOTYN, UP",,,,,,,"  -10",",,S","   28","H,,S"
"UPM00033356","1974-10-29","50.217","31.8","128.0","YAHOTYN, UP","    0","B,,S",,,"   90",",,S","    0",",,S","   36","H,,S"
"UPM00033356","1974-10-30","50.217","31.8","128.0","YAHOTYN, UP","    0","B,,S",,,"  140",",,S","   40",",,S","   98","H,,S"
"UPM00033356","1974-10-31","50.217","31.8","128.0","YAHOTYN, UP","    5","B,,S",,,,,,,"   80","H,,S"
"UPM00033356","1974-11-01","50.217","31.8","128.0","YAHOTYN, UP","   99","B,,S",,,,,,,"   42","H,,S"
"UPM00033356","1974-11-02","50.217","31.8","128.0","YAHOTYN, UP",,,,,"  110",",,S",,,"   64","H,,S"
"UPM00033356","1974-11-03","50.217","31.8","128.0","YAHOTYN, UP",,,,,"   60",",,S",,,"   43","H,,S"
"UPM00033356","1974-11-04","50.217","31.8","128.0","YAHOTYN, UP","    0","B,,S",,,"   50",",,S","    0",",,S","   24","H,,S"
"UPM00033356","1974-11-06","50.217","31.8","128.0","YAHOTYN, UP",,,,,,,"   20",",,S","   48","H,,S"
"UPM00033356","1974-11-07","50.217","31.8","128.0","YAHOTYN, UP","   41","B,,S",,,"   60",",,S",,,"   37","H,,S"
"UPM00033356","1974-11-08","50.217","31.8","128.0","YAHOTYN, UP","    0","B,,S",,,,,"   20",",,S","   22","H,,S"
"UPM00033356","1974-11-10","50.217","31.8","128.0","YAHOTYN, UP","    0","B,,S",,,,,,,"   13","H,,S"
"UPM00033356","1974-11-11","50.217","31.8","128.0","YAHOTYN, UP",,,,,,,"  -20",",,S","    2","H,,S"
"UPM00033356","1974-11-12","50.217","31.8","128.0","YAHOTYN, UP","    0","B,,S",,,"   50",",,S",,,"   20","H,,S"
"UPM00033356","1974-11-13","50.217","31.8","128.0","YAHOTYN, UP",,,,,,,,,"   48","H,,S"
"UPM00033356","1974-11-14","50.217","31.8","128.0","YAHOTYN, UP",,,,,"   80",",,S",,,"   10","H,,S"
"UPM00033356","1974-11-17","50.217","31.8","128.0","YAHOTYN, UP","    0","B,,S",,,"   70",",,S",,,"   40","H,,S"
"UPM00033356","1974-11-18","50.217","31.8","128.0","YAHOTYN, UP","    0","B,,S",,,"   80",",,S",,,"    5","H,,S"
"UPM00033356","1974-11-21","50.217","31.8","128.0","YAHOTYN, UP",,,,,,,,,"   12","H,,S"
"UPM00033356","1974-11-22","50.217","31.8","128.0","YAHOTYN, UP","    0","B,,S",,,"   30",",,S","  -20",",,S","   12","H,,S"
"UPM00033356","1974-11-23","50.217","31.8","128.0","YAHOTYN, UP","   10","B,,S",,,,,"    0",",,S","   15","H,,S"
"UPM00033356","1974-11-24","50.217","31.8","128.0","YAHOTYN, UP","    0","B,,S",,,,,,,"   -7","H,,S"
"UPM00033356","1974-11-25","50.217","31.8","128.0","YAHOTYN, UP","    0","B,,S",,,"  -40",",,S","  -50",",,S","  -43","H,,S"
"UPM00033356","1974-11-27","50.217","31.8","128.0","YAHOTYN, UP","   81","B,,S",,,"   10",",,S","  -10",",,S","    0","H,,S"
"UPM00033356","1974-11-28","50.217","31.8","128.0","YAHOTYN, UP","    0","B,,S",,,"   30",",,S","  -20",",,S","   -6","H,,S"
"UPM00033356","1974-11-29","50.217","31.8","128.0","YAHOTYN, UP",,,,,,,"    0",",,S","   15","H,,S"
"UPM00033356","1974-11-30","50.217","31.8","128.0","YAHOTYN, UP","   41","B,,S",,,"   20",",,S",,,"   -8","H,,S"
"UPM00033356","1974-12-01","50.217","31.8","128.0","YAHOTYN, UP","    0","B,,S",,,,,,,"  -46","H,,S"
"UPM00033356","1974-12-02","50.217","31.8","128.0","YAHOTYN, UP","    3","B,,S",,,"    0",",,S",,,"  -20","H,,S"
"UPM00033356","1974-12-05","50.217","31.8","128.0","YAHOTYN, UP","    0","B,,S",,,"   20",",,S","    0",",,S","    7","H,,S"
"UPM00033356","1974-12-06","50.217","31.8","128.0","YAHOTYN, UP","   10","B,,S","   51",",,S","   10",",,S",,,"   -7","H,,S"
"UPM00033356","1974-12-07","50.217","31.8","128.0","YAHOTYN, UP","    3","B,,S",,,"  -20",",,S","  -60",",,S","  -33","H,,S"
"UPM00033356","1974-12-09","50.217","31.8","128.0","YAHOTYN, UP","   10","B,,S",,,"  -20",",,S",,,"  -34","H,,S"
"UPM00033356","1974-12-10","50.217","31.8","128.0","YAHOTYN, UP",,,,,,," -110",",,S","  -68","H,,S"
"UPM00033356","1974-12-13","50.217","31.8","128.0","YAHOTYN, UP","    5","B,,S",,,"   20",",,S","    0",",,S","   10","H,,S"
"UPM00033356","1974-12-14","50.217","31.8","128.0","YAHOTYN, UP","    0","B,,S",,,,,,,"  -18","H,,S"
"UPM00033356","1974-12-15","50.217","31.8","128.0","YAHOTYN, UP","    0","B,,S",,,"  -30",",,S",,,"  -40","H,,S"
"UPM00033356","1974-12-16","50.217","31.8","128.0","YAHOTYN, UP",,,,,,,"  -50",",,S","  -40","H,,S"
"UPM00033356","1974-12-17","50.217","31.8","128.0","YAHOTYN, UP","    5","B,,S",,,"  -10",",,S","  -50",",,S","  -32","H,,S"
"UPM00033356","1974-12-18","50.217","31.8","128.0","YAHOTYN, UP",,,,,"    0",",,S",,,"   -5","H,,S"
"UPM00033356","1974-12-19","50.217","31.8","128.0","YAHOTYN, UP","    0","B,,S",,,"  -20",",,S","  -30",",,S","  -22","H,,S"
"UPM00033356","1974-12-20","50.217","31.8","128.0","YAHOTYN, UP","    0","B,,S",,,,,"  -30",",,S","  -16","H,,S"
"UPM00033356","1974-12-21","50.217","31.8","128.0","YAHOTYN, UP","    0","B,,S",,,"   10",",,S","  -20",",,S","   -3","H,,S"
"UPM00033356","1974-12-22","50.217","31.8","128.0","YAHOTYN, UP","   25","B,,S",,,"   40",",,S","   10",",,S","   30","H,,S"
"UPM00033356","1974-12-23","50.217","31.8","128.0","YAHOTYN, UP","    5","B,,S",,,"   50",",,S","   30",",,S","   32","H,,S"
"UPM00033356","1974-12-24","50.217","31.8","128.0","YAHOTYN, UP","    0","B,,S",,,"   40",",,S",,,"   32","H,,S"
"UPM00033356","1974-12-25","50.217","31.8","128.0","YAHOTYN, UP",,,,,,,,,"   13","H,,S"
"UPM00033356","1974-12-27","50.217","31.8","128.0","YAHOTYN, UP","   25","B,,S",,,,,"    0",",,S","   22","H,,S"
"UPM00033356","1974-12-28","50.217","31.8","128.0","YAHOTYN, UP","   10","B,,S",,,"   30",",,S","  -10",",,S","   15","H,,S"
"UPM00033356","1974-12-29","50.217","31.8","128.0","YAHOTYN, UP","   33","B,,S",,,"   70",",,S","   20",",,S","   43","H,,S"
"UPM00033356","1974-12-30","50.217","31.8","128.0","YAHOTYN, UP","   51","B,,S",,,,,,,"   35","H,,S"
"UPM00033356","1974-12-31","50.217","31.8","128.0","YAHOTYN, UP","    0","B,,S",,,,,,,"  -16","H,,S"
"UPM00033356","1975-01-01","50.217","31.8","128.0","YAHOTYN, UP",,,,,"  -20",",,S",,,"  -42","H,,S"
"UPM00033356","1975-01-02","50.217","31.8","128.0","YAHOTYN, UP",,,,,"   10",",,S",,,"  -25","H,,S"
"UPM00033356","1975-01-04","50.217","31.8","128.0","YAHOTYN, UP",,,,,,,,,"   10","H,,S"
"UPM00033356","1975-01-05","50.217","31.8","128.0","YAHOTYN, UP",,,,,,,,,"    7","H,,S"
"UPM00033356","1975-01-11","50.217","31.8","128.0","YAHOTYN, UP","    8","B,,S",,,"   40",",,S","  -30",",,S","    6","H,,S"
"UPM00033356","1975-01-12","50.217","31.8","128.0","YAHOTYN, UP","    8","B,,S",,,,,,,"    0","H,,S"
"UPM00033356","1975-01-15","50.217","31.8","128.0","YAHOTYN, UP","    0","B,,S",,,,,"    0",",,S","   13","H,,S"
"UPM00033356","1975-01-17","50.217","31.8","128.0","YAHOTYN, UP",,,,,,,,,"   -6","H,,S"
"UPM00033356","1975-01-18","50.217","31.8","128.0","YAHOTYN, UP","    0","B,,S",,,,,"  -10",",,S","    2","H,,S"
"UPM00033356","1975-01-23","50.217","31.8","128.0","YAHOTYN, UP",,,,,,,,,"  -20","H,,S"
"UPM00033356","1975-01-24","50.217","31.8","128.0","YAHOTYN, UP",,,,,,,,,"  -14","H,,S"
"UPM00033356","1975-01-25","50.217","31.8","128.0","YAHOTYN, UP","    8","B,,S",,,"   30",",,S","  -10",",,S","    3","H,,S"
"UPM00033356","1975-01-26","50.217","31.8","128.0","YAHOTYN, UP","    0","B,,S",,,"   50",",,S","  -10",",,S","    2","H,,S"
"UPM00033356","1975-01-29","50.217","31.8","128.0","YAHOTYN, UP","   13","B,,S",,,"    0",",,S","  -50",",,S","  -14","H,,S"
"UPM00033356","1975-02-02","50.217","31.8","128.0","YAHOTYN, UP","    0","B,,S",,,"  -70",",,S"," -100",",,S","  -86","H,,S"
"UPM00033356","1975-02-03","50.217","31.8","128.0","YAHOTYN, UP",,,,,,," -140",",,S"," -108","H,,S"
"UPM00033356","1975-02-04","50.217","31.8","128.0","YAHOTYN, UP","    0","B,,S",,,,," -170",",,S"," -100","H,,S"
"UPM00033356","1975-02-05","50.217","31.8","128.0","YAHOTYN, UP","    3","B,,S",,,"   20",",,S",,,"   -7","H,,S"
"UPM00033356","1975-02-06","50.217","31.8","128.0","YAHOTYN, UP",,,,,,,"  -30",",,S","  -16","H,,S"
"UPM00033356","1975-02-07","50.217","31.8","128.0","YAHOTYN, UP","   20","B,,S",,,"   10",",,S",,,"  -14","H,,S"
"UPM00033356","1975-02-08","50.217","31.8","128.0","YAHOTYN, UP","    5","B,,S",,,,,,,"  -60","H,,S"
"UPM00033356","1975-02-11","50.217","31.8","128.0","YAHOTYN, UP","    0","B,,S",,,"  -10",",,S","  -60",",,S","  -24","H,,S"
"UPM00033356","1975-02-12","50.217","31.8","128.0","YAHOTYN, UP","    0","B,,S",,,"   20",",,S","  -40",",,S","  -16","H,,S"
"UPM00033356","1975-02-13","50.217","31.8","128.0","YAHOTYN, UP","    3","B,,S",,,,,,,"   -8","H,,S"
"UPM00033356","1975-02-14","50.217","31.8","128.0","YAHOTYN, UP",,,"   79",",,S",,,"    0",",,S","   17","H,,S"
"UPM00033356","1975-02-16","50.217","31.8","128.0","YAHOTYN, UP","    0","B,,S",,,,,,,"  -52","H,,S"
"UPM00033356","1975-02-17","50.217","31.8","128.0","YAHOTYN, UP","    0","B,,S",,,"  -10",",,S"," -100",",,S","  -57","H,,S"
"UPM00033356","1975-02-18","50.217","31.8","128.0","YAHOTYN, UP",,,,,,,,,"  -20","H,,S"
"UPM00033356","1975-02-19","50.217","31.8","128.0","YAHOTYN, UP","    0","B,,S",,,"   30",",,S",,,"   10","H,,S"
"UPM00033356","1975-02-20","50.217","31.8","128.0","YAHOTYN, UP",,,,,"   10",",,S","  -20",",,S","  -12","H,,S"
"UPM00033356","1975-02-21","50.217","31.8","128.0","YAHOTYN, UP","    0","B,,S",,,"   20",",,S","  -60",",,S","  -18","H,,S"
"UPM00033356","1975-02-22","50.217","31.8","128.0","YAHOTYN, UP",,,,,,,"  -40",",,S","  -24","H,,S"
"UPM00033356","1975-02-24","50.217","31.8","128.0","YAHOTYN, UP","    0","B,,S",,,"   10",",,S","  -20",",,S","   -8","H,,S"
"UPM00033356","1975-02-25","50.217","31.8","128.0","YAHOTYN, UP","   79","B,,S",,,,,"  -40",",,S","  -20","H,,S"
"UPM00033356","1975-02-26","50.217","31.8","128.0","YAHOTYN, UP",,,,,"  -10",",,S",,,"  -47","H,,S"
"UPM00033356","1975-02-27","50.217","31.8","128.0","YAHOTYN, UP","    0","B,,S",,,"   10",",,S","  -80",",,S","  -55","H,,S"
"UPM00033356","1975-03-02","50.217","31.8","128.0","YAHOTYN, UP",,,"   79",",,S",,,"  -10",",,S","   -5","H,,S"
"UPM00033356","1975-03-03","50.217","31.8","128.0","YAHOTYN, UP","    0","B,,S",,,,,,,"  -62","H,,S"
"UPM00033356","1975-03-04","50.217","31.8","128.0","YAHOTYN, UP",,,,,,,"  -40",",,S","   10","H,,S"
"UPM00033356","1975-03-06","50.217","31.8","128.0","YAHOTYN, UP","    3","B,,S",,,"   80",",,S","   10",",,S","   20","H,,S"
"UPM00033356","1975-03-08","50.217","31.8","128.0","YAHOTYN, UP",,,,,,,,,"   50","H,,S"
"UPM00033356","1975-03-09","50.217","31.8","128.0","YAHOTYN, UP","    3","B,,S",,,"   70",",,S","   20",",,S","   32","H,,S"
"UPM00033356","1975-03-10","50.217","31.8","128.0","YAHOTYN, UP",,,,,"   60",",,S",,,"   48","H,,S"
"UPM00033356","1975-03-11","50.217","31.8","128.0","YAHOTYN, UP","    0","B,,S",,,,,"    0",",,S","   12","H,,S"
"UPM00033356","1975-03-12","50.217","31.8","128.0","YAHOTYN, UP","    0","B,,S",,,"   40",",,S","   10",",,S","   28","H,,S"
"UPM00033356","1975-03-13","50.217","31.8","128.0","YAHOTYN, UP","   20","B,,S",,,"   30",",,S","    0",",,S","   14","H,,S"
"UPM00033356","1975-03-14","50.217","31.8","128.0","YAHOTYN, UP","    0","B,,S",,,"   70",",,S","  -30",",,S","   15","H,,S"
"UPM00033356","1975-03-15","50.217","31.8","128.0","YAHOTYN, UP","    0","B,,S",,,,,"  -10",",,S","   22","H,,S"
"UPM00033356","1975-03-18","50.217","31.8","128.0","YAHOTYN, UP",,,,,"   50",",,S",,,"   35","H,,S"
"UPM00033356","1975-03-19","50.217","31.8","128.0","YAHOTYN, UP","    0","B,,S",,,"   90",",,S","   10",",,S","   48","H,,S"
"UPM00033356","1975-03-20","50.217","31.8","128.0","YAHOTYN, UP","   10","B,,S",,,"  110",",,S",,,"   57","H,,S"
"UPM00033356","1975-03-21","50.217","31.8","128.0","YAHOTYN, UP","   71","B,,S",,,"   10",",,S","  -10",",,S","   -4","H,,S"
"UPM00033356","1975-03-22","50.217","31.8","128.0","YAHOTYN, UP","    0","B,,S",,,"   30",",,S","  -30",",,S","   -6","H,,S"
"UPM00033356","1975-03-23","50.217","31.8","128.0","YAHOTYN, UP","    0","B,,S",,,"   40",",,S","  -30",",,S","   -5","H,,S"
"UPM00033356","1975-03-24","50.217","31.8","128.0","YAHOTYN, UP","    0","B,,S",,,,,"  -20",",,S","   -8","H,,S"
"UPM00033356","1975-03-25","50.217","31.8","128.0","YAHOTYN, UP",,,,,"   20",",,S",,,"    0","H,,S"
"UPM00033356","1975-03-26","50.217","31.8","128.0","YAHOTYN, UP",,,,,"   40",",,S",,,"   20","H,,S"
"UPM00033356","1975-03-27","50.217","31.8","128.0","YAHOTYN, UP","    0","B,,S",,,"   60",",,S",,,"   13","H,,S"
"UPM00033356","1975-03-28","50.217","31.8","128.0","YAHOTYN, UP",,,,,,,,,"   72","H,,S"
"UPM00033356","1975-03-29","50.217","31.8","128.0","YAHOTYN, UP","    0","B,,S",,,,,"   40",",,S","   94","H,,S"
"UPM00033356","1975-03-30","50.217","31.8","128.0","YAHOTYN, UP","    0","B,,S",,,"  140",",,S","   30",",,S","   83","H,,S"
"UPM00033356","1975-03-31","50.217","31.8","128.0","YAHOTYN, UP",,,,,"  200",",,S",,,"  132","H,,S"
"UPM00033356","1975-04-01","50.217","31.8","128.0","YAHOTYN, UP","    0","B,,S",,,"  200",",,S",,,"  106","H,,S"
"UPM00033356","1975-04-03","50.217","31.8","128.0","YAHOTYN, UP",,,,,"  230",",,S",,,"  185","H,,S"
"UPM00033356","1975-04-04","50.217","31.8","128.0","YAHOTYN, UP","    0","B,,S",,,"  170",",,S",,,"  108","H,,S"
"UPM00033356","1975-04-05","50.217","31.8","128.0","YAHOTYN, UP",,,,,"  200",",,S",,,"  147","H,,S"
"UPM00033356","1975-04-06","50.217","31.8","128.0","YAHOTYN, UP","    0","B,,S",,,,,,,"  144","H,,S"
"UPM00033356","1975-04-07","50.217","31.8","128.0","YAHOTYN, UP","    0","B,,S",,,,,,,"  168","H,,S"
"UPM00033356","1975-04-08","50.217","31.8","128.0","YAHOTYN, UP","    0","B,,S",,,"  270",",,S","   80",",,S","  154","H,,S"
"UPM00033356","1975-04-09","50.217","31.8","128.0","YAHOTYN, UP",,,,,,,,,"  138","H,,S"
"UPM00033356","1975-04-10","50.217","31.8","128.0","YAHOTYN, UP","    0","B,,S",,,"  180",",,S","   30",",,S","  100","H,,S"
"UPM00033356","1975-04-11","50.217","31.8","128.0","YAHOTYN, UP",,,,,"  200",",,S",,,"  148","H,,S"
"UPM00033356","1975-04-12","50.217","31.8","128.0","YAHOTYN, UP","   46","B,,S",,,,,,,"   46","H,,S"
"UPM00033356","1975-04-14","50.217","31.8","128.0","YAHOTYN, UP","   23","B,,S",,,"   60",",,S",,,"   15","H,,S"
"UPM00033356","1975-04-15","50.217","31.8","128.0","YAHOTYN, UP",,,,,,,,,"   32","H,,S"
"UPM00033356","1975-04-16","50.217","31.8","128.0","YAHOTYN, UP",,,,,,,"    0",",,S","   82","H,,S"
"UPM00033356","1975-04-17","50.217","31.8","128.0","YAHOTYN, UP","    5","B,,S",,,"  200",",,S","   70",",,S","  130","H,,S"
"UPM00033356","1975-04-19","50.217","31.8","128.0","YAHOTYN, UP",,,,,,,,,"  155","H,,S"
"UPM00033356","1975-04-20","50.217","31.8","128.0","YAHOTYN, UP",,,,,,,,,"  135","H,,S"
"UPM00033356","1975-04-21","50.217","31.8","128.0","YAHOTYN, UP",,,,,"  130",",,S",,,"  116","H,,S"
"UPM00033356","1975-04-22","50.217","31.8","128.0","YAHOTYN, UP",,,,,"  210",",,S",,,"  126","H,,S"
"UPM00033356","1975-04-23","50.217","31.8","128.0","YAHOTYN, UP",,,,,,,,,"  135","H,,S"
"UPM00033356","1975-04-24","50.217","31.8","128.0","YAHOTYN, UP",,,,,"  170",",,S",,,"  128","H,,S"
"UPM00033356","1975-04-25","50.217","31.8","128.0","YAHOTYN, UP",,,,,"  140",",,S",,,"  102","H,,S"
"UPM00033356","1975-04-26","50.217","31.8","128.0","YAHOTYN, UP",,,,,"  160",",,S",,,"  108","H,,S"
"UPM00033356","1975-04-27","50.217","31.8","128.0","YAHOTYN, UP","    0","B,,S",,,"  150",",,S","   60",",,S","  101","H,,S"
"UPM00033356","1975-04-29","50.217","31.8","128.0","YAHOTYN, UP",,,,,,,,,"  124","H,,S"
"UPM00033356","1975-04-30","50.217","31.8","128.0","YAHOTYN, UP","    0","B,,S",,,,,,,"  170","H,,S"
"UPM00033356","1975-05-01","50.217","31.8","128.0","YAHOTYN, UP","    0","B,,S",,,"  230",",,S","  110",",,S","  153","H,,S"
"UPM00033356","1975-05-02","50.217","31.8","128.0","YAHOTYN, UP",,,,,,,"   90",",,S","  126","H,,S"
"UPM00033356","1975-05-03","50.217","31.8","128.0","YAHOTYN, UP","    0","B,,S",,,"  220",",,S",,,"  140","H,,S"
"UPM00033356","1975-05-04","50.217","31.8","128.0","YAHOTYN, UP","    0","B,,S",,,"  210",",,S","   80",",,S","  145","H,,S"
"UPM00033356","1975-05-05","50.217","31.8","128.0","YAHOTYN, UP","    3","B,,S",,,"  180",",,S","  100",",,S","  130","H,,S"
"UPM00033356","1975-05-06","50.217","31.8","128.0","YAHOTYN, UP","  109","B,,S",,,"  200",",,S","  120",",,S","  148","H,,S"
"UPM00033356","1975-05-07","50.217","31.8","128.0","YAHOTYN, UP",,,,,,,,,"  170","H,,S"
"UPM00033356","1975-05-09","50.217","31.8","128.0","YAHOTYN, UP",,,,,,,"  100",",,S","  180","H,,S"
"UPM00033356","1975-05-10","50.217","31.8","128.0","YAHOTYN, UP",,,,,"  270",",,S",,,"  185","H,,S"
"UPM00033356","1975-05-11","50.217","31.8","128.0","YAHOTYN, UP","    0","B,,S",,,"  270",",,S","  120",",,S","  165","H,,S"
"UPM00033356","1975-05-12","50.217","31.8","128.0","YAHOTYN, UP",,,,,,,,,"  182","H,,S"
"UPM00033356","1975-05-13","50.217","31.8","128.0","YAHOTYN, UP","    0","B,,S",,,"  270",",,S","  130",",,S","  192","H,,S"
"UPM00033356","1975-05-14","50.217","31.8","128.0","YAHOTYN, UP","    0","B,,S",,,"  270",",,S",,,"  213","H,,S"
"UPM00033356","1975-05-15","50.217","31.8","128.0","YAHOTYN, UP","    0","B,,S",,,,,"  150",",,S","  200","H,,S"
"UPM00033356","1975-05-18","50.217","31.8","128.0","YAHOTYN, UP",,,,,,,"  140",",,S","  184","H,,S"
"UPM00033356","1975-05-19","50.217","31.8","128.0","YAHOTYN, UP","    0","B,,S",,,"  290",",,S","  100",",,S","  206","H,,S"
"UPM00033356","1975-05-20","50.217","31.8","128.0","YAHOTYN, UP","    0","B,,S",,,"  300",",,S",,,"  213","H,,S"
"UPM00033356","1975-05-21","50.217","31.8","128.0","YAHOTYN, UP","    0","B,,S",,,"  290",",,S","  120",",,S","  209","H,,S"
"UPM00033356","1975-05-22","50.217","31.8","128.0","YAHOTYN, UP","    0","B,,S",,,"  250",",,S",,,"  187","H,,S"
"UPM00033356","1975-05-23","50.217","31.8","128.0","YAHOTYN, UP",,,,,,,,,"  218","H,,S"
"UPM00033356","1975-05-24","50.217","31.8","128.0","YAHOTYN, UP","   30","B,,S",,,"  270",",,S",,,"  178","H,,S"
"UPM00033356","1975-05-25","50.217","31.8","128.0","YAHOTYN, UP","    0","B,,S",,,,,,,"  196","H,,S"
"UPM00033356","1975-05-27","50.217","31.8","128.0","YAHOTYN, UP",,,,,"  200",",,S",,,"  152","H,,S"
"UPM00033356","1975-05-28","50.217","31.8","128.0","YAHOTYN, UP","    0","B,,S",,,,,"   50",",,S","  117","H,,S"
"UPM00033356","1975-05-29","50.217","31.8","128.0","YAHOTYN, UP","    0","B,,S",,,,,,,"  142","H,,S"
"UPM00033356","1975-05-30","50.217","31.8","128.0","YAHOTYN, UP",,,,,"  260",",,S",,,"  202","H,,S"
"UPM00033356","1975-06-01","50.217","31.8","128.0","YAHOTYN, UP","  119","B,,S",,,,,"  110",",,S","  160","H,,S"
"UPM00033356","1975-06-02","50.217","31.8","128.0","YAHOTYN, UP","    0","B,,S",,,,,,,"  157","H,,S"
"UPM00033356","1975-06-03","50.217","31.8","128.0","YAHOTYN, UP",,,,,,,"  140",",,S","  186","H,,S"
"UPM00033356","1975-06-04","50.217","31.8","128.0","YAHOTYN, UP","  160","B,,S",,,"  300",",,S","  150",",,S","  217","H,,S"
"UPM00033356","1975-06-05","50.217","31.8","128.0","YAHOTYN, UP","   20","B,,S",,,"  310",",,S",,,"  213","H,,S"
"UPM00033356","1975-06-06","50.217","31.8","128.0","YAHOTYN, UP","   61","B,,S",,,"  260",",,S",,,"  203","H,,S"
"UPM00033356","1975-06-07","50.217","31.8","128.0","YAHOTYN, UP",,,,,,,,,"  215","H,,S"
"UPM00033356","1975-06-08","50.217","31.8","128.0","YAHOTYN, UP",,,,,"  250",",,S",,,"  200","H,,S"
"UPM00033356","1975-06-09","50.217","31.8","128.0","YAHOTYN, UP","    0","B,,S",,,"  260",",,S",,,"  204","H,,S"
"UPM00033356","1975-06-10","50.217","31.8","128.0","YAHOTYN, UP","    0","B,,S",,,,,,,"  192","H,,S"
"UPM00033356","1975-06-11","50.217","31.8","128.0","YAHOTYN, UP",,,,,,,"  140",",,S","  198","H,,S"
"UPM00033356","1975-06-12","50.217","31.8","128.0","YAHOTYN, UP","    0","B,,S",,,"  180",",,S",,,"  138","H,,S"
"UPM00033356","1975-06-13","50.217","31.8","128.0","YAHOTYN, UP",,,,,"  230",",,S",,,"  184","H,,S"
"UPM00033356","1975-06-16","50.217","31.8","128.0","YAHOTYN, UP",,,,,,,"  120",",,S","  170","H,,S"
"UPM00033356","1975-06-17","50.217","31.8","128.0","YAHOTYN, UP",,,,,,,"  170",",,S","  185","H,,S"
"UPM00033356","1975-06-18","50.217","31.8","128.0","YAHOTYN, UP","    0","B,,S",,,,,"  150",",,S","  230","H,,S"
"UPM00033356","1975-06-20","50.217","31.8","128.0","YAHOTYN, UP",,,,,,,,,"  230","H,,S"
"UPM00033356","1975-06-21","50.217","31.8","128.0","YAHOTYN, UP","    0","B,,S",,,,,,,"  228","H,,S"
"UPM00033356","1975-06-22","50.217","31.8","128.0","YAHOTYN, UP",,,,,,,"  180",",,S","  230","H,,S"
"UPM00033356","1975-06-23","50.217","31.8","128.0","YAHOTYN, UP",,,,,,,"  160",",,S","  222","H,,S"
"UPM00033356","1975-06-24","50.217","31.8","128.0","YAHOTYN, UP",,,,,,,"  170",",,S","  192","H,,S"
"UPM00033356","1975-06-28","50.217","31.8","128.0","YAHOTYN, UP","    0","B,,S",,,"  290",",,S",,,"  210","H,,S"
"UPM00033356","1975-06-29","50.217","31.8","128.0","YAHOTYN, UP","    0","B,,S",,,"  300",",,S",,,"  238","H,,S"
"UPM00033356","1975-06-30","50.217","31.8","128.0","YAHOTYN, UP","    0","B,,S",,,"  290",",,S",,,"  220","H,,S"
"UPM00033356","1975-07-02","50.217","31.8","128.0","YAHOTYN, UP","    0","B,,S",,,,,"  120",",,S","  193","H,,S"
"UPM00033356","1975-07-03","50.217","31.8","128.0","YAHOTYN, UP","    0","B,,S",,,,,"  130",",,S","  188","H,,S"
"UPM00033356","1975-07-04","50.217","31.8","128.0","YAHOTYN, UP",,,,,,,"  170",",,S","  177","H,,S"
"UPM00033356","1975-07-05","50.217","31.8","128.0","YAHOTYN, UP","   41","B,,S",,,"  240",",,S","  150",",,S","  187","H,,S"
"UPM00033356","1975-07-06","50.217","31.8","128.0","YAHOTYN, UP","    0","B,,S",,,"  270",",,S","  160",",,S","  211","H,,S"
"UPM00033356","1975-07-07","50.217","31.8","128.0","YAHOTYN, UP","    0","B,,S",,,"  280",",,S","  140",",,S","  200","H,,S"
"UPM00033356","1975-07-08","50.217","31.8","128.0","YAHOTYN, UP","    0","B,,S",,,,,,,"  226","H,,S"
"UPM00033356","1975-07-10","50.217","31.8","128.0","YAHOTYN, UP","    0","B,,S",,,"  240",",,S","  130",",,S","  160","H,,S"
"UPM00033356","1975-07-11","50.217","31.8","128.0","YAHOTYN, UP","    0","B,,S",,,"  250",",,S",,,"  170","H,,S"
"UPM00033356","1975-07-12","50.217","31.8","128.0","YAHOTYN, UP","    0","B,,S",,,"  290",",,S","  110",",,S","  200","H,,S"
"UPM00033356","1975-07-13","50.217","31.8","128.0","YAHOTYN, UP","    0","B,,S",,,,,"  130",",,S","  198","H,,S"
"UPM00033356","1975-07-14","50.217","31.8","128.0","YAHOTYN, UP",,,,,,,"  150",",,S","  188","H,,S"
"UPM00033356","1975-07-15","50.217","31.8","128.0","YAHOTYN, UP","    0","B,,S",,,"  290",",,S","  150",",,S","  218","H,,S"
"UPM00033356","1975-07-16","50.217","31.8","128.0","YAHOTYN, UP","    0","B,,S",,,,,"  170",",,S","  216","H,,S"
"UPM00033356","1975-07-17","50.217","31.8","128.0","YAHOTYN, UP",,,,,,,,,"  222","H,,S"
"UPM00033356","1975-07-18","50.217","31.8","128.0","YAHOTYN, UP","    3","B,,S",,,"  250",",,S","  170",",,S","  203","H,,S"
"UPM00033356","1975-07-19","50.217","31.8","128.0","YAHOTYN, UP","    0","B,,S",,,"  270",",,S","  150",",,S","  214","H,,S"
"UPM00033356","1975-07-20","50.217","31.8","128.0","YAHOTYN, UP","   23","B,,S",,,"  280",",,S","  180",",,S","  205","H,,S"
"UPM00033356","1975-07-21","50.217","31.8","128.0","YAHOTYN, UP",,,,,,,"  160",",,S","  172","H,,S"
"UPM00033356","1975-07-22","50.217","31.8","128.0","YAHOTYN, UP",,,,,,,"  130",",,S","  190","H,,S"
"UPM00033356","1975-07-23","50.217","31.8","128.0","YAHOTYN, UP",,,,,,,,,"  202","H,,S"
"UPM00033356","1975-07-24","50.217","31.8","128.0","YAHOTYN, UP",,,,,"  290",",,S",,,"  215","H,,S"
"UPM00033356","1975-07-25","50.217","31.8","128.0","YAHOTYN, UP","    0","B,,S",,,,,"  150",",,S","  232","H,,S"
"UPM00033356","1975-07-26","50.217","31.8","128.0","YAHOTYN, UP","    0","B,,S",,,"  310",",,S",,,"  220","H,,S"
"UPM00033356","1975-07-27","50.217","31.8","128.0","YAHOTYN, UP",,,,,"  210",",,S",,,"  158","H,,S"
"UPM00033356","1975-07-28","50.217","31.8","128.0","YAHOTYN, UP","   41","B,,S",,,"  230",",,S","  100",",,S","  158","H,,S"
"UPM00033356","1975-07-29","50.217","31.8","128.0","YAHOTYN, UP",,,,,"  210",",,S",,,"  160","H,,S"
"UPM00033356","1975-07-30","50.217","31.8","128.0","YAHOTYN, UP","    0","B,,S",,,"  260",",,S","  140",",,S","  194","H,,S"
"UPM00033356","1975-07-31","50.217","31.8","128.0","YAHOTYN, UP","    0","B,,S",,,"  270",",,S",,,"  208","H,,S"
"UPM00033356","1975-08-01","50.217","31.8","128.0","YAHOTYN, UP",,,,,"  290",",,S",,,"  190","H,,S"
"UPM00033356","1975-08-02","50.217","31.8","128.0","YAHOTYN, UP","    0","B,,S",,,,,"  120",",,S","  192","H,,S"
"UPM00033356","1975-08-03","50.217","31.8","128.0","YAHOTYN, UP","    0","B,,S",,,,,"  150",",,S","  202","H,,S"
"UPM00033356","1975-08-05","50.217","31.8","128.0","YAHOTYN, UP",,,,,"  290",",,S",,,"  223","H,,S"
"UPM00033356","1975-08-06","50.217","31.8","128.0","YAHOTYN, UP","    0","B,,S",,,"  260",",,S","  160",",,S","  206","H,,S"
"UPM00033356","1975-08-07","50.217","31.8","128.0","YAHOTYN, UP","    0","B,,S",,,"  290",",,S","  160",",,S","  224","H,,S"
"UPM00033356","1975-08-08","50.217","31.8","128.0","YAHOTYN, UP","    0","B,,S",,,"  280",",,S",,,"  180","H,,S"
"UPM00033356","1975-08-09","50.217","31.8","128.0","YAHOTYN, UP",,,,,"  290",",,S",,,"  194","H,,S"
"UPM00033356","1975-08-10","50.217","31.8","128.0","YAHOTYN, UP","    0","B,,S",,,"  230",",,S",,,"  186","H,,S"
"UPM00033356","1975-08-13","50.217","31.8","128.0","YAHOTYN, UP","   41","B,,S",,,,,,,"  113","H,,S"
"UPM00033356","1975-08-14","50.217","31.8","128.0","YAHOTYN, UP",,,,,"  180",",,S",,,"  145","H,,S"
"UPM00033356","1975-08-15","50.217","31.8","128.0","YAHOTYN, UP","    0","B,,S",,,"  220",",,S","  100",",,S","  148","H,,S"
"UPM00033356","1975-08-16","50.217","31.8","128.0","YAHOTYN, UP","    0","B,,S",,,"  260",",,S",,,"  160","H,,S"
"UPM00033356","1975-08-18","50.217","31.8","128.0","YAHOTYN, UP","    3","B,,S",,,"  280",",,S",,,"  190","H,,S"
"UPM00033356","1975-08-19","50.217","31.8","128.0","YAHOTYN, UP","    0","B,,S",,,,,,,"  223","H,,S"
"UPM00033356","1975-08-20","50.217","31.8","128.0","YAHOTYN, UP","   20","B,,S",,,"  240",",,S",,,"  186","H,,S"
"UPM00033356","1975-08-21","50.217","31.8","128.0","YAHOTYN, UP",,,,,,,,,"  175","H,,S"
"UPM00033356","1975-08-22","50.217","31.8","128.0","YAHOTYN, UP","    0","B,,S",,,"  230",",,S","   90",",,S","  163","H,,S"
"UPM00033356","1975-08-23","50.217","31.8","128.0","YAHOTYN, UP","    0","B,,S",,,,,"  110",",,S","  165","H,,S"
"UPM00033356","1975-08-25","50.217","31.8","128.0","YAHOTYN, UP","    0","B,,S",,,"  310",",,S","  140",",,S","  202","H,,S"
"UPM00033356","1975-08-26","50.217","31.8","128.0","YAHOTYN, UP","    0","B,,S",,,,,"  160",",,S","  220","H,,S"
"UPM00033356","1975-08-27","50.217","31.8","128.0","YAHOTYN, UP","    0","B,,S",,,"  280",",,S","  150",",,S","  217","H,,S"
"UPM00033356","1975-08-28","50.217","31.8","128.0","YAHOTYN, UP","    0","B,,S",,,"  220",",,S",,,"  157","H,,S"
"UPM00033356","1975-08-29","50.217","31.8","128.0","YAHOTYN, UP",,,,,,,,,"  160","H,,S"
"UPM00033356","1975-08-30","50.217","31.8","128.0","YAHOTYN, UP",,,,,"  280",",,S",,,"  216","H,,S"
"UPM00033356","1975-08-31","50.217","31.8","128.0","YAHOTYN, UP","    0","B,,S",,,"  290",",,S","  140",",,S","  211","H,,S"
"UPM00033356","1975-09-01","50.217","31.8","128.0","YAHOTYN, UP",,,,,"  280",",,S",,,"  210","H,,S"
"UPM00033356","1975-09-02","50.217","31.8","128.0","YAHOTYN, UP","    0","B,,S",,,,,"  130",",,S","  178","H,,S"
"UPM00033356","1975-09-03","50.217","31.8","128.0","YAHOTYN, UP","    0","B,,S",,,"  260",",,S",,,"  158","H,,S"
"UPM00033356","1975-09-04","50.217","31.8","128.0","YAHOTYN, UP","    0","B,,S",,,,,"  120",",,S","  188","H,,S"
"UPM00033356","1975-09-05","50.217","31.8","128.0","YAHOTYN, UP",,,,,,,,,"  145","H,,S"
"UPM00033356","1975-09-07","50.217","31.8","128.0","YAHOTYN, UP",,,,,,,,,"  172","H,,S"
"UPM00033356","1975-09-08","50.217","31.8","128.0","YAHOTYN, UP",,,,,"  180",",,S",,,"  133","H,,S"
"UPM00033356","1975-09-09","50.217","31.8","128.0","YAHOTYN, UP",,,,,,,,,"   94","H,,S"
"UPM00033356","1975-09-10","50.217","31.8","128.0","YAHOTYN, UP","    5","B,,S",,,"  160",",,S","   90",",,S","  120","H,,S"
"UPM00033356","1975-09-11","50.217","31.8","128.0","YAHOTYN, UP","    0","B,,S",,,"  140",",,S","  110",",,S","  128","H,,S"
"UPM00033356","1975-09-12","50.217","31.8","128.0","YAHOTYN, UP","    0","B,,S",,,"  220",",,S",,,"  140","H,,S"
"UPM00033356","1975-09-13","50.217","31.8","128.0","YAHOTYN, UP","    0","B,,S",,,,,"   70",",,S","  164","H,,S"
"UPM00033356","1975-09-14","50.217","31.8","128.0","YAHOTYN, UP","    0","B,,S",,,"  240",",,S","  110",",,S","  146","H,,S"
"UPM00033356","1975-09-15","50.217","31.8","128.0","YAHOTYN, UP","    0","B,,S",,,"  240",",,S","   80",",,S","  138","H,,S"
"UPM00033356","1975-09-16","50.217","31.8","128.0","YAHOTYN, UP",,,,,,,"   80",",,S","  165","H,,S"
"UPM00033356","1975-09-17","50.217","31.8","128.0","YAHOTYN, UP",,,,,,,,,"  140","H,,S"
"UPM00033356","1975-09-18","50.217","31.8","128.0","YAHOTYN, UP","    0","B,,S",,,"  240",",,S","   80",",,S","  170","H,,S"
"UPM00033356","1975-09-19","50.217","31.8","128.0","YAHOTYN, UP","    0","B,,S",,,,,"  130",",,S","  193","H,,S"
"UPM00033356","1975-09-20","50.217","31.8","128.0","YAHOTYN, UP","   99","B,,S",,,,,"   80",",,S","  190","H,,S"
"UPM00033356","1975-09-21","50.217","31.8","128.0","YAHOTYN, UP","    0","B,,S",,,"  280",",,S",,,"  168","H,,S"
"UPM00033356","1975-09-22","50.217","31.8","128.0","YAHOTYN, UP","    0","B,,S",,,"  280",",,S","  110",",,S","  172","H,,S"
"UPM00033356","1975-09-23","50.217","31.8","128.0","YAHOTYN, UP","    0","B,,S",,,"  200",",,S",,,"  137","H,,S"
"UPM00033356","1975-09-24","50.217","31.8","128.0","YAHOTYN, UP","    0","B,,S",,,"  240",",,S","   50",",,S","  153","H,,S"
"UPM00033356","1975-09-25","50.217","31.8","128.0","YAHOTYN, UP","    0","B,,S",,,,,,,"  145","H,,S"
"UPM00033356","1975-09-26","50.217","31.8","128.0","YAHOTYN, UP","    0","B,,S",,,,,"  100",",,S","  180","H,,S"
"UPM00033356","1975-09-27","50.217","31.8","128.0","YAHOTYN, UP","    0","B,,S",,,"  260",",,S","  100",",,S","  170","H,,S"
"UPM00033356","1975-09-28","50.217","31.8","128.0","YAHOTYN, UP","    0","B,,S",,,"  220",",,S",,,"  123","H,,S"
"UPM00033356","1975-09-29","50.217","31.8","128.0","YAHOTYN, UP",,,,,"  240",",,S",,,"  160","H,,S"
"UPM00033356","1975-10-01","50.217","31.8","128.0","YAHOTYN, UP","    0","B,,S",,,"  180",",,S","   40",",,S","   90","H,,S"
"UPM00033356","1975-10-02","50.217","31.8","128.0","YAHOTYN, UP","    0","B,,S",,,"  180",",,S",,,"   72","H,,S"
"UPM00033356","1975-10-03","50.217","31.8","128.0","YAHOTYN, UP","    0","B,,S",,,"  190",",,S","    0",",,S","   67","H,,S"
"UPM00033356","1975-10-04","50.217","31.8","128.0","YAHOTYN, UP",,,,,,,"   40",",,S","   96","H,,S"
"UPM00033356","1975-10-05","50.217","31.8","128.0","YAHOTYN, UP",,,,,,,,,"  102","H,,S"
"UPM00033356","1975-10-06","50.217","31.8","128.0","YAHOTYN, UP",,,,,,,,,"   42","H,,S"
"UPM00033356","1975-10-07","50.217","31.8","128.0","YAHOTYN, UP","   20","B,,S",,,"  150",",,S","   10",",,S","   70","H,,S"
"UPM00033356","1975-10-08","50.217","31.8","128.0","YAHOTYN, UP",,,,,"  110",",,S",,,"   82","H,,S"
"UPM00033356","1975-10-09","50.217","31.8","128.0","YAHOTYN, UP","   25","B,,S",,,"  110",",,S",,,"   56","H,,S"
"UPM00033356","1975-10-10","50.217","31.8","128.0","YAHOTYN, UP","   20","B,,S",,,"   70",",,S","   20",",,S","   43","H,,S"
"UPM00033356","1975-10-11","50.217","31.8","128.0","YAHOTYN, UP",,,,,,,"    0",",,S","   24","H,,S"
"UPM00033356","1975-10-12","50.217","31.8","128.0","YAHOTYN, UP","    0","B,,S",,,"   60",",,S","  -20",",,S","   12","H,,S"
"UPM00033356","1975-10-13","50.217","31.8","128.0","YAHOTYN, UP","    0","B,,S",,,,,"  -30",",,S","   33","H,,S"
"UPM00033356","1975-10-14","50.217","31.8","128.0","YAHOTYN, UP","    0","B,,S",,,"  130",",,S",,,"   47","H,,S"
"UPM00033356","1975-10-15","50.217","31.8","128.0","YAHOTYN, UP","    0","B,,S",,,"  140",",,S","  -10",",,S","   63","H,,S"
"UPM00033356","1975-10-16","50.217","31.8","128.0","YAHOTYN, UP","    0","B,,S",,,"  140",",,S","   40",",,S","   80","H,,S"
"UPM00033356","1975-10-17","50.217","31.8","128.0","YAHOTYN, UP","    0","B,,S",,,,,"   40",",,S","   74","H,,S"
"UPM00033356","1975-10-18","50.217","31.8","128.0","YAHOTYN, UP","   10","B,,S",,,,,"   60",",,S","   84","H,,S"
"UPM00033356","1975-10-19","50.217","31.8","128.0","YAHOTYN, UP","  130","B,,S",,,"  120",",,S","   70",",,S","   86","H,,S"
"UPM00033356","1975-10-20","50.217","31.8","128.0","YAHOTYN, UP",,,,,,,"   80",",,S","   93","H,,S"
"UPM00033356","1975-10-21","50.217","31.8","128.0","YAHOTYN, UP",,,,,"  140",",,S",,,"  102","H,,S"
"UPM00033356","1975-10-22","50.217","31.8","128.0","YAHOTYN, UP","    0","B,,S",,,,,"   50",",,S","   75","H,,S"
"UPM00033356","1975-10-23","50.217","31.8","128.0","YAHOTYN, UP","    0","B,,S",,,"  100",",,S",,,"   38","H,,S"
"UPM00033356","1975-10-24","50.217","31.8","128.0","YAHOTYN, UP","    0","B,,S",,,"  100",",,S",,,"   36","H,,S"
"UPM00033356","1975-10-26","50.217","31.8","128.0","YAHOTYN, UP",,,,,"  110",",,S",,,"   78","H,,S"
"UPM00033356","1975-10-27","50.217","31.8","128.0","YAHOTYN, UP","    0","B,,S",,,"  100",",,S",,,"   88","H,,S"
"UPM00033356","1975-10-28","50.217","31.8","128.0","YAHOTYN, UP","    0","B,,S",,,"   70",",,S","   50",",,S","   60","H,,S"
"UPM00033356","1975-10-29","50.217","31.8","128.0","YAHOTYN, UP","    0","B,,S",,,"   90",",,S","   30",",,S","   42","H,,S"
"UPM00033356","1975-10-30","50.217","31.8","128.0","YAHOTYN, UP","    0","B,,S",,,"  130",",,S","   20",",,S","   58","H,,S"
"UPM00033356","1975-10-31","50.217","31.8","128.0","YAHOTYN, UP","    0","B,,S",,,,,,,"   14","H,,S"
"UPM00033356","1975-11-01","50.217","31.8","128.0","YAHOTYN, UP","    0","B,,S",,,"   20",",,S","  -80",",,S","  -38","H,,S"
"UPM00033356","1975-11-02","50.217","31.8","128.0","YAHOTYN, UP",,,,,,,,,"    3","H,,S"
"UPM00033356","1975-11-03","50.217","31.8","128.0","YAHOTYN, UP","    0","B,,S",,,,,,,"   40","H,,S"
"UPM00033356","1975-11-04","50.217","31.8","128.0","YAHOTYN, UP","    0","B,,S",,,"    0",",,S","  -30",",,S","  -14","H,,S"
"UPM00033356","1975-11-05","50.217","31.8","128.0","YAHOTYN, UP","    0","B,,S",,,"   10",",,S",,,"    0","H,,S"
"UPM00033356","1975-11-06","50.217","31.8","128.0","YAHOTYN, UP","    0","B,,S",,,,,"    0",",,S","   16","H,,S"
"UPM00033356","1975-11-07","50.217","31.8","128.0","YAHOTYN, UP","   99","B,,S",,,"   50",",,S",,,"  -17","H,,S"
"UPM00033356","1975-11-08","50.217","31.8","128.0","YAHOTYN, UP","    0","B,,S",,,"   40",",,S",,,"   -1","H,,S"
"UPM00033356","1975-11-09","50.217","31.8","128.0","YAHOTYN, UP","    0","B,,S",,,"   50",",,S","    0",",,S","   23","H,,S"
"UPM00033356","1975-11-10","50.217","31.8","128.0","YAHOTYN, UP","    0","B,,S",,,"   60",",,S",,,"    2","H,,S"
"UPM00033356","1975-11-11","50.217","31.8","128.0","YAHOTYN, UP",,,,,,,,,"  -26","H,,S"
"UPM00033356","1975-11-12","50.217","31.8","128.0","YAHOTYN, UP","    0","B,,S",,,"   50",",,S",,,"   -4","H,,S"
"UPM00033356","1975-11-13","50.217","31.8","128.0","YAHOTYN, UP",,,,,,,,,"  -42","H,,S"
"UPM00033356","1975-11-14","50.217","31.8","128.0","YAHOTYN, UP","    0","B,,S",,,"   10",",,S"," -110",",,S","  -63","H,,S"
"UPM00033356","1975-11-15","50.217","31.8","128.0","YAHOTYN, UP",,,,,"   30",",,S",,,"  -46","H,,S"
"UPM00033356","1975-11-16","50.217","31.8","128.0","YAHOTYN, UP","    0","B,,S",,,"   30",",,S","  -90",",,S","  -47","H,,S"
"UPM00033356","1975-11-17","50.217","31.8","128.0","YAHOTYN, UP","    0","B,,S",,,"   20",",,S","  -50",",,S","   -4","H,,S"
"UPM00033356","1975-11-18","50.217","31.8","128.0","YAHOTYN, UP","   20","B,,S",,,,,"  -10",",,S","   13","H,,S"
"UPM00033356","1975-11-19","50.217","31.8","128.0","YAHOTYN, UP",,,,,,,"   40",",,S","   72","H,,S"
"UPM00033356","1975-11-20","50.217","31.8","128.0","YAHOTYN, UP","   41","B,,S",,,"   50",",,S","    0",",,S","   18","H,,S"
"UPM00033356","1975-11-21","50.217","31.8","128.0","YAHOTYN, UP",,,,,,,,,"   22","H,,S"
"UPM00033356","1975-11-22","50.217","31.8","128.0","YAHOTYN, UP","    0","B,,S",,,,,,,"  -24","H,,S"
"UPM00033356","1975-11-23","50.217","31.8","128.0","YAHOTYN, UP","    0","B,,S",,,"    0",",,S","  -60",",,S","  -30","H,,S"
"UPM00033356","1975-11-24","50.217","31.8","128.0","YAHOTYN, UP","    0","B,,S",,,"  -20",",,S",,,"  -40","H,,S"
"UPM00033356","1975-11-25","50.217","31.8","128.0","YAHOTYN, UP","   10","B,,S",,,"  -30",",,S","  -50",",,S","  -40","H,,S"
"UPM00033356","1975-11-26","50.217","31.8","128.0","YAHOTYN, UP","   61","B,,S",,,"  -30",",,S","  -50",",,S","  -42","H,,S"
"UPM00033356","1975-11-27","50.217","31.8","128.0","YAHOTYN, UP",,,,,,,,,"  -43","H,,S"
"UPM00033356","1975-11-28","50.217","31.8","128.0","YAHOTYN, UP","    0","B,,S",,,,," -130",",,S","  -55","H,,S"
"UPM00033356","1975-11-29","50.217","31.8","128.0","YAHOTYN, UP","    0","B,,S",,,"   10",",,S","  -60",",,S","  -12","H,,S"
"UPM00033356","1975-11-30","50.217","31.8","128.0","YAHOTYN, UP","    0","B,,S",,,"    0",",,S","  -40",",,S","  -10","H,,S"
"UPM00033356","1975-12-01","50.217","31.8","128.0","YAHOTYN, UP","    0","B,,S",,,"    0",",,S",,,"   -4","H,,S"
"UPM00033356","1975-12-03","50.217","31.8","128.0","YAHOTYN, UP","    0","B,,S",,,,,"  -10",",,S","    0","H,,S"
"UPM00033356","1975-12-04","50.217","31.8","128.0","YAHOTYN, UP","    0","B,,S",,,"  130",",,S","    0",",,S","    5","H,,S"
"UPM00033356","1975-12-05","50.217","31.8","128.0","YAHOTYN, UP","    0","B,,S",,,,,,,"   13","H,,S"
"UPM00033356","1975-12-06","50.217","31.8","128.0","YAHOTYN, UP","   51","B,,S",,,"   10",",,S","  -20",",,S","   -4","H,,S"
"UPM00033356","1975-12-08","50.217","31.8","128.0","YAHOTYN, UP","   10","B,,S",,,"   10",",,S","  -30",",,S","  -14","H,,S"
"UPM00033356","1975-12-09","50.217","31.8","128.0","YAHOTYN, UP","   13","B,,S",,,"   10",",,S",,,"  -10","H,,S"
"UPM00033356","1975-12-10","50.217","31.8","128.0","YAHOTYN, UP","   20","B,,S",,,"   30",",,S",,,"  -10","H,,S"
"UPM00033356","1975-12-11","50.217","31.8","128.0","YAHOTYN, UP","    0","B,,S",,,,,,,"  -28","H,,S"
"UPM00033356","1975-12-12","50.217","31.8","128.0","YAHOTYN, UP","    0","B,,S",,,"  -10",",,S","  -60",",,S","  -36","H,,S"
"UPM00033356","1975-12-13","50.217","31.8","128.0","YAHOTYN, UP",,,,,,,"  -40",",,S","  -15","H,,S"
"UPM00033356","1975-12-14","50.217","31.8","128.0","YAHOTYN, UP","   10","B,,S",,,"   10",",,S","  -10",",I,S","    0","H,,S"
"UPM00033356","1975-12-15","50.217","31.8","128.0","YAHOTYN, UP","    0","B,,S",,,"  -30",",I,S"," -120",",,S","  -74","H,,S"
"UPM00033356","1975-12-16","50.217","31.8","128.0","YAHOTYN, UP","    0","B,,S",,,"  -10",",,S","  -80",",,S","  -50","H,,S"
"UPM00033356","1975-12-17","50.217","31.8","128.0","YAHOTYN, UP","    3","B,,S",,,"  -10",",,S","  -90",",,S","  -35","H,,S"
"UPM00033356","1975-12-18","50.217","31.8","128.0","YAHOTYN, UP",,,,,"   20",",,S",,,"  -23","H,,S"
"UPM00033356","1975-12-19","50.217","31.8","128.0","YAHOTYN, UP","    0","B,,S",,,,," -140",",,S"," -112","H,,S"
"UPM00033356","1975-12-20","50.217","31.8","128.0","YAHOTYN, UP","    0","B,,S",,,"  -50",",,S",,," -108","H,,S"
"UPM00033356","1975-12-21","50.217","31.8","128.0","YAHOTYN, UP","    0","B,,S",,,"  -80",",,S"," -140",",,S"," -103","H,,S"
"UPM00033356","1975-12-22","50.217","31.8","128.0","YAHOTYN, UP","   30","B,,S",,,"   40",",,S"," -120",",,S","  -14","H,,S"
"UPM00033356","1975-12-23","50.217","31.8","128.0","YAHOTYN, UP","    0","B,,S","  150",",,S",,,"    0",",,S","   17","H,,S"
"UPM00033356","1975-12-24","50.217","31.8","128.0","YAHOTYN, UP","    0","B,,S","  130",",,S","   20",",,S","   10",",,S","   15","H,,S"
"UPM00033356","1975-12-25","50.217","31.8","128.0","YAHOTYN, UP","    0","B,,S",,,"   20",",,S",,,"    5","H,,S"
"UPM00033356","1975-12-26","50.217","31.8","128.0","YAHOTYN, UP","   10","B,,S",,,"    0",",,S",,,"  -34","H,,S"
"UPM00033356","1975-12-27","50.217","31.8","128.0","YAHOTYN, UP","    0","B,,S",,,"  -30",",,S",,,"  -75","H,,S"
"UPM00033356","1975-12-28","50.217","31.8","128.0","YAHOTYN, UP","    5","B,,S",,,"   20",",,S"," -120",",,S","  -11","H,,S"
"UPM00033356","1975-12-29","50.217","31.8","128.0","YAHOTYN, UP","    0","B,,S",,,"   20",",,S",,,"   12","H,,S"
"UPM00033356","1975-12-30","50.217","31.8","128.0","YAHOTYN, UP","    0","B,,S",,,"   20",",,S","    0",",,S","    8","H,,S"
"UPM00033356","1975-12-31","50.217","31.8","128.0","YAHOTYN, UP","    0","B,,S",,,,,,,"    7","H,,S"
"UPM00033356","1976-01-01","50.217","31.8","128.0","YAHOTYN, UP","    0","B,,S","   79",",,S",,,,,"    0","H,,S"
"UPM00033356","1976-01-02","50.217","31.8","128.0","YAHOTYN, UP","   20","B,,S","   51",",,S","   20",",,S","    0",",,S","    7","H,,S"
"UPM00033356","1976-01-03","50.217","31.8","128.0","YAHOTYN, UP","   41","B,,S",,,,,"  -60",",,S","  -46","H,,S"
"UPM00033356","1976-01-04","50.217","31.8","128.0","YAHOTYN, UP","   13","B,,S","  130",",,S","   10",",,S","  -60",",,S","  -16","H,,S"
"UPM00033356","1976-01-05","50.217","31.8","128.0","YAHOTYN, UP","   13","B,,S","  130",",,S",,,,," -112","H,,S"
"UPM00033356","1976-01-06","50.217","31.8","128.0","YAHOTYN, UP","    0","B,,S","  130",",,S"," -120",",,S",,," -155","H,,S"
"UPM00033356","1976-01-07","50.217","31.8","128.0","YAHOTYN, UP",,,,," -140",",,S",,," -193","H,,S"
"UPM00033356","1976-01-08","50.217","31.8","128.0","YAHOTYN, UP","    3","B,,S","  130",",,S","   20",",,S"," -210",",,S","  -65","H,,S"
"UPM00033356","1976-01-09","50.217","31.8","128.0","YAHOTYN, UP","    0","B,,S","  130",",,S","   20",",,S","   10",",,S","   18","H,,S"
"UPM00033356","1976-01-10","50.217","31.8","128.0","YAHOTYN, UP","    5","B,,S","   99",",,S","   30",",,S",,,"   13","H,,S"
"UPM00033356","1976-01-11","50.217","31.8","128.0","YAHOTYN, UP","   20","B,,S","   79",",,S","    0",",,S","  -50",",,S","  -20","H,,S"
"UPM00033356","1976-01-12","50.217","31.8","128.0","YAHOTYN, UP",,,,,"   10",",,S",,,"  -10","H,,S"
"UPM00033356","1976-01-13","50.217","31.8","128.0","YAHOTYN, UP",,,"  130",",,S",,,,,"  -25","H,,S"
"UPM00033356","1976-01-14","50.217","31.8","128.0","YAHOTYN, UP","    5","B,,S","  130",",,S",,," -110",",,S","  -72","H,,S"
"UPM00033356","1976-01-15","50.217","31.8","128.0","YAHOTYN, UP","    3","B,,S","  150",",,S","  -40",",,S",,,"  -94","H,,S"
"UPM00033356","1976-01-16","50.217","31.8","128.0","YAHOTYN, UP","    0","B,,S","   99",",,S",,," -210",",,S"," -182","H,,S"
"UPM00033356","1976-01-17","50.217","31.8","128.0","YAHOTYN, UP","    0","B,,S","   99",",,S"," -140",",,S"," -240",",,S"," -193","H,,S"
"UPM00033356","1976-01-18","50.217","31.8","128.0","YAHOTYN, UP","    8","B,,S","   99",",,S","  -90",",,S",,," -138","H,,S"
"UPM00033356","1976-01-19","50.217","31.8","128.0","YAHOTYN, UP","    0","B,,S","   99",",,S"," -160",",,S",,," -198","H,,S"
"UPM00033356","1976-01-20","50.217","31.8","128.0","YAHOTYN, UP","    3","B,,S","  130",",,S",,," -240",",,S"," -160","H,,S"
"UPM00033356","1976-01-21","50.217","31.8","128.0","YAHOTYN, UP","   41","B,,S","  130",",,S","    0",",,S","  -90",",,S","  -31","H,,S"
"UPM00033356","1976-01-23","50.217","31.8","128.0","YAHOTYN, UP","    3","B,,S","  130",",,S","    0",",,S","  -60",",,S","  -30","H,,S"
"UPM00033356","1976-01-24","50.217","31.8","128.0","YAHOTYN, UP","   15","B,,S",,,,,"  -50",",,S","    7","H,,S"
"UPM00033356","1976-01-26","50.217","31.8","128.0","YAHOTYN, UP","    3","B,,S",,,"  -50",",,S",,,"  -97","H,,S"
"UPM00033356","1976-01-27","50.217","31.8","128.0","YAHOTYN, UP",,,,,,,,,"  -80","H,,S"
"UPM00033356","1976-01-28","50.217","31.8","128.0","YAHOTYN, UP",,,"  150",",,S",,,,,"  -50","H,,S"
"UPM00033356","1976-01-29","50.217","31.8","128.0","YAHOTYN, UP","   15","B,,S","  180",",,S","  -20",",,S","  -40",",,S","  -27","H,,S"
"UPM00033356","1976-01-30","50.217","31.8","128.0","YAHOTYN, UP",,,,,,,,,"  -46","H,,S"
"UPM00033356","1976-01-31","50.217","31.8","128.0","YAHOTYN, UP",,,,,,,,," -112","H,,S"
"UPM00033356","1976-02-01","50.217","31.8","128.0","YAHOTYN, UP","    0","B,,S","  180",",,S",,," -230",",,S"," -167","H,,S"
"UPM00033356","1976-02-02","50.217","31.8","128.0","YAHOTYN, UP",,,,,,,,," -138","H,,S"
"UPM00033356","1976-02-03","50.217","31.8","128.0","YAHOTYN, UP",,,,," -130",",,S",,," -176","H,,S"
"UPM00033356","1976-02-04","50.217","31.8","128.0","YAHOTYN, UP",,,"  180",",,S",,," -240",",,S"," -188","H,,S"
"UPM00033356","1976-02-05","50.217","31.8","128.0","YAHOTYN, UP",,,"  180",",,S",,," -220",",,S"," -160","H,,S"
"UPM00033356","1976-02-06","50.217","31.8","128.0","YAHOTYN, UP",,,,,,,,," -173","H,,S"
"UPM00033356","1976-02-07","50.217","31.8","128.0","YAHOTYN, UP","    0","B,,S",,," -170",",,S",,," -210","H,,S"
"UPM00033356","1976-02-12","50.217","31.8","128.0","YAHOTYN, UP",,,,," -140",",,S",,," -180","H,,S"
"UPM00033356","1976-02-13","50.217","31.8","128.0","YAHOTYN, UP",,,"  180",",,S",,," -230",",,S"," -178","H,,S"
"UPM00033356","1976-02-17","50.217","31.8","128.0","YAHOTYN, UP",,,,,"  -30",",,S",,,"  -95","H,,S"
"UPM00033356","1976-02-18","50.217","31.8","128.0","YAHOTYN, UP","    0","B,,S","  150",",,S","    0",",,S"," -150",",,S","  -80","H,,S"
"UPM00033356","1976-02-19","50.217","31.8","128.0","YAHOTYN, UP","    0","B,,S","  150",",,S",,," -160",",,S","  -95","H,,S"
"UPM00033356","1976-02-20","50.217","31.8","128.0","YAHOTYN, UP","    5","B,,S","  150",",,S","    0",",,S",,,"  -73","H,,S"
"UPM00033356","1976-02-21","50.217","31.8","128.0","YAHOTYN, UP","    0","B,,S","  150",",,S","  -20",",,S",,,"  -87","H,,S"
"UPM00033356","1976-02-22","50.217","31.8","128.0","YAHOTYN, UP",,,"  150",",,S",,," -170",",,S"," -100","H,,S"
"UPM00033356","1976-02-23","50.217","31.8","128.0","YAHOTYN, UP","    0","B,,S",,,"  -60",",,S",,,"  -94","H,,S"
"UPM00033356","1976-02-24","50.217","31.8","128.0","YAHOTYN, UP","    0","B,,S",,,,,,," -112","H,,S"
"UPM00033356","1976-02-25","50.217","31.8","128.0","YAHOTYN, UP","    0","B,,S","  150",",,S","  -20",",,S"," -250",",,S"," -143","H,,S"
"UPM00033356","1976-02-26","50.217","31.8","128.0","YAHOTYN, UP","    0","B,,S",,,,," -110",",,S","  -17","H,,S"
"UPM00033356","1976-02-27","50.217","31.8","128.0","YAHOTYN, UP","    0","B,,S","  130",",,S",,,"   10",",,S","   26","H,,S"
"UPM00033356","1976-02-28","50.217","31.8","128.0","YAHOTYN, UP","    0","B,,S","   99",",,S","   20",",,S","  -10",",,S","    0","H,,S"
"UPM00033356","1976-02-29","50.217","31.8","128.0","YAHOTYN, UP",,,,,"   30",",,S",,,"  -16","H,,S"
"UPM00033356","1976-03-01","50.217","31.8","128.0","YAHOTYN, UP","    8","B,,S","   79",",,S",,,"    0",",,S","   14","H,,S"
"UPM00033356","1976-03-02","50.217","31.8","128.0","YAHOTYN, UP",,,"   51",",,S",,,"    0",",,S","    7","H,,S"
"UPM00033356","1976-03-03","50.217","31.8","128.0","YAHOTYN, UP",,,"   99",",,S","   10",",,S",,,"   -4","H,,S"
"UPM00033356","1976-03-04","50.217","31.8","128.0","YAHOTYN, UP","   15","B,,S","   99",",,S",,,"  -60",",,S","  -46","H,,S"
"UPM00033356","1976-03-05","50.217","31.8","128.0","YAHOTYN, UP","   10","B,,S","   99",",,S","  -40",",,S","  -80",",,S","  -55","H,,S"
"UPM00033356","1976-03-06","50.217","31.8","128.0","YAHOTYN, UP","   30","B,,S","   99",",,S","  -30",",,S","  -80",",,S","  -59","H,,S"
"UPM00033356","1976-03-07","50.217","31.8","128.0","YAHOTYN, UP","    8","B,,S","   99",",,S","  -20",",,S","  -90",",,S","  -45","H,,S"
"UPM00033356","1976-03-08","50.217","31.8","128.0","YAHOTYN, UP","    0","B,,S","   99",",,S","    0",",,S","  -30",",,S","  -10","H,,S"
"UPM00033356","1976-03-09","50.217","31.8","128.0","YAHOTYN, UP",,,"   99",",,S",,,,,"  -17","H,,S"
"UPM00033356","1976-03-10","50.217","31.8","128.0","YAHOTYN, UP",,,,,"    0",",,S",,,"  -30","H,,S"
"UPM00033356","1976-03-11","50.217","31.8","128.0","YAHOTYN, UP",,,"   79",",,S",,,"  -70",",,S","  -42","H,,S"
"UPM00033356","1976-03-12","50.217","31.8","128.0","YAHOTYN, UP","    0","B,,S","   79",",,S",,,,,"  -57","H,,S"
"UPM00033356","1976-03-13","50.217","31.8","128.0","YAHOTYN, UP",,,"   79",",,S",,,"  -80",",,S","  -63","H,,S"
"UPM00033356","1976-03-14","50.217","31.8","128.0","YAHOTYN, UP","    0","B,,S","   79",",,S","  -20",",,S"," -120",",,S","  -65","H,,S"
"UPM00033356","1976-03-15","50.217","31.8","128.0","YAHOTYN, UP","    0","B,,S",,,"   10",",,S",,,"  -40","H,,S"
"UPM00033356","1976-03-16","50.217","31.8","128.0","YAHOTYN, UP","    0","B,,S","   51",",,S","   10",",,S","  -40",",,S","  -12","H,,S"
"UPM00033356","1976-03-17","50.217","31.8","128.0","YAHOTYN, UP",,,"   51",",,S",,,"  -20",",,S","   -4","H,,S"
"UPM00033356","1976-03-18","50.217","31.8","128.0","YAHOTYN, UP","   10","B,,S","   99",",,S","   20",",,S","  -20",",,S","   -5","H,,S"
"UPM00033356","1976-03-19","50.217","31.8","128.0","YAHOTYN, UP",,,"   99",",,S",,,"  -10",",,S","   -2","H,,S"
"UPM00033356","1976-03-20","50.217","31.8","128.0","YAHOTYN, UP","  704","B,,S","   99",",,S","   30",",,S","  -10",",,S","    0","H,,S"
"UPM00033356","1976-03-21","50.217","31.8","128.0","YAHOTYN, UP","   41","B,,S","   99",",,S","   10",",,S","  -40",",,S","  -26","H,,S"
"UPM00033356","1976-03-23","50.217","31.8","128.0","YAHOTYN, UP","   10","B,,S",,,"   30",",,S","  -50",",,S","  -25","H,,S"
"UPM00033356","1976-03-24","50.217","31.8","128.0","YAHOTYN, UP","    0","B,,S",,,,,"  -60",",,S","  -24","H,,S"
"UPM00033356","1976-03-25","50.217","31.8","128.0","YAHOTYN, UP",,,,,"   10",",,S",,,"    0","H,,S"
"UPM00033356","1976-03-26","50.217","31.8","128.0","YAHOTYN, UP",,,,,"   10",",,S",,,"    3","H,,S"
"UPM00033356","1976-03-27","50.217","31.8","128.0","YAHOTYN, UP","   10","B,,S",,,"   80",",,S","  -20",",,S","   10","H,,S"
"UPM00033356","1976-03-28","50.217","31.8","128.0","YAHOTYN, UP",,,,,"   60",",,S",,,"   14","H,,S"
"UPM00033356","1976-03-29","50.217","31.8","128.0","YAHOTYN, UP",,,,,"  100",",,S",,,"   37","H,,S"
"UPM00033356","1976-03-30","50.217","31.8","128.0","YAHOTYN, UP","    0","B,,S",,,"  120",",,S","   20",",,S","   54","H,,S"
"UPM00033356","1976-03-31","50.217","31.8","128.0","YAHOTYN, UP","   41","B,,S",,,"   70",",,S",,,"   40","H,,S"
"UPM00033356","1976-04-01","50.217","31.8","128.0","YAHOTYN, UP","    0","B,,S",,,,,"    0",",,S","   57","H,,S"
"UPM00033356","1976-04-02","50.217","31.8","128.0","YAHOTYN, UP","    0","B,,S",,,"  160",",,S",,,"   90","H,,S"
"UPM00033356","1976-04-03","50.217","31.8","128.0","YAHOTYN, UP","    0","B,,S",,,"  180",",,S","   30",",,S","  100","H,,S"
"UPM00033356","1976-04-04","50.217","31.8","128.0","YAHOTYN, UP","    0","B,,S",,,"  210",",,S","   40",",,S","  117","H,,S"
"UPM00033356","1976-04-05","50.217","31.8","128.0","YAHOTYN, UP","    0","B,,S",,,"  120",",,S","   10",",,S","   77","H,,S"
"UPM00033356","1976-04-07","50.217","31.8","128.0","YAHOTYN, UP","    0","B,,S",,,"  180",",,S","   70",",,S","  103","H,,S"
"UPM00033356","1976-04-08","50.217","31.8","128.0","YAHOTYN, UP","    0","B,,S",,,"  180",",,S","   50",",,S","  110","H,,S"
"UPM00033356","1976-04-09","50.217","31.8","128.0","YAHOTYN, UP","    0","B,,S",,,"  200",",,S","   30",",,S","  133","H,,S"
"UPM00033356","1976-04-10","50.217","31.8","128.0","YAHOTYN, UP","    0","B,,S",,,"  100",",,S","   50",",,S","   65","H,,S"
"UPM00033356","1976-04-11","50.217","31.8","128.0","YAHOTYN, UP","  130","B,,S",,,"  120",",,S","   60",",,S","   90","H,,S"
"UPM00033356","1976-04-12","50.217","31.8","128.0","YAHOTYN, UP","    0","B,,S",,,"  130",",,S","   70",",,S","  103","H,,S"
"UPM00033356","1976-04-13","50.217","31.8","128.0","YAHOTYN, UP","   89","B,,S",,,"  110",",,S","   80",",,S","   90","H,,S"
"UPM00033356","1976-04-14","50.217","31.8","128.0","YAHOTYN, UP","   89","B,,S",,,"  100",",,S","   80",",,S","   87","H,,S"
"UPM00033356","1976-04-15","50.217","31.8","128.0","YAHOTYN, UP","   43","B,,S",,,"  120",",,S","   80",",,S","   95","H,,S"
"UPM00033356","1976-04-16","50.217","31.8","128.0","YAHOTYN, UP",,,,,"  140",",,S",,,"   95","H,,S"
"UPM00033356","1976-04-18","50.217","31.8","128.0","YAHOTYN, UP","    0","B,,S",,,"  200",",,S","   40",",,S","  122","H,,S"
"UPM00033356","1976-04-19","50.217","31.8","128.0","YAHOTYN, UP","    0","B,,S",,,"  170",",,S",,,"  122","H,,S"
"UPM00033356","1976-04-20","50.217","31.8","128.0","YAHOTYN, UP","    0","B,,S",,,,,,,"  100","H,,S"
"UPM00033356","1976-04-22","50.217","31.8","128.0","YAHOTYN, UP","    0","B,,S",,,"  160",",,S","   80",",,S","  112","H,,S"
"UPM00033356","1976-04-25","50.217","31.8","128.0","YAHOTYN, UP",,,,,"  150",",,S",,,"  135","H,,S"
"UPM00033356","1976-04-26","50.217","31.8","128.0","YAHOTYN, UP",,,,,"  200",",,S",,,"  142","H,,S"
"UPM00033356","1976-04-27","50.217","31.8","128.0","YAHOTYN, UP",,,,,"  220",",,S",,,"  157","H,,S"
"UPM00033356","1976-04-28","50.217","31.8","128.0","YAHOTYN, UP","   10","B,,S",,,"  140",",,S","   30",",,S","   84","H,,S"
"UPM00033356","1976-04-29","50.217","31.8","128.0","YAHOTYN, UP","    0","B,,S",,,,,"   20",",,S","   48","H,,S"
"UPM00033356","1976-04-30","50.217","31.8","128.0","YAHOTYN, UP",,,,,,,,,"   25","H,,S"
"UPM00033356","1976-05-01","50.217","31.8","128.0","YAHOTYN, UP",,,,,,,,,"   60","H,,S"
"UPM00033356","1976-05-02","50.217","31.8","128.0","YAHOTYN, UP","    0","B,,S",,,"  160",",,S","   30",",,S","   87","H,,S"
"UPM00033356","1976-05-03","50.217","31.8","128.0","YAHOTYN, UP","    0","B,,S",,,,,,,"   90","H,,S"
"UPM00033356","1976-05-04","50.217","31.8","128.0","YAHOTYN, UP",,,,,,,"   80",",,S","  103","H,,S"
"UPM00033356","1976-05-05","50.217","31.8","128.0","YAHOTYN, UP",,,,,,,"   80",",,S","  134","H,,S"
"UPM00033356","1976-05-06","50.217","31.8","128.0","YAHOTYN, UP","    3","B,,S",,,"  160",",,S","   60",",,S","  103","H,,S"
"UPM00033356","1976-05-07","50.217","31.8","128.0","YAHOTYN, UP",,,,,,,,,"   95","H,,S"
"UPM00033356","1976-05-08","50.217","31.8","128.0","YAHOTYN, UP","    0","B,,S",,,,,"   60",",,S","   88","H,,S"
"UPM00033356","1976-05-09","50.217","31.8","128.0","YAHOTYN, UP","    0","B,,S",,,"  160",",,S","   40",",,S","  108","H,,S"
"UPM00033356","1976-05-10","50.217","31.8","128.0","YAHOTYN, UP","    0","B,,S",,,"  150",",,S","   50",",,S","   97","H,,S"
"UPM00033356","1976-05-11","50.217","31.8","128.0","YAHOTYN, UP","    0","B,,S",,,"  140",",,S","   50",",,S","   92","H,,S"
"UPM00033356","1976-05-12","50.217","31.8","128.0","YAHOTYN, UP",,,,,,,"   50",",,S","   94","H,,S"
"UPM00033356","1976-05-13","50.217","31.8","128.0","YAHOTYN, UP","    5","B,,S",,,,,"   70",",,S","  108","H,,S"
"UPM00033356","1976-05-15","50.217","31.8","128.0","YAHOTYN, UP",,,,,"  120",",,S",,,"  102","H,,S"
"UPM00033356","1976-05-16","50.217","31.8","128.0","YAHOTYN, UP","   30","B,,S",,,,,"   60",",,S","  101","H,,S"
"UPM00033356","1976-05-17","50.217","31.8","128.0","YAHOTYN, UP","   43","B,,S",,,"  190",",,S","   50",",,S","   92","H,,S"
"UPM00033356","1976-05-18","50.217","31.8","128.0","YAHOTYN, UP","    0","B,,S",,,,,"   90",",,S","  120","H,,S"
"UPM00033356","1976-05-19","50.217","31.8","128.0","YAHOTYN, UP","    0","B,,S",,,"  170",",,S","   80",",,S","  126","H,,S"
"UPM00033356","1976-05-20","50.217","31.8","128.0","YAHOTYN, UP","   30","B,,S",,,"  200",",,S","   80",",,S","  134","H,,S"
"UPM00033356","1976-05-21","50.217","31.8","128.0","YAHOTYN, UP","   43","B,,S",,,"  160",",,S","  100",",,S","  125","H,,S"
"UPM00033356","1976-05-22","50.217","31.8","128.0","YAHOTYN, UP","    0","B,,S",,,"  120",",,S","   50",",,S","   88","H,,S"
"UPM00033356","1976-05-23","50.217","31.8","128.0","YAHOTYN, UP","    0","B,,S",,,"  160",",,S","   30",",,S","  108","H,,S"
"UPM00033356","1976-05-24","50.217","31.8","128.0","YAHOTYN, UP","    0","B,,S",,,,,"   70",",,S","  148","H,,S"
"UPM00033356","1976-05-25","50.217","31.8","128.0","YAHOTYN, UP",,,,,,,"   80",",,S","  155","H,,S"
"UPM00033356","1976-05-26","50.217","31.8","128.0","YAHOTYN, UP","    0","B,,S",,,"  250",",,S",,,"  153","H,,S"
"UPM00033356","1976-05-27","50.217","31.8","128.0","YAHOTYN, UP","    0","B,,S",,,"  260",",,S","  100",",,S","  152","H,,S"
"UPM00033356","1976-05-28","50.217","31.8","128.0","YAHOTYN, UP","    0","B,,S",,,"  260",",,S",,,"  174","H,,S"
"UPM00033356","1976-05-29","50.217","31.8","128.0","YAHOTYN, UP",,,,,"  250",",,S",,,"  170","H,,S"
"UPM00033356","1976-05-30","50.217","31.8","128.0","YAHOTYN, UP","    3","B,,S",,,"  190",",,S",,,"  140","H,,S"
"UPM00033356","1976-05-31","50.217","31.8","128.0","YAHOTYN, UP","   79","B,,S",,,"  220",",,S",,,"  146","H,,S"
"UPM00033356","1976-06-01","50.217","31.8","128.0","YAHOTYN, UP","  239","B,,S",,,"  180",",,S","  120",",,S","  139","H,,S"
"UPM00033356","1976-06-02","50.217","31.8","128.0","YAHOTYN, UP","   61","B,,S",,,"  140",",,S","  110",",,S","  118","H,,S"
"UPM00033356","1976-06-03","50.217","31.8","128.0","YAHOTYN, UP",,,,,"  190",",,S",,,"  153","H,,S"
"UPM00033356","1976-06-04","50.217","31.8","128.0","YAHOTYN, UP","    0","B,,S",,,,,,,"  144","H,,S"
"UPM00033356","1976-06-05","50.217","31.8","128.0","YAHOTYN, UP","   10","B,,S",,,"  190",",,S",,,"  136","H,,S"
"UPM00033356","1976-06-06","50.217","31.8","128.0","YAHOTYN, UP","    0","B,,S",,,,,"   90",",,S","  145","H,,S"
"UPM00033356","1976-06-07","50.217","31.8","128.0","YAHOTYN, UP","    0","B,,S",,,"  210",",,S","  100",",,S","  147","H,,S"
"UPM00033356","1976-06-08","50.217","31.8","128.0","YAHOTYN, UP","    0","B,,S",,,"  220",",,S","  120",",,S","  166","H,,S"
"UPM00033356","1976-06-09","50.217","31.8","128.0","YAHOTYN, UP",,,,,,,"  100",",,S","  126","H,,S"
"UPM00033356","1976-06-10","50.217","31.8","128.0","YAHOTYN, UP","   15","B,,S",,,"  120",",,S","   70",",,S","  100","H,,S"
"UPM00033356","1976-06-11","50.217","31.8","128.0","YAHOTYN, UP","    5","B,,S",,,"  180",",,S","   80",",,S","  117","H,,S"
"UPM00033356","1976-06-12","50.217","31.8","128.0","YAHOTYN, UP","    0","B,,S",,,"  170",",,S","   50",",,S","  120","H,,S"
"UPM00033356","1976-06-13","50.217","31.8","128.0","YAHOTYN, UP",,,,,,,"   80",",,S","  143","H,,S"
"UPM00033356","1976-06-14","50.217","31.8","128.0","YAHOTYN, UP","  109","B,,S",,,"  130",",,S","   90",",,S","  114","H,,S"
"UPM00033356","1976-06-15","50.217","31.8","128.0","YAHOTYN, UP",,,,,,,"  120",",,S","  155","H,,S"
"UPM00033356","1976-06-16","50.217","31.8","128.0","YAHOTYN, UP",,,,,,,,,"  126","H,,S"
"UPM00033356","1976-06-17","50.217","31.8","128.0","YAHOTYN, UP","  119","B,,S",,,"  170",",,S","   80",",,S","  135","H,,S"
"UPM00033356","1976-06-18","50.217","31.8","128.0","YAHOTYN, UP","   10","B,,S",,,"  200",",,S","   90",",,S","  153","H,,S"
"UPM00033356","1976-06-19","50.217","31.8","128.0","YAHOTYN, UP",,,,,"  230",",,S",,,"  194","H,,S"
"UPM00033356","1976-06-20","50.217","31.8","128.0","YAHOTYN, UP","    0","B,,S",,,"  260",",,S","  100",",,S","  170","H,,S"
"UPM00033356","1976-06-21","50.217","31.8","128.0","YAHOTYN, UP",,,,,,,,,"  202","H,,S"
"UPM00033356","1976-06-22","50.217","31.8","128.0","YAHOTYN, UP",,,,,,,"  150",",,S","  194","H,,S"
"UPM00033356","1976-06-23","50.217","31.8","128.0","YAHOTYN, UP","    0","B,,S",,,,,"  120",",,S","  178","H,,S"
"UPM00033356","1976-06-24","50.217","31.8","128.0","YAHOTYN, UP",,,,,"  240",",,S",,,"  182","H,,S"
"UPM00033356","1976-06-25","50.217","31.8","128.0","YAHOTYN, UP",,,,,"  250",",,S",,,"  188","H,,S"
"UPM00033356","1976-06-26","50.217","31.8","128.0","YAHOTYN, UP","   41","B,,S",,,"  250",",,S","  130",",,S","  186","H,,S"
"UPM00033356","1976-06-27","50.217","31.8","128.0","YAHOTYN, UP","    0","B,,S",,,"  280",",,S","  130",",,S","  215","H,,S"
"UPM00033356","1976-06-28","50.217","31.8","128.0","YAHOTYN, UP",,,,,,,,,"  223","H,,S"
"UPM00033356","1976-06-29","50.217","31.8","128.0","YAHOTYN, UP",,,,,,,"  170",",,S","  190","H,,S"
"UPM00033356","1976-06-30","50.217","31.8","128.0","YAHOTYN, UP",,,,,"  230",",,S",,,"  178","H,,S"
"UPM00033356","1976-07-02","50.217","31.8","128.0","YAHOTYN, UP","    0","B,,S",,,,,"  120",",,S","  182","H,,S"
"UPM00033356","1976-07-03","50.217","31.8","128.0","YAHOTYN, UP",,,,,"  240",",,S",,,"  185","H,,S"
"UPM00033356","1976-07-05","50.217","31.8","128.0","YAHOTYN, UP",,,,,"  210",",,S",,,"  130","H,,S"
"UPM00033356","1976-07-06","50.217","31.8","128.0","YAHOTYN, UP","    0","B,,S",,,"  210",",,S","   60",",,S","  120","H,,S"
"UPM00033356","1976-07-08","50.217","31.8","128.0","YAHOTYN, UP","    0","B,,S",,,,,"   70",",,S","  155","H,,S"
"UPM00033356","1976-07-09","50.217","31.8","128.0","YAHOTYN, UP",,,,,,,"   90",",,S","  158","H,,S"
"UPM00033356","1976-07-10","50.217","31.8","128.0","YAHOTYN, UP","  310","B,,S",,,"  250",",,S","  140",",,S","  157","H,,S"
"UPM00033356","1976-07-11","50.217","31.8","128.0","YAHOTYN, UP","   89","B,,S",,,"  190",",,S",,,"  143","H,,S"
"UPM00033356","1976-07-13","50.217","31.8","128.0","YAHOTYN, UP",,,,,,,"  140",",,S","  153","H,,S"
"UPM00033356","1976-07-14","50.217","31.8","128.0","YAHOTYN, UP",,,,,,,,,"  170","H,,S"
"UPM00033356","1976-07-15","50.217","31.8","128.0","YAHOTYN, UP","   89","B,,S",,,"  220",",,S","  160",",,S","  182","H,,S"
"UPM00033356","1976-07-16","50.217","31.8","128.0","YAHOTYN, UP",,,,,,,"  130",",,S","  165","H,,S"
"UPM00033356","1976-07-17","50.217","31.8","128.0","YAHOTYN, UP","    0","B,,S",,,"  200",",,S",,,"  172","H,,S"
"UPM00033356","1976-07-18","50.217","31.8","128.0","YAHOTYN, UP","    0","B,,S",,,,,"  100",",,S","  150","H,,S"
"UPM00033356","1976-07-19","50.217","31.8","128.0","YAHOTYN, UP","    0","B,,S",,,,,,,"  165","H,,S"
"UPM00033356","1976-07-20","50.217","31.8","128.0","YAHOTYN, UP","    0","B,,S",,,"  220",",,S","  150",",,S","  170","H,,S"
"UPM00033356","1976-07-21","50.217","31.8","128.0","YAHOTYN, UP","    0","B,,S",,,"  260",",,S",,,"  216","H,,S"
"UPM00033356","1976-07-22","50.217","31.8","128.0","YAHOTYN, UP","    0","B,,S",,,"  260",",,S","  120",",,S","  206","H,,S"
"UPM00033356","1976-07-23","50.217","31.8","128.0","YAHOTYN, UP","    0","B,,S",,,"  260",",,S","  130",",,S","  197","H,,S"
"UPM00033356","1976-07-24","50.217","31.8","128.0","YAHOTYN, UP","    0","B,,S",,,"  260",",,S","  140",",,S","  210","H,,S"
"UPM00033356","1976-07-25","50.217","31.8","128.0","YAHOTYN, UP","    0","B,,S",,,"  270",",,S","  150",",,S","  204","H,,S"
"UPM00033356","1976-07-26","50.217","31.8","128.0","YAHOTYN, UP","    5","B,,S",,,"  270",",,S",,,"  200","H,,S"
"UPM00033356","1976-07-27","50.217","31.8","128.0","YAHOTYN, UP","    0","B,,S",,,,,"  150",",,S","  207","H,,S"
"UPM00033356","1976-07-28","50.217","31.8","128.0","YAHOTYN, UP",,,,,"  260",",,S",,,"  196","H,,S"
"UPM00033356","1976-07-29","50.217","31.8","128.0","YAHOTYN, UP",,,,,"  260",",,S",,,"  208","H,,S"
"UPM00033356","1976-07-30","50.217","31.8","128.0","YAHOTYN, UP","   10","B,,S",,,"  200",",,S",,,"  174","H,,S"
"UPM00033356","1976-07-31","50.217","31.8","128.0","YAHOTYN, UP","    0","B,,S",,,"  250",",,S","  130",",,S","  176","H,,S"
"UPM00033356","1976-08-01","50.217","31.8","128.0","YAHOTYN, UP","    0","B,,S",,,"  270",",,S","  110",",,S","  206","H,,S"
"UPM00033356","1976-08-02","50.217","31.8","128.0","YAHOTYN, UP",,,,,"  270",",,S",,,"  212","H,,S"
"UPM00033356","1976-08-03","50.217","31.8","128.0","YAHOTYN, UP",,,,,,,,,"  158","H,,S"
"UPM00033356","1976-08-05","50.217","31.8","128.0","YAHOTYN, UP","    0","B,,S",,,,,,,"  145","H,,S"
"UPM00033356","1976-08-06","50.217","31.8","128.0","YAHOTYN, UP","    0","B,,S",,,,,"  120",",,S","  184","H,,S"
"UPM00033356","1976-08-07","50.217","31.8","128.0","YAHOTYN, UP","   10","B,,S",,,"  190",",,S","  150",",,S","  166","H,,S"
"UPM00033356","1976-08-08","50.217","31.8","128.0","YAHOTYN, UP",,,,,"  160",",,S",,,"  150","H,,S"
"UPM00033356","1976-08-09","50.217","31.8","128.0","YAHOTYN, UP","    0","B,,S",,,,,"  140",",,S","  146","H,,S"
"UPM00033356","1976-08-10","50.217","31.8","128.0","YAHOTYN, UP",,,,,"  200",",,S",,,"  156","H,,S"
"UPM00033356","1976-08-11","50.217","31.8","128.0","YAHOTYN, UP",,,,,,,"  130",",,S","  162","H,,S"
"UPM00033356","1976-08-12","50.217","31.8","128.0","YAHOTYN, UP",,,,,"  180",",,S",,,"  138","H,,S"
"UPM00033356","1976-08-13","50.217","31.8","128.0","YAHOTYN, UP",,,,,,,,,"  140","H,,S"
"UPM00033356","1976-08-14","50.217","31.8","128.0","YAHOTYN, UP","   15","B,,S",,,"  320",",,S",,,"  154","H,,S"
"UPM00033356","1976-08-15","50.217","31.8","128.0","YAHOTYN, UP","    0","B,,S",,,"  230",",,S","   90",",,S","  163","H,,S"
"UPM00033356","1976-08-16","50.217","31.8","128.0","YAHOTYN, UP","    5","B,,S",,,,,,,"  162","H,,S"
"UPM00033356","1976-08-17","50.217","31.8","128.0","YAHOTYN, UP","    0","B,,S",,,,,"  100",",,S","  186","H,,S"
"UPM00033356","1976-08-18","50.217","31.8","128.0","YAHOTYN, UP","   41","B,,S",,,"  200",",,S","  120",",,S","  155","H,,S"
"UPM00033356","1976-08-19","50.217","31.8","128.0","YAHOTYN, UP",,,,,"  230",",,S",,,"  186","H,,S"
"UPM00033356","1976-08-20","50.217","31.8","128.0","YAHOTYN, UP","    3","B,,S",,,"  210",",,S","  160",",,S","  182","H,,S"
"UPM00033356","1976-08-21","50.217","31.8","128.0","YAHOTYN, UP","    5","B,,S",,,"  210",",,S",,,"  164","H,,S"
"UPM00033356","1976-08-22","50.217","31.8","128.0","YAHOTYN, UP","    0","B,,S",,,"  180",",,S","  110",",,S","  128","H,,S"
"UPM00033356","1976-08-23","50.217","31.8","128.0","YAHOTYN, UP","    0","B,,S",,,,,"   60",",,S","  104","H,,S"
"UPM00033356","1976-08-24","50.217","31.8","128.0","YAHOTYN, UP",,,,,,,"  100",",,S","  128","H,,S"
"UPM00033356","1976-08-25","50.217","31.8","128.0","YAHOTYN, UP","    0","B,,S",,,"  220",",,S",,,"  140","H,,S"
"UPM00033356","1976-08-26","50.217","31.8","128.0","YAHOTYN, UP","    0","B,,S",,,"  240",",,S",,,"  160","H,,S"
"UPM00033356","1976-08-29","50.217","31.8","128.0","YAHOTYN, UP","    0","B,,S",,,"  240",",,S","  110",",,S","  188","H,,S"
"UPM00033356","1976-08-30","50.217","31.8","128.0","YAHOTYN, UP","    5","B,,S",,,"  240",",,S","  140",",,S","  168","H,,S"
"UPM00033356","1976-08-31","50.217","31.8","128.0","YAHOTYN, UP","    0","B,,S",,,"  250",",,S","  120",",,S","  182","H,,S"
"UPM00033356","1976-09-01","50.217","31.8","128.0","YAHOTYN, UP","    0","B,,S",,,"  240",",,S","  120",",,S","  195","H,,S"
"UPM00033356","1976-09-02","50.217","31.8","128.0","YAHOTYN, UP",,,,,,,"  140",",,S","  174","H,,S"
"UPM00033356","1976-09-03","50.217","31.8","128.0","YAHOTYN, UP","   79","B,,S",,,"  230",",,S","  140",",,S","  172","H,,S"
"UPM00033356","1976-09-04","50.217","31.8","128.0","YAHOTYN, UP",,,,,,,,,"  162","H,,S"
"UPM00033356","1976-09-05","50.217","31.8","128.0","YAHOTYN, UP","    0","B,,S",,,"  230",",,S","  110",",,S","  171","H,,S"
"UPM00033356","1976-09-06","50.217","31.8","128.0","YAHOTYN, UP","   10","B,,S",,,,,,,"  150","H,,S"
"UPM00033356","1976-09-07","50.217","31.8","128.0","YAHOTYN, UP","   89","B,,S",,,"  160",",,S","  100",",,S","  124","H,,S"
"UPM00033356","1976-09-08","50.217","31.8","128.0","YAHOTYN, UP","    0","B,,S",,,"  180",",,S",,,"  138","H,,S"
"UPM00033356","1976-09-09","50.217","31.8","128.0","YAHOTYN, UP",,,,,,,"  110",",,S","  168","H,,S"
"UPM00033356","1976-09-10","50.217","31.8","128.0","YAHOTYN, UP","    0","B,,S",,,"  230",",,S",,,"  130","H,,S"
"UPM00033356","1976-09-11","50.217","31.8","128.0","YAHOTYN, UP","    0","B,,S",,,"  230",",,S","  110",",,S","  166","H,,S"
"UPM00033356","1976-09-12","50.217","31.8","128.0","YAHOTYN, UP","    0","B,,S",,,"  230",",,S","  130",",,S","  170","H,,S"
"UPM00033356","1976-09-13","50.217","31.8","128.0","YAHOTYN, UP","    0","B,,S",,,,,,,"  170","H,,S"
"UPM00033356","1976-09-14","50.217","31.8","128.0","YAHOTYN, UP","    0","B,,S",,,"  230",",,S","  110",",,S","  169","H,,S"
"UPM00033356","1976-09-15","50.217","31.8","128.0","YAHOTYN, UP","    0","B,,S",,,"  230",",,S","   80",",,S","  147","H,,S"
"UPM00033356","1976-09-16","50.217","31.8","128.0","YAHOTYN, UP","    0","B,,S",,,"  230",",,S","   90",",,S","  148","H,,S"
"UPM00033356","1976-09-17","50.217","31.8","128.0","YAHOTYN, UP","    0","B,,S",,,"  220",",,S","   80",",,S","  144","H,,S"
"UPM00033356","1976-09-18","50.217","31.8","128.0","YAHOTYN, UP","  140","B,,S",,,"  200",",,S",,,"  150","H,,S"
"UPM00033356","1976-09-19","50.217","31.8","128.0","YAHOTYN, UP","  140","B,,S",,,"  130",",,S",,,"  116","H,,S"
"UPM00033356","1976-09-20","50.217","31.8","128.0","YAHOTYN, UP",,,,,,,"   80",",,S","  104","H,,S"
"UPM00033356","1976-09-21","50.217","31.8","128.0","YAHOTYN, UP","    0","B,,S",,,"  120",",,S","   60",",,S","   85","H,,S"
"UPM00033356","1976-09-22","50.217","31.8","128.0","YAHOTYN, UP","    0","B,,S",,,,,,,"  105","H,,S"
"UPM00033356","1976-09-23","50.217","31.8","128.0","YAHOTYN, UP","    0","B,,S",,,"  160",",,S",,,"   80","H,,S"
"UPM00033356","1976-09-24","50.217","31.8","128.0","YAHOTYN, UP","    0","B,,S",,,"  170",",,S","   20",",,S","   93","H,,S"
"UPM00033356","1976-09-25","50.217","31.8","128.0","YAHOTYN, UP",,,,,"  180",",,S",,,"  112","H,,S"
"UPM00033356","1976-09-26","50.217","31.8","128.0","YAHOTYN, UP","    3","B,,S",,,,,,,"   93","H,,S"
"UPM00033356","1976-09-27","50.217","31.8","128.0","YAHOTYN, UP","    5","B,,S",,,"  110",",,S","   40",",,S","   71","H,,S"
"UPM00033356","1976-09-28","50.217","31.8","128.0","YAHOTYN, UP","   30","B,,S",,,"  160",",,S","   40",",,S","  100","H,,S"
"UPM00033356","1976-09-29","50.217","31.8","128.0","YAHOTYN, UP","  130","B,,S",,,"  130",",,S",,,"  110","H,,S"
"UPM00033356","1976-09-30","50.217","31.8","128.0","YAHOTYN, UP","   71","B,,S",,,,,,,"   67","H,,S"
"UPM00033356","1976-10-01","50.217","31.8","128.0","YAHOTYN, UP","    0","B,,S",,,,,"  -10",",,S","   35","H,,S"
"UPM00033356","1976-10-02","50.217","31.8","128.0","YAHOTYN, UP",,,,,,,"  -20",",,S","   44","H,,S"
"UPM00033356","1976-10-03","50.217","31.8","128.0","YAHOTYN, UP","    0","B,,S",,,,,"    0",",,S","   48","H,,S"
"UPM00033356","1976-10-06","50.217","31.8","128.0","YAHOTYN, UP","    0","B,,S",,,"  120",",,S","   60",",,S","   94","H,,S"
"UPM00033356","1976-10-07","50.217","31.8","128.0","YAHOTYN, UP","    0","B,,S",,,"  140",",,S","   80",",,S","  113","H,,S"
"UPM00033356","1976-10-08","50.217","31.8","128.0","YAHOTYN, UP","    0","B,,S",,,"  200",",,S",,,"  144","H,,S"
"UPM00033356","1976-10-09","50.217","31.8","128.0","YAHOTYN, UP","    0","B,,S",,,,,"   70",",,S","   98","H,,S"
"UPM00033356","1976-10-10","50.217","31.8","128.0","YAHOTYN, UP","    0","B,,S",,,"  150",",,S",,,"   92","H,,S"
"UPM00033356","1976-10-11","50.217","31.8","128.0","YAHOTYN, UP","    0","B,,S",,,,,"   10",",,S","   93","H,,S"
"UPM00033356","1976-10-12","50.217","31.8","128.0","YAHOTYN, UP","    0","B,,S",,,,,"  100",",,S","  123","H,,S"
"UPM00033356","1976-10-13","50.217","31.8","128.0","YAHOTYN, UP","    0","B,,S",,,"  150",",,S","  120",",,S","  132","H,,S"
"UPM00033356","1976-10-14","50.217","31.8","128.0","YAHOTYN, UP","    0","B,,S",,,"  140",",,S",,,"   95","H,,S"
"UPM00033356","1976-10-16","50.217","31.8","128.0","YAHOTYN, UP","    0","B,,S",,,"    0",",,S","  -50",",,S","  -28","H,,S"
"UPM00033356","1976-10-17","50.217","31.8","128.0","YAHOTYN, UP","    0","B,,S",,,,,"  -70",",,S","  -38","H,,S"
"UPM00033356","1976-10-18","50.217","31.8","128.0","YAHOTYN, UP","    0","B,,S",,,"    0",",,S",,,"  -32","H,,S"
"UPM00033356","1976-10-22","50.217","31.8","128.0","YAHOTYN, UP","    0","B,,S",,,,,"  -30",",,S","  -12","H,,S"
"UPM00033356","1976-10-26","50.217","31.8","128.0","YAHOTYN, UP","    0","B,,S",,,"   60",",,S","  -70",",,S","  -20","H,,S"
"UPM00033356","1976-10-27","50.217","31.8","128.0","YAHOTYN, UP","    0","B,,S",,,"   50",",,S","  -50",",,S","    8","H,,S"
"UPM00033356","1976-10-28","50.217","31.8","128.0","YAHOTYN, UP","    0","B,,S",,,"   30",",,S",,,"    8","H,,S"
"UPM00033356","1976-10-29","50.217","31.8","128.0","YAHOTYN, UP",,,,,,,"  -70",",,S","  -38","H,,S"
"UPM00033356","1976-10-31","50.217","31.8","128.0","YAHOTYN, UP","    5","B,,S",,,,,,,"   58","H,,S"
"UPM00033356","1976-11-01","50.217","31.8","128.0","YAHOTYN, UP","    0",",,I",,,,,,,,
"UPM00033356","1976-11-02","50.217","31.8","128.0","YAHOTYN, UP","    0",",,I",,,"   90",",,S",,,"   37","H,,S"
"UPM00033356","1976-11-03","50.217","31.8","128.0","YAHOTYN, UP","    9",",,I",,,,,"  -10",",,S","   43","H,,S"
"UPM00033356","1976-11-04","50.217","31.8","128.0","YAHOTYN, UP","   40",",,I",,,,,,,"   50","H,,S"
"UPM00033356","1976-11-05","50.217","31.8","128.0","YAHOTYN, UP","    0",",,I",,,,,"   20",",,S","   33","H,,S"
"UPM00033356","1976-11-06","50.217","31.8","128.0","YAHOTYN, UP","    0",",,I",,,,,,,"   65","H,,S"
"UPM00033356","1976-11-07","50.217","31.8","128.0","YAHOTYN, UP","    0",",,I",,,,,,,,
"UPM00033356","1976-11-08","50.217","31.8","128.0","YAHOTYN, UP","    0",",,I",,,"   10",",,S","  -20",",,S","    0","H,,S"
"UPM00033356","1976-11-09","50.217","31.8","128.0","YAHOTYN, UP","    0",",,I",,,"   20",",,S",,,"   12","H,,S"
"UPM00033356","1976-11-10","50.217","31.8","128.0","YAHOTYN, UP","    0",",,I",,,"   20",",,S","   10",",,S","   16","H,,S"
"UPM00033356","1976-11-11","50.217","31.8","128.0","YAHOTYN, UP","    3",",,I",,,,,,,"   18","H,,S"
"UPM00033356","1976-11-12","50.217","31.8","128.0","YAHOTYN, UP","    4",",,I",,,"   50",",,S",,,"   30","H,,S"
"UPM00033356","1976-11-13","50.217","31.8","128.0","YAHOTYN, UP","    0",",,I",,,"   40",",,S","   20",",,S","   30","H,,S"
"UPM00033356","1976-11-14","50.217","31.8","128.0","YAHOTYN, UP","    4",",,I",,,,,"   20",",,S","   33","H,,S"
"UPM00033356","1976-11-15","50.217","31.8","128.0","YAHOTYN, UP","    1",",,I",,,"   40",",,S","   30",",,S","   36","H,,S"
"UPM00033356","1976-11-16","50.217","31.8","128.0","YAHOTYN, UP","    0",",,I",,,,,,,"   32","H,,S"
"UPM00033356","1976-11-17","50.217","31.8","128.0","YAHOTYN, UP","    0",",,I",,,,,,,,
"UPM00033356","1976-11-18","50.217","31.8","128.0","YAHOTYN, UP","   12",",,I",,,,,,,,
"UPM00033356","1976-11-19","50.217","31.8","128.0","YAHOTYN, UP","   35",",,I",,,"   50",",,S",,,"   40","H,,S"
"UPM00033356","1976-11-20","50.217","31.8","128.0","YAHOTYN, UP","    0",",,I",,,,,,,,
"UPM00033356","1976-11-21","50.217","31.8","128.0","YAHOTYN, UP","    0",",,I",,,,,,,"   12","H,,S"
"UPM00033356","1976-11-22","50.217","31.8","128.0","YAHOTYN, UP","   17",",,I",,,,,,,,
"UPM00033356","1976-11-23","50.217","31.8","128.0","YAHOTYN, UP","   72",",,I","   79",",,S",,,,,"  -12","H,,S"
"UPM00033356","1976-11-24","50.217","31.8","128.0","YAHOTYN, UP","    0",",,I","   51",",,S","  -10",",,S","  -60",",,S","  -43","H,,S"
"UPM00033356","1976-11-25","50.217","31.8","128.0","YAHOTYN, UP","    0",",,I","   51",",,S",,,,,"  -33","H,,S"
"UPM00033356","1976-11-26","50.217","31.8","128.0","YAHOTYN, UP","    0",",,I",,,,,,,"  -50","H,,S"
"UPM00033356","1976-11-27","50.217","31.8","128.0","YAHOTYN, UP","    0",",,I","   51",",,S",,,,,"  -20","H,,S"
"UPM00033356","1976-11-28","50.217","31.8","128.0","YAHOTYN, UP","    0",",,I","   51",",,S",,,"  -10",",,S","   15","H,,S"
"UPM00033356","1976-11-29","50.217","31.8","128.0","YAHOTYN, UP","    0",",,I","   30",",,S","   20",",,S","   10",",,S","   12","H,,S"
"UPM00033356","1976-11-30","50.217","31.8","128.0","YAHOTYN, UP","    0",",,I",,,,,"    0",",,S","   13","H,,S"
"UPM00033356","1976-12-01","50.217","31.8","128.0","YAHOTYN, UP","    0",",,I",,,"   40",",,S",,,"   28","H,,S"
"UPM00033356","1976-12-02","50.217","31.8","128.0","YAHOTYN, UP","    0",",,I",,,"   30",",,S","   10",",,S","   20","H,,S"
"UPM00033356","1976-12-03","50.217","31.8","128.0","YAHOTYN, UP","    0",",,I",,,,,"   20",",,S","   37","H,,S"
"UPM00033356","1976-12-04","50.217","31.8","128.0","YAHOTYN, UP","   22",",,I",,,"   80",",,S",,,"   46","H,,S"
"UPM00033356","1976-12-05","50.217","31.8","128.0","YAHOTYN, UP","   55",",,I",,,"   80",",,S","   30",",,S","   64","H,,S"
"UPM00033356","1976-12-06","50.217","31.8","128.0","YAHOTYN, UP","   19",",,I",,,"   60",",,S",,,"   32","H,,S"
"UPM00033356","1976-12-07","50.217","31.8","128.0","YAHOTYN, UP","    3",",,I",,,,,,,"   12","H,,S"
"UPM00033356","1976-12-08","50.217","31.8","128.0","YAHOTYN, UP","   34",",,I",,,,,"    0",",,S","   34","H,,S"
"UPM00033356","1976-12-09","50.217","31.8","128.0","YAHOTYN, UP","   37",",,I",,,"   60",",,S",,,"   38","H,,S"
"UPM00033356","1976-12-10","50.217","31.8","128.0","YAHOTYN, UP","   21",",,I",,,"   40",",,S","    0",",,S","   16","H,,S"
"UPM00033356","1976-12-11","50.217","31.8","128.0","YAHOTYN, UP","    0",",,I",,,"    0",",,S","  -10",",,S","   -6","H,,S"
"UPM00033356","1976-12-12","50.217","31.8","128.0","YAHOTYN, UP","    0",",,I",,,"    0",",,S",,,"   -6","H,,S"
"UPM00033356","1976-12-13","50.217","31.8","128.0","YAHOTYN, UP","    0",",,I",,,"  -10",",,S","  -20",",,S","  -17","H,,S"
"UPM00033356","1976-12-14","50.217","31.8","128.0","YAHOTYN, UP","    0",",,I",,,,,,,"  -24","H,,S"
"UPM00033356","1976-12-15","50.217","31.8","128.0","YAHOTYN, UP","    0",",,I",,,"  -40",",,S","  -60",",,S","  -48","H,,S"
"UPM00033356","1976-12-16","50.217","31.8","128.0","YAHOTYN, UP","    0",",,I",,,"  -30",",,S","  -50",",,S","  -38","H,,S"
"UPM00033356","1976-12-17","50.217","31.8","128.0","YAHOTYN, UP","   16",",,I",,,,,"  -60",",,S","  -36","H,,S"
"UPM00033356","1976-12-18","50.217","31.8","128.0","YAHOTYN, UP","    5",",,I","   30",",,S","   10",",,S",,,"    2","H,,S"
"UPM00033356","1976-12-19","50.217","31.8","128.0","YAHOTYN, UP","    9",",,I",,,"   20",",,S","  -10",",,S","   10","H,,S"
"UPM00033356","1976-12-20","50.217","31.8","128.0","YAHOTYN, UP","    0",",,I",,,"   30",",,S","  -20",",,S","   -7","H,,S"
"UPM00033356","1976-12-21","50.217","31.8","128.0","YAHOTYN, UP","    0",",,I",,,,,"  -40",",,S","  -23","H,,S"
"UPM00033356","1976-12-22","50.217","31.8","128.0","YAHOTYN, UP","    0",",,I",,,"   20",",,S",,,"  -12","H,,S"
"UPM00033356","1976-12-23","50.217","31.8","128.0","YAHOTYN, UP","    0",",,I",,,"   10",",,S","  -70",",,S","  -40","H,,S"
"UPM00033356","1976-12-24","50.217","31.8","128.0","YAHOTYN, UP","    3",",,I",,,"  -40",",,S",,,"  -45","H,,S"
"UPM00033356","1976-12-25","50.217","31.8","128.0","YAHOTYN, UP","    2",",,I",,,"  -20",",,S",,,"  -40","H,,S"
"UPM00033356","1976-12-26","50.217","31.8","128.0","YAHOTYN, UP","    0",",,I",,,,," -100",",,S","  -77","H,,S"
"UPM00033356","1976-12-27","50.217","31.8","128.0","YAHOTYN, UP","    9",",,I","   30",",,S",,,,,"  -89","H,,S"
"UPM00033356","1976-12-28","50.217","31.8","128.0","YAHOTYN, UP","    0",",,I",,,"  -70",",,S",,," -104","H,,S"
"UPM00033356","1976-12-29","50.217","31.8","128.0","YAHOTYN, UP","    0",",,I","   30",",,S",,," -100",",,S","  -70","H,,S"
"UPM00033356","1976-12-30","50.217","31.8","128.0","YAHOTYN, UP","    2",",,I","   30",",,S",,," -120",",,S","  -80","H,,S"
"UPM00033356","1976-12-31","50.217","31.8","128.0","YAHOTYN, UP","   11",",,I","   30",",,S",,,,,"  -44","H,,S"
"UPM00033356","1977-01-01","50.217","31.8","128.0","YAHOTYN, UP","    0",",,I","   30",",,S",,,,,"  -86","H,,S"
"UPM00033356","1977-01-02","50.217","31.8","128.0","YAHOTYN, UP","    0",",,I","   30",",,S",,,,," -120","H,,S"
"UPM00033356","1977-01-03","50.217","31.8","128.0","YAHOTYN, UP","    0",",,I","   30",",,S",,," -190",",,S"," -156","H,,S"
"UPM00033356","1977-01-04","50.217","31.8","128.0","YAHOTYN, UP","    0",",,I","   30",",,S",,," -190",",,S"," -148","H,,S"
"UPM00033356","1977-01-05","50.217","31.8","128.0","YAHOTYN, UP","    0",",,I",,,,," -210",",,S"," -146","H,,S"
"UPM00033356","1977-01-06","50.217","31.8","128.0","YAHOTYN, UP","    0",",,I",,,,,,," -120","H,,S"
"UPM00033356","1977-01-07","50.217","31.8","128.0","YAHOTYN, UP","    0",",,I",,,,," -190",",,S"," -132","H,,S"
"UPM00033356","1977-01-08","50.217","31.8","128.0","YAHOTYN, UP","   10",",,I",,,,," -100",",,S","  -43","H,,S"
"UPM00033356","1977-01-09","50.217","31.8","128.0","YAHOTYN, UP","   18",",,I","   30",",,S",,,"  -50",",,S","  -40","H,,S"
"UPM00033356","1977-01-10","50.217","31.8","128.0","YAHOTYN, UP","    0",",,I","   30",",,S",,,"  -90",",,S","  -78","H,,S"
"UPM00033356","1977-01-11","50.217","31.8","128.0","YAHOTYN, UP","    0",",,I",,,,,,,"  -65","H,,S"
"UPM00033356","1977-01-12","50.217","31.8","128.0","YAHOTYN, UP","    4",",,I","   30",",,S","  -60",",,S","  -70",",,S","  -66","H,,S"
"UPM00033356","1977-01-13","50.217","31.8","128.0","YAHOTYN, UP","   53",",,I","   30",",,S","  -40",",,S","  -70",",,S","  -54","H,,S"
"UPM00033356","1977-01-14","50.217","31.8","128.0","YAHOTYN, UP","    0",",,I",,,,,,,,
"UPM00033356","1977-01-15","50.217","31.8","128.0","YAHOTYN, UP","    0",",,I","   30",",,S","  -80",",,S"," -130",",,S"," -125","H,,S"
"UPM00033356","1977-01-16","50.217","31.8","128.0","YAHOTYN, UP","    0",",,I","   30",",,S","  -70",",,S"," -160",",,S"," -138","H,,S"
"UPM00033356","1977-01-17","50.217","31.8","128.0","YAHOTYN, UP","    0",",,I","   30",",,S","  -80",",,S"," -160",",,S"," -123","H,,S"
"UPM00033356","1977-01-18","50.217","31.8","128.0","YAHOTYN, UP","    0",",,I",,,"  -60",",,S",,," -123","H,,S"
"UPM00033356","1977-01-19","50.217","31.8","128.0","YAHOTYN, UP","    0",",,I",,,,,,," -113","H,,S"
"UPM00033356","1977-01-20","50.217","31.8","128.0","YAHOTYN, UP","    0",",,I",,,,,,," -130","H,,S"
"UPM00033356","1977-01-21","50.217","31.8","128.0","YAHOTYN, UP","    0",",,I",,,"  -40",",,S",,,"  -60","H,,S"
"UPM00033356","1977-01-22","50.217","31.8","128.0","YAHOTYN, UP","    0",",,I","   30",",,S",,," -160",",,S"," -130","H,,S"
"UPM00033356","1977-01-23","50.217","31.8","128.0","YAHOTYN, UP","    0",",,I","   30",",,S",,," -210",",,S"," -148","H,,S"
"UPM00033356","1977-01-24","50.217","31.8","128.0","YAHOTYN, UP","   11",",,I",,,,,,,,
"UPM00033356","1977-01-25","50.217","31.8","128.0","YAHOTYN, UP","   10",",,I",,,,,,,,
"UPM00033356","1977-01-26","50.217","31.8","128.0","YAHOTYN, UP","    0",",,I",,,,,,,"    3","H,,S"
"UPM00033356","1977-01-27","50.217","31.8","128.0","YAHOTYN, UP","   69",",,I","   30",",,S","   10",",,S","  -10",",,S","    8","H,,S"
"UPM00033356","1977-01-28","50.217","31.8","128.0","YAHOTYN, UP","  140",",,I",,,,,,,"    8","H,,S"
"UPM00033356","1977-01-29","50.217","31.8","128.0","YAHOTYN, UP","   22",",,I","   51",",,S",,,,,"   -2","H,,S"
"UPM00033356","1977-01-30","50.217","31.8","128.0","YAHOTYN, UP","    3",",,I",,,,,,,,
"UPM00033356","1977-01-31","50.217","31.8","128.0","YAHOTYN, UP","   31",",,I","   51",",,S","   10",",,S","    0",",,S","    3","H,,S"
"UPM00033356","1977-02-01","50.217","31.8","128.0","YAHOTYN, UP","    0",",,I","   51",",,S",,,"  -20",",,S","   -6","H,,S"
"UPM00033356","1977-02-02","50.217","31.8","128.0","YAHOTYN, UP","   86",",,I",,,,,,,,
"UPM00033356","1977-02-03","50.217","31.8","128.0","YAHOTYN, UP","    5",",,I",,,,,,,"  -38","H,,S"
"UPM00033356","1977-02-04","50.217","31.8","128.0","YAHOTYN, UP","    0",",,I",,,,,,,,
"UPM00033356","1977-02-05","50.217","31.8","128.0","YAHOTYN, UP","   15",",,I","   79",",,S",,,,,"  -53","H,,S"
"UPM00033356","1977-02-06","50.217","31.8","128.0","YAHOTYN, UP","    0",",,I",,,,,,,,
"UPM00033356","1977-02-07","50.217","31.8","128.0","YAHOTYN, UP","    0",",,I",,,,,,,"  -74","H,,S"
"UPM00033356","1977-02-08","50.217","31.8","128.0","YAHOTYN, UP","    6",",,I",,,,,,,"  -85","H,,S"
"UPM00033356","1977-02-09","50.217","31.8","128.0","YAHOTYN, UP","   37",",,I","  150",",,S",,,"  -50",",,S","   10","H,,S"
"UPM00033356","1977-02-10","50.217","31.8","128.0","YAHOTYN, UP","    0",",,I",,,,,,,"  -24","H,,S"
"UPM00033356","1977-02-11","50.217","31.8","128.0","YAHOTYN, UP","   30",",,I","   99",",,S","   10",",,S","  -80",",,S","    6","H,,S"
"UPM00033356","1977-02-12","50.217","31.8","128.0","YAHOTYN, UP","    3",",,I",,,"   20",",,S",,,"    4","H,,S"
"UPM00033356","1977-02-13","50.217","31.8","128.0","YAHOTYN, UP","  166",",,I",,,"    0",",,S",,,"  -22","H,,S"
"UPM00033356","1977-02-14","50.217","31.8","128.0","YAHOTYN, UP","    4",",,I",,,"  -40",",,S","  -60",",,S","  -53","H,,S"
"UPM00033356","1977-02-15","50.217","31.8","128.0","YAHOTYN, UP","   44",",,I",,,,,,,,
"UPM00033356","1977-02-16","50.217","31.8","128.0","YAHOTYN, UP","   26",",,I",,,,,,,,
"UPM00033356","1977-02-17","50.217","31.8","128.0","YAHOTYN, UP","   93",",,I",,,,,,,,
"UPM00033356","1977-02-18","50.217","31.8","128.0","YAHOTYN, UP","   17",",,I",,,"   10",",,S",,,"    0","H,,S"
"UPM00033356","1977-02-19","50.217","31.8","128.0","YAHOTYN, UP","    0",",,I",,,,,,,,
"UPM00033356","1977-02-20","50.217","31.8","128.0","YAHOTYN, UP","    0",",,I","   79",",,S",,,"  -20",",,S","   10","H,,S"
"UPM00033356","1977-02-21","50.217","31.8","128.0","YAHOTYN, UP","    0",",,I",,,,,,,,
"UPM00033356","1977-02-22","50.217","31.8","128.0","YAHOTYN, UP","    0",",,I",,,,,,,,
"UPM00033356","1977-02-23","50.217","31.8","128.0","YAHOTYN, UP","   75",",,I",,,"   20",",,S","  -10",",,S","    4","H,,S"
"UPM00033356","1977-02-24","50.217","31.8","128.0","YAHOTYN, UP","  121",",,I","   51",",,S",,,"    0",",,S","   16","H,,S"
"UPM00033356","1977-02-25","50.217","31.8","128.0","YAHOTYN, UP","    0",",,I",,,"   30",",,S","   10",",,S","   20","H,,S"
"UPM00033356","1977-02-26","50.217","31.8","128.0","YAHOTYN, UP","    4",",,I",,,,,"   20",",,S","   28","H,,S"
"UPM00033356","1977-02-27","50.217","31.8","128.0","YAHOTYN, UP","    0",",,I",,,,,"   10",",,S","   15","H,,S"
"UPM00033356","1977-02-28","50.217","31.8","128.0","YAHOTYN, UP","    0",",,I",,,"   30",",,S","  -60",",,S","  -47","H,,S"
"UPM00033356","1977-03-01","50.217","31.8","128.0","YAHOTYN, UP","    0",",,I",,,,,,,,
"UPM00033356","1977-03-02","50.217","31.8","128.0","YAHOTYN, UP","    6",",,I",,,"  -40",",,S",,,"  -50","H,,S"
"UPM00033356","1977-03-03","50.217","31.8","128.0","YAHOTYN, UP","   12",",,I","   30",",,S","   10",",,S","  -60",",,S","  -20","H,,S"
"UPM00033356","1977-03-04","50.217","31.8","128.0","YAHOTYN, UP","    0",",,I",,,"   20",",,S","  -30",",,S","  -10","H,,S"
"UPM00033356","1977-03-05","50.217","31.8","128.0","YAHOTYN, UP","   34",",,I",,,,,,,,
"UPM00033356","1977-03-06","50.217","31.8","128.0","YAHOTYN, UP","    7",",,I",,,,,,,,
"UPM00033356","1977-03-07","50.217","31.8","128.0","YAHOTYN, UP","    0",",,I",,,"    0",",,S",,,"  -16","H,,S"
"UPM00033356","1977-03-08","50.217","31.8","128.0","YAHOTYN, UP","    0",",,I",,,,,"  -50",",,S","  -22","H,,S"
"UPM00033356","1977-03-09","50.217","31.8","128.0","YAHOTYN, UP","    0",",,I",,,"   30",",,S","  -20",",,S","   10","H,,S"
"UPM00033356","1977-03-10","50.217","31.8","128.0","YAHOTYN, UP","    0",",,I",,,"   50",",,S","  -10",",,S","   15","H,,S"
"UPM00033356","1977-03-11","50.217","31.8","128.0","YAHOTYN, UP","    0",",,I",,,"   50",",,S","   10",",,S","   23","H,,S"
"UPM00033356","1977-03-12","50.217","31.8","128.0","YAHOTYN, UP","    0",",,I",,,"   80",",,S","    0",",,S","   22","H,,S"
"UPM00033356","1977-03-13","50.217","31.8","128.0","YAHOTYN, UP","    0",",,I",,,"   90",",,S","    0",",,S","   32","H,,S"
"UPM00033356","1977-03-14","50.217","31.8","128.0","YAHOTYN, UP","    0",",,I",,,"   30",",,S","    0",",,S","   20","H,,S"
"UPM00033356","1977-03-15","50.217","31.8","128.0","YAHOTYN, UP","    0",",,I",,,,,"    0",",,S","    5","H,,S"
"UPM00033356","1977-03-16","50.217","31.8","128.0","YAHOTYN, UP","    0",",,I",,,,,"    0",",,S","   17","H,,S"
"UPM00033356","1977-03-17","50.217","31.8","128.0","YAHOTYN, UP","    0",",,I",,,,,"    0",",,S","   34","H,,S"
"UPM00033356","1977-03-18","50.217","31.8","128.0","YAHOTYN, UP","    0",",,I",,,"   70",",,S","    0",",,S","   33","H,,S"
"UPM00033356","1977-03-19","50.217","31.8","128.0","YAHOTYN, UP","    0",",,I",,,"   40",",,S","    0",",,S","   14","H,,S"
"UPM00033356","1977-03-20","50.217","31.8","128.0","YAHOTYN, UP","    3",",,I",,,"   30",",,S",,,"   20","H,,S"
"UPM00033356","1977-03-21","50.217","31.8","128.0","YAHOTYN, UP","    0",",,I",,,"   70",",,S","   10",",,S","   38","H,,S"
"UPM00033356","1977-03-22","50.217","31.8","128.0","YAHOTYN, UP","    0",",,I",,,,,"   30",",,S","   66","H,,S"
"UPM00033356","1977-03-23","50.217","31.8","128.0","YAHOTYN, UP","    4",",,I",,,"  120",",,S",,,"   58","H,,S"
"UPM00033356","1977-03-24","50.217","31.8","128.0","YAHOTYN, UP","    3",",,I",,,,,,,"   27","H,,S"
"UPM00033356","1977-03-25","50.217","31.8","128.0","YAHOTYN, UP","    0",",,I",,,"   70",",,S",,,"   27","H,,S"
"UPM00033356","1977-03-26","50.217","31.8","128.0","YAHOTYN, UP","    0",",,I",,,"  110",",,S",,,"   50","H,,S"
"UPM00033356","1977-03-27","50.217","31.8","128.0","YAHOTYN, UP","    0",",,I",,,,,,,"   75","H,,S"
"UPM00033356","1977-03-28","50.217","31.8","128.0","YAHOTYN, UP","    0",",,I",,,"  170",",,S",,,"  127","H,,S"
"UPM00033356","1977-03-29","50.217","31.8","128.0","YAHOTYN, UP","    0",",,I",,,"  140",",,S","   20",",,S","   72","H,,S"
"UPM00033356","1977-03-30","50.217","31.8","128.0","YAHOTYN, UP","    9",",,I",,,,,,,,
"UPM00033356","1977-03-31","50.217","31.8","128.0","YAHOTYN, UP","   39",",,I",,,,,,,"   40","H,,S"
"UPM00033356","1977-04-01","50.217","31.8","128.0","YAHOTYN, UP","   17",",,I",,,,,,,"   44","H,,S"
"UPM00033356","1977-04-02","50.217","31.8","128.0","YAHOTYN, UP","    0",",,I",,,"  100",",,S","  -10",",,S","   57","H,,S"
"UPM00033356","1977-04-03","50.217","31.8","128.0","YAHOTYN, UP","  104",",,I",,,"  110",",,S",,,"   86","H,,S"
"UPM00033356","1977-04-04","50.217","31.8","128.0","YAHOTYN, UP","    0",",,I",,,"  200",",,S","   50",",,S","  123","H,,S"
"UPM00033356","1977-04-05","50.217","31.8","128.0","YAHOTYN, UP","    0",",,I",,,"  120",",,S","   30",",,S","   79","H,,S"
"UPM00033356","1977-04-06","50.217","31.8","128.0","YAHOTYN, UP","  135",",,I",,,,,"   40",",,S","   50","H,,S"
"UPM00033356","1977-04-07","50.217","31.8","128.0","YAHOTYN, UP","    0",",,I",,,,,,,,
"UPM00033356","1977-04-08","50.217","31.8","128.0","YAHOTYN, UP","    0",",,I",,,"  160",",,S","   40",",,S","  107","H,,S"
"UPM00033356","1977-04-09","50.217","31.8","128.0","YAHOTYN, UP","    0",",,I",,,,,"   30",",,S","  110","H,,S"
"UPM00033356","1977-04-10","50.217","31.8","128.0","YAHOTYN, UP","    0",",,I",,,"  180",",,S","   60",",,S","  134","H,,S"
"UPM00033356","1977-04-11","50.217","31.8","128.0","YAHOTYN, UP","   15",",,I",,,"  170",",,S","  110",",,S","  136","H,,S"
"UPM00033356","1977-04-12","50.217","31.8","128.0","YAHOTYN, UP","  120",",,I",,,"  170",",,S",,,"  122","H,,S"
"UPM00033356","1977-04-13","50.217","31.8","128.0","YAHOTYN, UP","   64",",,I",,,"   80",",,S",,,"   63","H,,S"
"UPM00033356","1977-04-14","50.217","31.8","128.0","YAHOTYN, UP","    8",",,I",,,,,"   20",",,S","   46","H,,S"
"UPM00033356","1977-04-15","50.217","31.8","128.0","YAHOTYN, UP","   12",",,I",,,,,"   20",",,S","   38","H,,S"
"UPM00033356","1977-04-16","50.217","31.8","128.0","YAHOTYN, UP","    0",",,I",,,"  120",",,S",,,"   60","H,,S"
"UPM00033356","1977-04-17","50.217","31.8","128.0","YAHOTYN, UP","  123",",,I",,,,,,,,
"UPM00033356","1977-04-18","50.217","31.8","128.0","YAHOTYN, UP","    1",",,I",,,"  130",",,S","   20",",,S","   71","H,,S"
"UPM00033356","1977-04-19","50.217","31.8","128.0","YAHOTYN, UP","    3",",,I",,,"  100",",,S","   30",",,S","   62","H,,S"
"UPM00033356","1977-04-20","50.217","31.8","128.0","YAHOTYN, UP","   12",",,I",,,"  100",",,S","   10",",,S","   54","H,,S"
"UPM00033356","1977-04-21","50.217","31.8","128.0","YAHOTYN, UP","    0",",,I",,,,,,,"   57","H,,S"
"UPM00033356","1977-04-22","50.217","31.8","128.0","YAHOTYN, UP","    3",",,I",,,,,"   30",",,S","   83","H,,S"
"UPM00033356","1977-04-23","50.217","31.8","128.0","YAHOTYN, UP","   49",",,I",,,,,,,"   88","H,,S"
"UPM00033356","1977-04-24","50.217","31.8","128.0","YAHOTYN, UP","    1",",,I",,,,,"   80",",,S","  112","H,,S"
"UPM00033356","1977-04-25","50.217","31.8","128.0","YAHOTYN, UP","   43",",,I",,,,,,,"  105","H,,S"
"UPM00033356","1977-04-26","50.217","31.8","128.0","YAHOTYN, UP","   32",",,I",,,"  100",",,S","   60",",,S","   73","H,,S"
"UPM00033356","1977-04-27","50.217","31.8","128.0","YAHOTYN, UP","    3",",,I",,,,,"   50",",,S","   70","H,,S"
"UPM00033356","1977-04-28","50.217","31.8","128.0","YAHOTYN, UP","    3",",,I",,,"  180",",,S","   30",",,S","  109","H,,S"
"UPM00033356","1977-04-29","50.217","31.8","128.0","YAHOTYN, UP","    0",",,I",,,"  210",",,S","   80",",,S","  138","H,,S"
"UPM00033356","1977-04-30","50.217","31.8","128.0","YAHOTYN, UP","    0",",,I",,,"  250",",,S","   80",",,S","  168","H,,S"
"UPM00033356","1977-05-01","50.217","31.8","128.0","YAHOTYN, UP","    0",",,I",,,"  270",",,S","  120",",,S","  199","H,,S"
"UPM00033356","1977-05-02","50.217","31.8","128.0","YAHOTYN, UP","    0",",,I",,,,,"  130",",,S","  182","H,,S"
"UPM00033356","1977-05-03","50.217","31.8","128.0","YAHOTYN, UP","    0",",,I",,,,,,,,
"UPM00033356","1977-05-04","50.217","31.8","128.0","YAHOTYN, UP","    0",",,I",,,,,,,,
"UPM00033356","1977-05-05","50.217","31.8","128.0","YAHOTYN, UP","    0",",,I",,,,,"   50",",,S","  136","H,,S"
"UPM00033356","1977-05-06","50.217","31.8","128.0","YAHOTYN, UP","    0",",,I",,,,,,,,
"UPM00033356","1977-05-07","50.217","31.8","128.0","YAHOTYN, UP","    0",",,I",,,"  290",",,S","   60",",,S","  140","H,,S"
"UPM00033356","1977-05-08","50.217","31.8","128.0","YAHOTYN, UP","    0",",,I",,,"  230",",,S","   80",",,S","  166","H,,S"
"UPM00033356","1977-05-09","50.217","31.8","128.0","YAHOTYN, UP","    0",",,I",,,,,"  100",",,S","  140","H,,S"
"UPM00033356","1977-05-10","50.217","31.8","128.0","YAHOTYN, UP","   24",",,I",,,,,"   90",",,S","  132","H,,S"
"UPM00033356","1977-05-11","50.217","31.8","128.0","YAHOTYN, UP","    0",",,I",,,,,,,"  148","H,,S"
"UPM00033356","1977-05-12","50.217","31.8","128.0","YAHOTYN, UP","   37",",,I",,,"  190",",,S",,,"  143","H,,S"
"UPM00033356","1977-05-13","50.217","31.8","128.0","YAHOTYN, UP","   32",",,I",,,,,,,,
"UPM00033356","1977-05-14","50.217","31.8","128.0","YAHOTYN, UP","    1",",,I",,,,,"  110",",,S","  140","H,,S"
"UPM00033356","1977-05-15","50.217","31.8","128.0","YAHOTYN, UP","    0",",,I",,,,,,,"  164","H,,S"
"UPM00033356","1977-05-16","50.217","31.8","128.0","YAHOTYN, UP","    0",",,I",,,,,"  120",",,S","  173","H,,S"
"UPM00033356","1977-05-17","50.217","31.8","128.0","YAHOTYN, UP","   38",",,I",,,,,"  130",",,S","  180","H,,S"
"UPM00033356","1977-05-18","50.217","31.8","128.0","YAHOTYN, UP","    0",",,I",,,"  250",",,S",,,"  195","H,,S"
"UPM00033356","1977-05-19","50.217","31.8","128.0","YAHOTYN, UP","    0",",,I",,,,,,,"  204","H,,S"
"UPM00033356","1977-05-20","50.217","31.8","128.0","YAHOTYN, UP","    0",",,I",,,,,,,"  195","H,,S"
"UPM00033356","1977-05-21","50.217","31.8","128.0","YAHOTYN, UP","    0",",,I",,,,,,,,
"UPM00033356","1977-05-22","50.217","31.8","128.0","YAHOTYN, UP","    0",",,I",,,,,,,,
"UPM00033356","1977-05-23","50.217","31.8","128.0","YAHOTYN, UP","   24",",,I",,,"  130",",,S",,,"  113","H,,S"
"UPM00033356","1977-05-24","50.217","31.8","128.0","YAHOTYN, UP","    0",",,I",,,,,"   90",",,S","  102","H,,S"
"UPM00033356","1977-05-25","50.217","31.8","128.0","YAHOTYN, UP","   27",",,I",,,,,,,"   88","H,,S"
"UPM00033356","1977-05-26","50.217","31.8","128.0","YAHOTYN, UP","   42",",,I",,,,,"   30",",,S","   72","H,,S"
"UPM00033356","1977-05-27","50.217","31.8","128.0","YAHOTYN, UP","    3",",,I",,,,,,,"   77","H,,S"
"UPM00033356","1977-05-28","50.217","31.8","128.0","YAHOTYN, UP","    0",",,I",,,,,"   40",",,S","   93","H,,S"
"UPM00033356","1977-05-29","50.217","31.8","128.0","YAHOTYN, UP","    0",",,I",,,"  180",",,S","   40",",,S","  108","H,,S"
"UPM00033356","1977-05-30","50.217","31.8","128.0","YAHOTYN, UP","   15",",,I",,,,,,,,
"UPM00033356","1977-05-31","50.217","31.8","128.0","YAHOTYN, UP","   11",",,I",,,,,,,"  122","H,,S"
"UPM00033356","1977-06-01","50.217","31.8","128.0","YAHOTYN, UP","  131",",,I",,,,,"   90",",,S","  116","H,,S"
"UPM00033356","1977-06-02","50.217","31.8","128.0","YAHOTYN, UP","   14",",,I",,,"  140",",,S",,,"  103","H,,S"
"UPM00033356","1977-06-03","50.217","31.8","128.0","YAHOTYN, UP","    6",",,I",,,,,"   40",",,S","   96","H,,S"
"UPM00033356","1977-06-04","50.217","31.8","128.0","YAHOTYN, UP","   67",",,I",,,"  140",",,S","   90",",,S","  106","H,,S"
"UPM00033356","1977-06-05","50.217","31.8","128.0","YAHOTYN, UP","   21",",,I",,,,,"   90",",,S","  135","H,,S"
"UPM00033356","1977-06-06","50.217","31.8","128.0","YAHOTYN, UP","    0",",,I",,,,,,,"  160","H,,S"
"UPM00033356","1977-06-07","50.217","31.8","128.0","YAHOTYN, UP","   12",",,I",,,,,"  110",",,S","  178","H,,S"
"UPM00033356","1977-06-08","50.217","31.8","128.0","YAHOTYN, UP","    0",",,I",,,"  250",",,S",,,"  182","H,,S"
"UPM00033356","1977-06-09","50.217","31.8","128.0","YAHOTYN, UP","    8",",,I",,,"  260",",,S",,,"  174","H,,S"
"UPM00033356","1977-06-10","50.217","31.8","128.0","YAHOTYN, UP","    1",",,I",,,,,,,,
"UPM00033356","1977-06-11","50.217","31.8","128.0","YAHOTYN, UP","   36",",,I",,,,,,,,
"UPM00033356","1977-06-12","50.217","31.8","128.0","YAHOTYN, UP","  123",",,I",,,"  180",",,S",,,"  165","H,,S"
"UPM00033356","1977-06-13","50.217","31.8","128.0","YAHOTYN, UP","   19",",,I",,,,,,,,
"UPM00033356","1977-06-14","50.217","31.8","128.0","YAHOTYN, UP","    3",",,I",,,"  230",",,S","  160",",,S","  187","H,,S"
"UPM00033356","1977-06-15","50.217","31.8","128.0","YAHOTYN, UP","    9",",,I",,,"  260",",,S","  140",",,S","  200","H,,S"
"UPM00033356","1977-06-16","50.217","31.8","128.0","YAHOTYN, UP","    0",",,I",,,,,,,,
"UPM00033356","1977-06-17","50.217","31.8","128.0","YAHOTYN, UP","    0",",,I",,,"  280",",,S","  170",",,S","  224","H,,S"
"UPM00033356","1977-06-18","50.217","31.8","128.0","YAHOTYN, UP","    0",",,I",,,"  280",",,S","  170",",,S","  216","H,,S"
"UPM00033356","1977-06-19","50.217","31.8","128.0","YAHOTYN, UP","  266",",,I",,,,,,,,
"UPM00033356","1977-06-20","50.217","31.8","128.0","YAHOTYN, UP","  122",",,I",,,"  230",",,S","  170",",,S","  185","H,,S"
"UPM00033356","1977-06-21","50.217","31.8","128.0","YAHOTYN, UP","    4",",,I",,,"  220",",,S","  150",",,S","  182","H,,S"
"UPM00033356","1977-06-22","50.217","31.8","128.0","YAHOTYN, UP","   30",",,I",,,,,,,"  167","H,,S"
"UPM00033356","1977-06-23","50.217","31.8","128.0","YAHOTYN, UP","    0",",,I",,,"  200",",,S",,,"  153","H,,S"
"UPM00033356","1977-06-24","50.217","31.8","128.0","YAHOTYN, UP","    0",",,I",,,"  180",",,S","  100",",,S","  134","H,,S"
"UPM00033356","1977-06-25","50.217","31.8","128.0","YAHOTYN, UP","    0",",,I",,,,,,,"  140","H,,S"
"UPM00033356","1977-06-26","50.217","31.8","128.0","YAHOTYN, UP","    0",",,I",,,,,,,"  194","H,,S"
"UPM00033356","1977-06-27","50.217","31.8","128.0","YAHOTYN, UP","    0",",,I",,,,,"  140",",,S","  208","H,,S"
"UPM00033356","1977-06-28","50.217","31.8","128.0","YAHOTYN, UP","    0",",,I",,,,,,,"  178","H,,S"
"UPM00033356","1977-06-29","50.217","31.8","128.0","YAHOTYN, UP","  175",",,I",,,,,,,,
"UPM00033356","1977-06-30","50.217","31.8","128.0","YAHOTYN, UP","    0",",,I",,,,,"  140",",,S","  200","H,,S"
"UPM00033356","1977-07-01","50.217","31.8","128.0","YAHOTYN, UP","    0",",,I",,,"  260",",,S","  150",",,S","  215","H,,S"
"UPM00033356","1977-07-02","50.217","31.8","128.0","YAHOTYN, UP","    4",",,I",,,"  270",",,S",,,"  215","H,,S"
"UPM00033356","1977-07-03","50.217","31.8","128.0","YAHOTYN, UP","    0",",,I",,,,,"  160",",,S","  182","H,,S"
"UPM00033356","1977-07-04","50.217","31.8","128.0","YAHOTYN, UP","   19",",,I",,,,,,,"  142","H,,S"
"UPM00033356","1977-07-05","50.217","31.8","128.0","YAHOTYN, UP","   26",",,I",,,,,"   90",",,S","  145","H,,S"
"UPM00033356","1977-07-06","50.217","31.8","128.0","YAHOTYN, UP","  103",",,I",,,,,,,,
"UPM00033356","1977-07-07","50.217","31.8","128.0","YAHOTYN, UP","   10",",,I",,,,,,,"  200","H,,S"
"UPM00033356","1977-07-08","50.217","31.8","128.0","YAHOTYN, UP","    0",",,I",,,,,,,,
"UPM00033356","1977-07-09","50.217","31.8","128.0","YAHOTYN, UP","   33",",,I",,,"  260",",,S","  140",",,S","  206","H,,S"
"UPM00033356","1977-07-10","50.217","31.8","128.0","YAHOTYN, UP","  280",",,I",,,"  200",",,S","  170",",,S","  183","H,,S"
"UPM00033356","1977-07-11","50.217","31.8","128.0","YAHOTYN, UP","    3",",,I",,,,,,,"  218","H,,S"
"UPM00033356","1977-07-12","50.217","31.8","128.0","YAHOTYN, UP","    0",",,I",,,,,"  150",",,S","  194","H,,S"
"UPM00033356","1977-07-13","50.217","31.8","128.0","YAHOTYN, UP","   73",",,I",,,,,,,,
"UPM00033356","1977-07-14","50.217","31.8","128.0","YAHOTYN, UP","    0",",,I",,,"  270",",,S",,,"  205","H,,S"
"UPM00033356","1977-07-15","50.217","31.8","128.0","YAHOTYN, UP","  111",",,I",,,,,"  160",",,S","  206","H,,S"
"UPM00033356","1977-07-16","50.217","31.8","128.0","YAHOTYN, UP","   57",",,I",,,,,,,"  152","H,,S"
"UPM00033356","1977-07-17","50.217","31.8","128.0","YAHOTYN, UP","    0",",,I",,,,,,,"  142","H,,S"
"UPM00033356","1977-07-18","50.217","31.8","128.0","YAHOTYN, UP","    0",",,I",,,,,"   90",",,S","  180","H,,S"
"UPM00033356","1977-07-19","50.217","31.8","128.0","YAHOTYN, UP","    0",",,I",,,,,,,,
"UPM00033356","1977-07-20","50.217","31.8","128.0","YAHOTYN, UP","   81",",,I",,,"  220",",,S",,,"  160","H,,S"
"UPM00033356","1977-07-21","50.217","31.8","128.0","YAHOTYN, UP","    3",",,I",,,,,"  130",",,S","  184","H,,S"
"UPM00033356","1977-07-22","50.217","31.8","128.0","YAHOTYN, UP","    0",",,I",,,"  270",",,S","  140",",,S","  210","H,,S"
"UPM00033356","1977-07-23","50.217","31.8","128.0","YAHOTYN, UP","    0",",,I",,,"  230",",,S","  160",",,S","  189","H,,S"
"UPM00033356","1977-07-24","50.217","31.8","128.0","YAHOTYN, UP","    0",",,I",,,,,,,,
"UPM00033356","1977-07-25","50.217","31.8","128.0","YAHOTYN, UP","    0",",,I",,,"  260",",,S","  120",",,S","  204","H,,S"
"UPM00033356","1977-07-26","50.217","31.8","128.0","YAHOTYN, UP","    0",",,I",,,"  310",",,S","  140",",,S","  220","H,,S"
"UPM00033356","1977-07-27","50.217","31.8","128.0","YAHOTYN, UP","    0",",,I",,,"  290",",,S","  180",",,S","  233","H,,S"
"UPM00033356","1977-07-28","50.217","31.8","128.0","YAHOTYN, UP","   22",",,I",,,,,,,"  192","H,,S"
"UPM00033356","1977-07-29","50.217","31.8","128.0","YAHOTYN, UP","    0",",,I",,,"  210",",,S","  140",",,S","  172","H,,S"
"UPM00033356","1977-07-30","50.217","31.8","128.0","YAHOTYN, UP","    0",",,I",,,"  220",",,S","  110",",,S","  178","H,,S"
"UPM00033356","1977-07-31","50.217","31.8","128.0","YAHOTYN, UP","    0",",,I",,,,,,,,
"UPM00033356","1977-08-01","50.217","31.8","128.0","YAHOTYN, UP","    0",",,I",,,"  280",",,S","  140",",,S","  210","H,,S"
"UPM00033356","1977-08-02","50.217","31.8","128.0","YAHOTYN, UP","    7",",,I",,,"  280",",,S",,,"  227","H,,S"
"UPM00033356","1977-08-03","50.217","31.8","128.0","YAHOTYN, UP","   40",",,I",,,"  280",",,S","  180",",,S","  228","H,,S"
"UPM00033356","1977-08-04","50.217","31.8","128.0","YAHOTYN, UP","   10",",,I",,,,,,,"  180","H,,S"
"UPM00033356","1977-08-05","50.217","31.8","128.0","YAHOTYN, UP","    0",",,I",,,"  230",",,S","  140",",,S","  170","H,,S"
"UPM00033356","1977-08-06","50.217","31.8","128.0","YAHOTYN, UP","    1",",,I",,,,,"  110",",,S","  180","H,,S"
"UPM00033356","1977-08-07","50.217","31.8","128.0","YAHOTYN, UP","   36",",,I",,,"  240",",,S",,,"  174","H,,S"
"UPM00033356","1977-08-08","50.217","31.8","128.0","YAHOTYN, UP","    0",",,I",,,"  250",",,S","  140",",,S","  182","H,,S"
"UPM00033356","1977-08-09","50.217","31.8","128.0","YAHOTYN, UP","    0",",,I",,,,,,,"  180","H,,S"
"UPM00033356","1977-08-10","50.217","31.8","128.0","YAHOTYN, UP","    0",",,I",,,,,,,,
"UPM00033356","1977-08-11","50.217","31.8","128.0","YAHOTYN, UP","    0",",,I",,,,,"  150",",,S","  210","H,,S"
"UPM00033356","1977-08-12","50.217","31.8","128.0","YAHOTYN, UP","    0",",,I",,,"  270",",,S",,,"  200","H,,S"
"UPM00033356","1977-08-13","50.217","31.8","128.0","YAHOTYN, UP","    0",",,I",,,,,"  150",",,S","  188","H,,S"
"UPM00033356","1977-08-14","50.217","31.8","128.0","YAHOTYN, UP","    0",",,I",,,"  270",",,S",,,"  178","H,,S"
"UPM00033356","1977-08-15","50.217","31.8","128.0","YAHOTYN, UP","   11",",,I",,,,,"  170",",,S","  195","H,,S"
"UPM00033356","1977-08-16","50.217","31.8","128.0","YAHOTYN, UP","   27",",,I",,,,,,,,
"UPM00033356","1977-08-17","50.217","31.8","128.0","YAHOTYN, UP","   23",",,I",,,"  170",",,S",,,"  125","H,,S"
"UPM00033356","1977-08-18","50.217","31.8","128.0","YAHOTYN, UP","    0",",,I",,,,,,,,
"UPM00033356","1977-08-19","50.217","31.8","128.0","YAHOTYN, UP","   90",",,I",,,"  170",",,S","   70",",,S","  127","H,,S"
"UPM00033356","1977-08-20","50.217","31.8","128.0","YAHOTYN, UP","  130",",,I",,,,,,,,
"UPM00033356","1977-08-21","50.217","31.8","128.0","YAHOTYN, UP","    3",",,I",,,,,,,,
"UPM00033356","1977-08-22","50.217","31.8","128.0","YAHOTYN, UP","  128",",,I",,,"  170",",,S",,,"  147","H,,S"
"UPM00033356","1977-08-23","50.217","31.8","128.0","YAHOTYN, UP","   13",",,I",,,,,,,,
"UPM00033356","1977-08-24","50.217","31.8","128.0","YAHOTYN, UP","    0",",,I",,,,,"  120",",,S","  142","H,,S"
"UPM00033356","1977-08-25","50.217","31.8","128.0","YAHOTYN, UP","   15",",,I",,,,,"  100",",,S","  122","H,,S"
"UPM00033356","1977-08-26","50.217","31.8","128.0","YAHOTYN, UP","   18",",,I",,,"  200",",,S",,,"  132","H,,S"
"UPM00033356","1977-08-27","50.217","31.8","128.0","YAHOTYN, UP","    0",",,I",,,,,,,,
"UPM00033356","1977-08-28","50.217","31.8","128.0","YAHOTYN, UP","    0",",,I",,,"  220",",,S","   90",",,S","  138","H,,S"
"UPM00033356","1977-08-29","50.217","31.8","128.0","YAHOTYN, UP","  175",",,I",,,,,,,,
"UPM00033356","1977-08-30","50.217","31.8","128.0","YAHOTYN, UP","    0",",,I",,,,,"  120",",,S","  153","H,,S"
"UPM00033356","1977-08-31","50.217","31.8","128.0","YAHOTYN, UP","    0",",,I",,,"  240",",,S",,,"  155","H,,S"
"UPM00033356","1977-09-01","50.217","31.8","128.0","YAHOTYN, UP","    0",",,I",,,,,,,,
"UPM00033356","1977-09-02","50.217","31.8","128.0","YAHOTYN, UP","    0",",,I",,,,,,,,
"UPM00033356","1977-09-03","50.217","31.8","128.0","YAHOTYN, UP","    0",",,I",,,,,,,"  202","H,,S"
"UPM00033356","1977-09-04","50.217","31.8","128.0","YAHOTYN, UP","    0",",,I",,,,,,,,
"UPM00033356","1977-09-05","50.217","31.8","128.0","YAHOTYN, UP","    0",",,I",,,,,,,,
"UPM00033356","1977-09-06","50.217","31.8","128.0","YAHOTYN, UP","    0",",,I",,,"  280",",,S",,,"  184","H,,S"
"UPM00033356","1977-09-07","50.217","31.8","128.0","YAHOTYN, UP","    0",",,I",,,,,"  130",",,S","  200","H,,S"
"UPM00033356","1977-09-08","50.217","31.8","128.0","YAHOTYN, UP","    0",",,I",,,,,,,"  240","H,,S"
"UPM00033356","1977-09-09","50.217","31.8","128.0","YAHOTYN, UP","   23",",,I",,,,,"  150",",,S","  185","H,,S"
"UPM00033356","1977-09-10","50.217","31.8","128.0","YAHOTYN, UP","    0",",,I",,,,,,,,
"UPM00033356","1977-09-11","50.217","31.8","128.0","YAHOTYN, UP","    4",",,I",,,,,,,"  108","H,,S"
"UPM00033356","1977-09-12","50.217","31.8","128.0","YAHOTYN, UP","    0",",,I",,,"  180",",,S","   50",",,S","  132","H,,S"
"UPM00033356","1977-09-13","50.217","31.8","128.0","YAHOTYN, UP","    0",",,I",,,,,,,,
"UPM00033356","1977-09-14","50.217","31.8","128.0","YAHOTYN, UP","    0",",,I",,,,,"   30",",,S","   84","H,,S"
"UPM00033356","1977-09-15","50.217","31.8","128.0","YAHOTYN, UP","   52",",,I",,,,,"   40",",,S","  102","H,,S"
"UPM00033356","1977-09-16","50.217","31.8","128.0","YAHOTYN, UP","    6",",,I",,,,,"   60",",,S","   92","H,,S"
"UPM00033356","1977-09-17","50.217","31.8","128.0","YAHOTYN, UP","    0",",,I",,,,,,,,
"UPM00033356","1977-09-18","50.217","31.8","128.0","YAHOTYN, UP","    0",",,I",,,"  160",",,S","   20",",,S","   88","H,,S"
"UPM00033356","1977-09-19","50.217","31.8","128.0","YAHOTYN, UP","   12",",,I",,,"  130",",,S","   80",",,S","  102","H,,S"
"UPM00033356","1977-09-20","50.217","31.8","128.0","YAHOTYN, UP","   22",",,I",,,"  120",",,S",,,"  103","H,,S"
"UPM00033356","1977-09-21","50.217","31.8","128.0","YAHOTYN, UP","   24",",,I",,,,,,,,
"UPM00033356","1977-09-22","50.217","31.8","128.0","YAHOTYN, UP","   27",",,I",,,,,,,"  127","H,,S"
"UPM00033356","1977-09-23","50.217","31.8","128.0","YAHOTYN, UP","    5",",,I",,,,,"   80",",,S","   88","H,,S"
"UPM00033356","1977-09-24","50.217","31.8","128.0","YAHOTYN, UP","    0",",,I",,,,,,,,
"UPM00033356","1977-09-25","50.217","31.8","128.0","YAHOTYN, UP","    0",",,I",,,"  100",",,S",,,"   42","H,,S"
"UPM00033356","1977-09-26","50.217","31.8","128.0","YAHOTYN, UP","    0",",,I",,,,,,,,
"UPM00033356","1977-09-27","50.217","31.8","128.0","YAHOTYN, UP","    1",",,I",,,,,,,,
"UPM00033356","1977-09-28","50.217","31.8","128.0","YAHOTYN, UP","    1",",,I",,,,,,,,
"UPM00033356","1977-09-29","50.217","31.8","128.0","YAHOTYN, UP","    0",",,I",,,,,,,,
"UPM00033356","1977-09-30","50.217","31.8","128.0","YAHOTYN, UP","    0",",,I",,,,,,,,
"UPM00033356","1977-10-01","50.217","31.8","128.0","YAHOTYN, UP","    6",",,I",,,,,"   60",",,S","   98","H,,S"
"UPM00033356","1977-10-02","50.217","31.8","128.0","YAHOTYN, UP","   30",",,I",,,,,,,"  102","H,,S"
"UPM00033356","1977-10-03","50.217","31.8","128.0","YAHOTYN, UP","    4",",,I",,,,,"   30",",,S","   72","H,,S"
"UPM00033356","1977-10-04","50.217","31.8","128.0","YAHOTYN, UP","    8",",,I",,,,,,,"   66","H,,S"
"UPM00033356","1977-10-05","50.217","31.8","128.0","YAHOTYN, UP","    0",",,I",,,"  130",",,S",,,"   68","H,,S"
"UPM00033356","1977-10-06","50.217","31.8","128.0","YAHOTYN, UP","    1",",,I",,,,,"   80",",,S","  124","H,,S"
"UPM00033356","1977-10-07","50.217","31.8","128.0","YAHOTYN, UP","    0",",,I",,,,,"   80",",,S","  150","H,,S"
"UPM00033356","1977-10-08","50.217","31.8","128.0","YAHOTYN, UP","    0",",,I",,,,,"   60",",,S","  112","H,,S"
"UPM00033356","1977-10-09","50.217","31.8","128.0","YAHOTYN, UP","    3",",,I",,,,,"   80",",,S","   88","H,,S"
"UPM00033356","1977-10-10","50.217","31.8","128.0","YAHOTYN, UP","    0",",,I",,,"   90",",,S",,,"   44","H,,S"
"UPM00033356","1977-10-11","50.217","31.8","128.0","YAHOTYN, UP","    0",",,I",,,,,,,"   52","H,,S"
"UPM00033356","1977-10-12","50.217","31.8","128.0","YAHOTYN, UP","    0",",,I",,,,,"  -20",",,S","   62","H,,S"
"UPM00033356","1977-10-13","50.217","31.8","128.0","YAHOTYN, UP","    0",",,I",,,"  150",",,S","  -20",",,S","   72","H,,S"
"UPM00033356","1977-10-14","50.217","31.8","128.0","YAHOTYN, UP","    0",",,I",,,,,,,"   90","H,,S"
"UPM00033356","1977-10-15","50.217","31.8","128.0","YAHOTYN, UP","    0",",,I",,,,,,,"   46","H,,S"
"UPM00033356","1977-10-16","50.217","31.8","128.0","YAHOTYN, UP","    0",",,I",,,,,,,,
"UPM00033356","1977-10-17","50.217","31.8","128.0","YAHOTYN, UP","    0",",,I",,,"   70",",,S","  -30",",,S","   16","H,,S"
"UPM00033356","1977-10-18","50.217","31.8","128.0","YAHOTYN, UP","    0",",,I",,,,,,,"   12","H,,S"
"UPM00033356","1977-10-19","50.217","31.8","128.0","YAHOTYN, UP","    0",",,I",,,,,,,,
"UPM00033356","1977-10-20","50.217","31.8","128.0","YAHOTYN, UP","    0",",,I",,,,,,,"   48","H,,S"
"UPM00033356","1977-10-21","50.217","31.8","128.0","YAHOTYN, UP","    0",",,I",,,"   40",",,S","  -60",",,S","  -38","H,,S"
"UPM00033356","1977-10-22","50.217","31.8","128.0","YAHOTYN, UP","    0",",,I",,,"   90",",,S","  -60",",,S","    5","H,,S"
"UPM00033356","1977-10-23","50.217","31.8","128.0","YAHOTYN, UP","    0",",,I",,,,,"  -20",",,S","   42","H,,S"
"UPM00033356","1977-10-24","50.217","31.8","128.0","YAHOTYN, UP","    0",",,I",,,,,,,,
"UPM00033356","1977-10-25","50.217","31.8","128.0","YAHOTYN, UP","    0",",,I",,,,,"   10",",,S","   48","H,,S"
"UPM00033356","1977-10-26","50.217","31.8","128.0","YAHOTYN, UP","    0",",,I",,,,,"   20",",,S","   76","H,,S"
"UPM00033356","1977-10-27","50.217","31.8","128.0","YAHOTYN, UP","   18",",,I",,,"  110",",,S","   80",",,S","   97","H,,S"
"UPM00033356","1977-10-28","50.217","31.8","128.0","YAHOTYN, UP","    0",",,I",,,"  110",",,S","   80",",,S","   83","H,,S"
"UPM00033356","1977-10-29","50.217","31.8","128.0","YAHOTYN, UP","    0",",,I",,,,,"   70",",,S","   77","H,,S"
"UPM00033356","1977-10-30","50.217","31.8","128.0","YAHOTYN, UP","    0",",,I",,,"  120",",,S",,,"   80","H,,S"
"UPM00033356","1977-10-31","50.217","31.8","128.0","YAHOTYN, UP","    0",",,I",,,,,"  -20",",,S","    7","H,,S"
"UPM00033356","1977-11-01","50.217","31.8","128.0","YAHOTYN, UP","    0",",,I",,,"   20",",,S","    0",",,S","    5","H,,S"
"UPM00033356","1977-11-02","50.217","31.8","128.0","YAHOTYN, UP","  163",",,I",,,,,,,"   37","H,,S"
"UPM00033356","1977-11-03","50.217","31.8","128.0","YAHOTYN, UP","   57",",,I",,,"   50",",,S","   20",",,S","   40","H,,S"
"UPM00033356","1977-11-04","50.217","31.8","128.0","YAHOTYN, UP","    7",",,I",,,"   80",",,S","   40",",,S","   55","H,,S"
"UPM00033356","1977-11-05","50.217","31.8","128.0","YAHOTYN, UP","   41",",,I",,,"  120",",,S",,,"   82","H,,S"
"UPM00033356","1977-11-06","50.217","31.8","128.0","YAHOTYN, UP","    0",",,I",,,,,"   10",",,S","   43","H,,S"
"UPM00033356","1977-11-07","50.217","31.8","128.0","YAHOTYN, UP","    0",",,I",,,"   80",",,S",,,"   55","H,,S"
"UPM00033356","1977-11-08","50.217","31.8","128.0","YAHOTYN, UP","    0",",,I",,,"   70",",,S",,,"   45","H,,S"
"UPM00033356","1977-11-09","50.217","31.8","128.0","YAHOTYN, UP","    2",",,I",,,,,"   30",",,S","   80","H,,S"
"UPM00033356","1977-11-10","50.217","31.8","128.0","YAHOTYN, UP","   34",",,I",,,,,"   30",",,S","   62","H,,S"
"UPM00033356","1977-11-11","50.217","31.8","128.0","YAHOTYN, UP","    0",",,I",,,,,"   50",",,S","   63","H,,S"
"UPM00033356","1977-11-12","50.217","31.8","128.0","YAHOTYN, UP","    1",",,I",,,,,"   50",",,S","   82","H,,S"
"UPM00033356","1977-11-13","50.217","31.8","128.0","YAHOTYN, UP","    0",",,I",,,,,,,"   66","H,,S"
"UPM00033356","1977-11-14","50.217","31.8","128.0","YAHOTYN, UP","   30",",,I",,,"   70",",,S","    0",",,S","   33","H,,S"
"UPM00033356","1977-11-15","50.217","31.8","128.0","YAHOTYN, UP","    1",",,I",,,"  100",",,S","    0",",,S","   45","H,,S"
"UPM00033356","1977-11-16","50.217","31.8","128.0","YAHOTYN, UP","    8",",,I",,,,,"   30",",,S","   70","H,,S"
"UPM00033356","1977-11-17","50.217","31.8","128.0","YAHOTYN, UP","   19",",,I",,,,,,,"   78","H,,S"
"UPM00033356","1977-11-18","50.217","31.8","128.0","YAHOTYN, UP","    0",",,I",,,"   40",",,S",,,"   23","H,,S"
"UPM00033356","1977-11-19","50.217","31.8","128.0","YAHOTYN, UP","    0",",,I",,,,,,,,
"UPM00033356","1977-11-20","50.217","31.8","128.0","YAHOTYN, UP","    0",",,I",,,"   60",",,S",,,"    2","H,,S"
"UPM00033356","1977-11-21","50.217","31.8","128.0","YAHOTYN, UP","    0",",,I",,,,,,,,
"UPM00033356","1977-11-22","50.217","31.8","128.0","YAHOTYN, UP","    0",",,I",,,,,,,,
"UPM00033356","1977-11-23","50.217","31.8","128.0","YAHOTYN, UP","   47",",,I",,,"   70",",,S",,,"   53","H,,S"
"UPM00033356","1977-11-24","50.217","31.8","128.0","YAHOTYN, UP","  140",",,I",,,,,,,"   28","H,,S"
"UPM00033356","1977-11-25","50.217","31.8","128.0","YAHOTYN, UP","    0",",,I",,,,,"  -10",",,S","    9","H,,S"
"UPM00033356","1977-11-26","50.217","31.8","128.0","YAHOTYN, UP","   43",",,I",,,"   60",",,S","    0",",,S","   42","H,,S"
"UPM00033356","1977-11-27","50.217","31.8","128.0","YAHOTYN, UP","   14",",,I",,,"  120",",,S","   40",",,S","   56","H,,S"
"UPM00033356","1977-11-28","50.217","31.8","128.0","YAHOTYN, UP","   17",",,I",,,,,,,"    8","H,,S"
"UPM00033356","1977-11-29","50.217","31.8","128.0","YAHOTYN, UP","   21",",,I",,,,,,,"  -32","H,,S"
"UPM00033356","1977-11-30","50.217","31.8","128.0","YAHOTYN, UP","    3",",,I",,,,,,,"  -42","H,,S"
"UPM00033356","1977-12-01","50.217","31.8","128.0","YAHOTYN, UP","    7",",,I",,,"   10",",,S",,,"   -5","H,,S"
"UPM00033356","1977-12-02","50.217","31.8","128.0","YAHOTYN, UP","   20",",,I",,,"    0",",,S",,,"   -6","H,,S"
"UPM00033356","1977-12-03","50.217","31.8","128.0","YAHOTYN, UP","   24",",,I",,,,,,,"  -30","H,,S"
"UPM00033356","1977-12-04","50.217","31.8","128.0","YAHOTYN, UP","    5",",,I",,,"  -50",",,S",,,"  -63","H,,S"
"UPM00033356","1977-12-05","50.217","31.8","128.0","YAHOTYN, UP","   15",",,I",,,"  -70",",,S",,,"  -87","H,,S"
"UPM00033356","1977-12-06","50.217","31.8","128.0","YAHOTYN, UP","    6",",,I",,,,,,,"  -95","H,,S"
"UPM00033356","1977-12-07","50.217","31.8","128.0","YAHOTYN, UP","    2",",,I",,,,,,,"  -52","H,,S"
"UPM00033356","1977-12-08","50.217","31.8","128.0","YAHOTYN, UP","    0",",,I",,,"  -40",",,S",,,"  -67","H,,S"
"UPM00033356","1977-12-09","50.217","31.8","128.0","YAHOTYN, UP","    6",",,I",,,,,,,"  -77","H,,S"
"UPM00033356","1977-12-10","50.217","31.8","128.0","YAHOTYN, UP","    0",",,I",,,,,,,"  -83","H,,S"
"UPM00033356","1977-12-11","50.217","31.8","128.0","YAHOTYN, UP","    0",",,I",,," -100",",,S",,," -144","H,,S"
"UPM00033356","1977-12-12","50.217","31.8","128.0","YAHOTYN, UP","    0",",,I",,,,,,," -145","H,,S"
"UPM00033356","1977-12-13","50.217","31.8","128.0","YAHOTYN, UP","    0",",,I",,,,,,,,
"UPM00033356","1977-12-14","50.217","31.8","128.0","YAHOTYN, UP","    0",",,I",,,,,,," -178","H,,S"
"UPM00033356","1977-12-15","50.217","31.8","128.0","YAHOTYN, UP","    0",",,I","   61",",,S"," -120",",,S"," -200",",,S"," -176","H,,S"
"UPM00033356","1977-12-16","50.217","31.8","128.0","YAHOTYN, UP","   12",",,I",,,"    0",",,S",,,"  -76","H,,S"
"UPM00033356","1977-12-17","50.217","31.8","128.0","YAHOTYN, UP","    3",",,I",,,,,,,,
"UPM00033356","1977-12-18","50.217","31.8","128.0","YAHOTYN, UP","    0",",,I",,,,,,,"  -24","H,,S"
"UPM00033356","1977-12-19","50.217","31.8","128.0","YAHOTYN, UP","    2",",,I",,,"  -10",",,S",,,"  -20","H,,S"
"UPM00033356","1977-12-20","50.217","31.8","128.0","YAHOTYN, UP","    0",",,I",,,,,,,"  -10","H,,S"
"UPM00033356","1977-12-21","50.217","31.8","128.0","YAHOTYN, UP","    0",",,I",,,"   20",",,S",,,"   -2","H,,S"
"UPM00033356","1977-12-22","50.217","31.8","128.0","YAHOTYN, UP","    0",",,I",,,,,,,"  -78","H,,S"
"UPM00033356","1977-12-23","50.217","31.8","128.0","YAHOTYN, UP","    4",",,I",,,,,,,"  -77","H,,S"
"UPM00033356","1977-12-24","50.217","31.8","128.0","YAHOTYN, UP","    0",",,I",,,,,,,"  -84","H,,S"
"UPM00033356","1977-12-25","50.217","31.8","128.0","YAHOTYN, UP","   52",",,I",,,"   40",",,S",,,"   25","H,,S"
"UPM00033356","1977-12-26","50.217","31.8","128.0","YAHOTYN, UP","    7",",,I",,,"  -20",",,S",,,"  -65","H,,S"
"UPM00033356","1977-12-27","50.217","31.8","128.0","YAHOTYN, UP","   17",",,I",,,,,,,"  -57","H,,S"
"UPM00033356","1977-12-28","50.217","31.8","128.0","YAHOTYN, UP","    0",",,I",,,"   10",",,S",,,"   -5","H,,S"
"UPM00033356","1977-12-29","50.217","31.8","128.0","YAHOTYN, UP","   13",",,I",,,"   10",",,S",,,"    7","H,,S"
"UPM00033356","1977-12-30","50.217","31.8","128.0","YAHOTYN, UP","   12",",,I",,,,,,,"    6","H,,S"
"UPM00033356","1977-12-31","50.217","31.8","128.0","YAHOTYN, UP","    1",",,I",,,"   10",",,S",,,"  -16","H,,S"
"UPM00033356","1978-01-01","50.217","31.8","128.0","YAHOTYN, UP","    0",",,I",,,,,,,"  -35","H,,S"
"UPM00033356","1978-01-02","50.217","31.8","128.0","YAHOTYN, UP","    2",",,I",,,,,,,"  -18","H,,S"
"UPM00033356","1978-01-03","50.217","31.8","128.0","YAHOTYN, UP","    9",",,I",,,"   20",",,S",,,"    0","H,,S"
"UPM00033356","1978-01-04","50.217","31.8","128.0","YAHOTYN, UP","    0",",,I",,,,,,,,
"UPM00033356","1978-01-05","50.217","31.8","128.0","YAHOTYN, UP","    3",",,I",,,"    0",",,S",,,"  -38","H,,S"
"UPM00033356","1978-01-06","50.217","31.8","128.0","YAHOTYN, UP","    0",",,I",,,"  -50",",,S",,,"  -68","H,,S"
"UPM00033356","1978-01-07","50.217","31.8","128.0","YAHOTYN, UP","    0",",,I",,,,,,,,
"UPM00033356","1978-01-08","50.217","31.8","128.0","YAHOTYN, UP","    0",",,I",,,"  -90",",,S",,," -163","H,,S"
"UPM00033356","1978-01-09","50.217","31.8","128.0","YAHOTYN, UP","    0",",,I",,,"  -70",",,S",,," -138","H,,S"
"UPM00033356","1978-01-10","50.217","31.8","128.0","YAHOTYN, UP","    0",",,I",,,"  -60",",,S",,," -116","H,,S"
"UPM00033356","1978-01-11","50.217","31.8","128.0","YAHOTYN, UP","    0",",,I",,,,,,,"  -85","H,,S"
"UPM00033356","1978-01-12","50.217","31.8","128.0","YAHOTYN, UP","    0",",,I",,,,,,,"  -38","H,,S"
"UPM00033356","1978-01-13","50.217","31.8","128.0","YAHOTYN, UP","    0",",,I",,,,,,,"    5","H,,S"
"UPM00033356","1978-01-14","50.217","31.8","128.0","YAHOTYN, UP","   29",",,I",,,,,,,,
"UPM00033356","1978-01-15","50.217","31.8","128.0","YAHOTYN, UP","   17",",,I",,,,,,,"  -53","H,,S"
"UPM00033356","1978-01-16","50.217","31.8","128.0","YAHOTYN, UP","    0",",,I",,,"  -70",",,S",,," -143","H,,S"
"UPM00033356","1978-01-17","50.217","31.8","128.0","YAHOTYN, UP","    0",",,I",,,"  -60",",,S",,," -125","H,,S"
"UPM00033356","1978-01-18","50.217","31.8","128.0","YAHOTYN, UP","    0",",,I",,," -110",",,S",,," -135","H,,S"
"UPM00033356","1978-01-19","50.217","31.8","128.0","YAHOTYN, UP","    2",",,I",,," -110",",,S",,," -152","H,,S"
"UPM00033356","1978-01-20","50.217","31.8","128.0","YAHOTYN, UP","    0",",,I",,," -120",",,S",,," -160","H,,S"
"UPM00033356","1978-01-21","50.217","31.8","128.0","YAHOTYN, UP","    0",",,I",,,,,,," -154","H,,S"
"UPM00033356","1978-01-22","50.217","31.8","128.0","YAHOTYN, UP","    0",",,I",,,,,,," -154","H,,S"
"UPM00033356","1978-01-23","50.217","31.8","128.0","YAHOTYN, UP","    0",",,I",,,,," -220",",,S"," -187","H,,S"
"UPM00033356","1978-01-24","50.217","31.8","128.0","YAHOTYN, UP","    0",",,I",,,"  -80",",,S",,," -107","H,,S"
"UPM00033356","1978-01-25","50.217","31.8","128.0","YAHOTYN, UP","    0",",,I",,,,,,,"  -70","H,,S"
"UPM00033356","1978-01-26","50.217","31.8","128.0","YAHOTYN, UP","   28",",,I",,,,,,,"  -22","H,,S"
"UPM00033356","1978-01-27","50.217","31.8","128.0","YAHOTYN, UP","    2",",,I",,,,,,,"  -62","H,,S"
"UPM00033356","1978-01-28","50.217","31.8","128.0","YAHOTYN, UP","    0",",,I",,,,,,,"  -48","H,,S"
"UPM00033356","1978-01-29","50.217","31.8","128.0","YAHOTYN, UP","    0",",,I",,,,,,,"  -96","H,,S"
"UPM00033356","1978-01-30","50.217","31.8","128.0","YAHOTYN, UP","    2",",,I",,,,,,,"  -42","H,,S"
"UPM00033356","1978-01-31","50.217","31.8","128.0","YAHOTYN, UP","   11",",,I",,,"  -30",",,S",,,"  -42","H,,S"
"UPM00033356","1978-02-01","50.217","31.8","128.0","YAHOTYN, UP","   20",",,I",,,"  -40",",,S",,,"  -44","H,,S"
"UPM00033356","1978-02-02","50.217","31.8","128.0","YAHOTYN, UP","    4",",,I",,,,,,,"  -55","H,,S"
"UPM00033356","1978-02-03","50.217","31.8","128.0","YAHOTYN, UP","    0",",,I",,,,,,,,
"UPM00033356","1978-02-04","50.217","31.8","128.0","YAHOTYN, UP","    0",",,I",,,,,,,,
"UPM00033356","1978-02-05","50.217","31.8","128.0","YAHOTYN, UP","    7",",,I",,,,,,,"  -60","H,,S"
"UPM00033356","1978-02-06","50.217","31.8","128.0","YAHOTYN, UP","    5",",,I",,,,,,,,
"UPM00033356","1978-02-07","50.217","31.8","128.0","YAHOTYN, UP","   12",",,I",,,,,,,"  -60","H,,S"
"UPM00033356","1978-02-08","50.217","31.8","128.0","YAHOTYN, UP","   16",",,I","   61",",,S",,,"  -60",",,S","  -46","H,,S"
"UPM00033356","1978-02-09","50.217","31.8","128.0","YAHOTYN, UP","    8",",,I",,,,,,,,
"UPM00033356","1978-02-10","50.217","31.8","128.0","YAHOTYN, UP","   43",",,I",,,,,,,,
"UPM00033356","1978-02-11","50.217","31.8","128.0","YAHOTYN, UP","   15",",,I",,,,,,,,
"UPM00033356","1978-02-12","50.217","31.8","128.0","YAHOTYN, UP","    4",",,I",,,,,,,"  -33","H,,S"
"UPM00033356","1978-02-13","50.217","31.8","128.0","YAHOTYN, UP","   30",",,I",,,,,,,"    8","H,,S"
"UPM00033356","1978-02-14","50.217","31.8","128.0","YAHOTYN, UP","   70",",,I",,,,,,,,
"UPM00033356","1978-02-15","50.217","31.8","128.0","YAHOTYN, UP","   26",",,I",,,,,,,"    3","H,,S"
"UPM00033356","1978-02-16","50.217","31.8","128.0","YAHOTYN, UP","    0",",,I",,,,,,,"  -38","H,,S"
"UPM00033356","1978-02-17","50.217","31.8","128.0","YAHOTYN, UP","    0",",,I",,,"  -30",",,S",,,"  -62","H,,S"
"UPM00033356","1978-02-18","50.217","31.8","128.0","YAHOTYN, UP","   18",",,I",,,,,,,"  -44","H,,S"
"UPM00033356","1978-02-19","50.217","31.8","128.0","YAHOTYN, UP","   13",",,I",,,,,,," -127","H,,S"
"UPM00033356","1978-02-20","50.217","31.8","128.0","YAHOTYN, UP","    0",",,I",,,"  -70",",,S",,," -144","H,,S"
"UPM00033356","1978-02-21","50.217","31.8","128.0","YAHOTYN, UP","    0",",,I",,,"  -80",",,S",,," -148","H,,S"
"UPM00033356","1978-02-22","50.217","31.8","128.0","YAHOTYN, UP","    0",",,I",,,"    0",",,S",,,"  -62","H,,S"
"UPM00033356","1978-02-23","50.217","31.8","128.0","YAHOTYN, UP","   25",",,I",,,,,,,"  -75","H,,S"
"UPM00033356","1978-02-24","50.217","31.8","128.0","YAHOTYN, UP","    0",",,I",,,,,,,"  -90","H,,S"
"UPM00033356","1978-02-25","50.217","31.8","128.0","YAHOTYN, UP","    2",",,I",,,"  -60",",,S",,,"  -83","H,,S"
"UPM00033356","1978-02-26","50.217","31.8","128.0","YAHOTYN, UP","    0",",,I",,,"  -20",",,S",,,"  -58","H,,S"
"UPM00033356","1978-02-27","50.217","31.8","128.0","YAHOTYN, UP","   10",",,I",,,,,,,"  -32","H,,S"
"UPM00033356","1978-02-28","50.217","31.8","128.0","YAHOTYN, UP","    3",",,I",,,,,,,"    7","H,,S"
"UPM00033356","1978-03-01","50.217","31.8","128.0","YAHOTYN, UP","   19",",,I",,,,,,,"    6","H,,S"
"UPM00033356","1978-03-02","50.217","31.8","128.0","YAHOTYN, UP","   33",",,I",,,"   10",",,S",,,"    5","H,,S"
"UPM00033356","1978-03-03","50.217","31.8","128.0","YAHOTYN, UP","   46",",,I",,,"   20",",,S",,,"    8","H,,S"
"UPM00033356","1978-03-04","50.217","31.8","128.0","YAHOTYN, UP","    9",",,I",,,,,,,"    6","H,,S"
"UPM00033356","1978-03-05","50.217","31.8","128.0","YAHOTYN, UP","    3",",,I",,,"   10",",,S",,,"    5","H,,S"
"UPM00033356","1978-03-06","50.217","31.8","128.0","YAHOTYN, UP","    4",",,I",,,"   10",",,S","    0",",,S","    8","H,,S"
"UPM00033356","1978-03-07","50.217","31.8","128.0","YAHOTYN, UP","   80",",,I",,,"   10",",,S","  -10",",,S","    4","H,,S"
"UPM00033356","1978-03-08","50.217","31.8","128.0","YAHOTYN, UP","    4",",,I",,,,,,,"  -15","H,,S"
"UPM00033356","1978-03-09","50.217","31.8","128.0","YAHOTYN, UP","    2",",,I",,,,,,,,
"UPM00033356","1978-03-10","50.217","31.8","128.0","YAHOTYN, UP","   14",",,I",,,,,,,"    5","H,,S"
"UPM00033356","1978-03-11","50.217","31.8","128.0","YAHOTYN, UP","    6",",,I",,,,,,,"    0","H,,S"
"UPM00033356","1978-03-12","50.217","31.8","128.0","YAHOTYN, UP","    4",",,I",,,,,,,"   10","H,,S"
"UPM00033356","1978-03-13","50.217","31.8","128.0","YAHOTYN, UP","    0",",,I",,,"   20",",,S",,,"    3","H,,S"
"UPM00033356","1978-03-14","50.217","31.8","128.0","YAHOTYN, UP","    0",",,I",,,"   40",",,S",,,"  -17","H,,S"
"UPM00033356","1978-03-15","50.217","31.8","128.0","YAHOTYN, UP","    0",",,I",,,"  100",",,S",,,"   46","H,,S"
"UPM00033356","1978-03-16","50.217","31.8","128.0","YAHOTYN, UP","   47",",,I",,,,,,,"   28","H,,S"
"UPM00033356","1978-03-17","50.217","31.8","128.0","YAHOTYN, UP","    0",",,I",,,,,"    0",",,S","   36","H,,S"
"UPM00033356","1978-03-18","50.217","31.8","128.0","YAHOTYN, UP","    8",",,I",,,"   90",",,S","   40",",,S","   56","H,,S"
"UPM00033356","1978-03-19","50.217","31.8","128.0","YAHOTYN, UP","   35",",,I",,,,,,,"   13","H,,S"
"UPM00033356","1978-03-20","50.217","31.8","128.0","YAHOTYN, UP","   49",",,I",,,"    0",",,S","  -20",",,S","   -7","H,,S"
"UPM00033356","1978-03-21","50.217","31.8","128.0","YAHOTYN, UP","    3",",,I",,,,,,,,
"UPM00033356","1978-03-22","50.217","31.8","128.0","YAHOTYN, UP","   29",",,I",,,,,,,"   17","H,,S"
"UPM00033356","1978-03-23","50.217","31.8","128.0","YAHOTYN, UP","    0",",,I",,,,,"  -10",",,S","    0","H,,S"
"UPM00033356","1978-03-24","50.217","31.8","128.0","YAHOTYN, UP","    0",",,I",,,,,"  -30",",,S","    6","H,,S"
"UPM00033356","1978-03-25","50.217","31.8","128.0","YAHOTYN, UP","    0",",,I",,,,,"    0",",,S","    4","H,,S"
"UPM00033356","1978-03-26","50.217","31.8","128.0","YAHOTYN, UP","    3",",,I",,,,,,,"   15","H,,S"
"UPM00033356","1978-03-27","50.217","31.8","128.0","YAHOTYN, UP","    6",",,I",,,,,"    0",",,S","   48","H,,S"
"UPM00033356","1978-03-28","50.217","31.8","128.0","YAHOTYN, UP","   29",",,I",,,"   40",",,S","   -1",",,S","   32","H,,S"
"UPM00033356","1978-03-29","50.217","31.8","128.0","YAHOTYN, UP","    0",",,I",,,,,"    0",",,S","   64","H,,S"
"UPM00033356","1978-03-30","50.217","31.8","128.0","YAHOTYN, UP","    0",",,I",,,"  120",",,S",,,"   62","H,,S"
"UPM00033356","1978-03-31","50.217","31.8","128.0","YAHOTYN, UP","    0",",,I",,,"  120",",,S","   10",",,S","   58","H,,S"
"UPM00033356","1978-04-01","50.217","31.8","128.0","YAHOTYN, UP","    0",",,I",,,"  140",",,S","   20",",,S","   64","H,,S"
"UPM00033356","1978-04-02","50.217","31.8","128.0","YAHOTYN, UP","    0",",,I",,,"  120",",,S","   40",",,S","   73","H,,S"
"UPM00033356","1978-04-03","50.217","31.8","128.0","YAHOTYN, UP","    0",",,I",,,"  120",",,S","   10",",,S","   66","H,,S"
"UPM00033356","1978-04-04","50.217","31.8","128.0","YAHOTYN, UP","    0",",,I",,,,,"   40",",,S","   50","H,,S"
"UPM00033356","1978-04-05","50.217","31.8","128.0","YAHOTYN, UP","    0",",,I",,,,,"   30",",,S","   54","H,,S"
"UPM00033356","1978-04-06","50.217","31.8","128.0","YAHOTYN, UP","    0",",,I",,,,,,,"    0","H,,S"
"UPM00033356","1978-04-07","50.217","31.8","128.0","YAHOTYN, UP","   17",",,I",,,"  130",",,S","  -30",",,S","    4","H,,S"
"UPM00033356","1978-04-08","50.217","31.8","128.0","YAHOTYN, UP","    2",",,I",,,"   50",",,S",,,"   23","H,,S"
"UPM00033356","1978-04-09","50.217","31.8","128.0","YAHOTYN, UP","    0",",,I",,,"   60",",,S","  -40",",,S","   13","H,,S"
"UPM00033356","1978-04-10","50.217","31.8","128.0","YAHOTYN, UP","    0",",,I",,,"   80",",,S","  -20",",,S","   33","H,,S"
"UPM00033356","1978-04-11","50.217","31.8","128.0","YAHOTYN, UP","    0",",,I",,,"  120",",,S","  -20",",,S","   66","H,,S"
"UPM00033356","1978-04-12","50.217","31.8","128.0","YAHOTYN, UP","    0",",,I",,,"  140",",,S","    0",",,S","   67","H,,S"
"UPM00033356","1978-04-13","50.217","31.8","128.0","YAHOTYN, UP","    0",",,I",,,"  160",",,S","   30",",,S","  100","H,,S"
"UPM00033356","1978-04-14","50.217","31.8","128.0","YAHOTYN, UP","    0",",,I",,,"  140",",,S","   40",",,S","  101","H,,S"
"UPM00033356","1978-04-15","50.217","31.8","128.0","YAHOTYN, UP","   80",",,I",,,"   90",",,S","   60",",,S","   82","H,,S"
"UPM00033356","1978-04-16","50.217","31.8","128.0","YAHOTYN, UP","    0",",,I",,,,,"   60",",,S","  102","H,,S"
"UPM00033356","1978-04-17","50.217","31.8","128.0","YAHOTYN, UP","    0",",,I",,,,,"   90",",,S","  142","H,,S"
"UPM00033356","1978-04-18","50.217","31.8","128.0","YAHOTYN, UP","    3",",,I",,,"  180",",,S","   90",",,S","  112","H,,S"
"UPM00033356","1978-04-19","50.217","31.8","128.0","YAHOTYN, UP","    3",",,I",,,,,,,"   84","H,,S"
"UPM00033356","1978-04-20","50.217","31.8","128.0","YAHOTYN, UP","    0",",,I",,,,,"   50",",,S","  104","H,,S"
"UPM00033356","1978-04-21","50.217","31.8","128.0","YAHOTYN, UP","    0",",,I",,,"  170",",,S","   60",",,S","  104","H,,S"
"UPM00033356","1978-04-22","50.217","31.8","128.0","YAHOTYN, UP","    0",",,I",,,,,"   30",",,S","  127","H,,S"
"UPM00033356","1978-04-23","50.217","31.8","128.0","YAHOTYN, UP","    0",",,I",,,"  190",",,S",,,"  104","H,,S"
"UPM00033356","1978-04-24","50.217","31.8","128.0","YAHOTYN, UP","    0",",,I",,,,,,,"  123","H,,S"
"UPM00033356","1978-04-25","50.217","31.8","128.0","YAHOTYN, UP","    0",",,I",,,"  210",",,S","   40",",,S","  113","H,,S"
"UPM00033356","1978-04-26","50.217","31.8","128.0","YAHOTYN, UP","    0",",,I",,,"  190",",,S","   80",",,S","  124","H,,S"
"UPM00033356","1978-04-27","50.217","31.8","128.0","YAHOTYN, UP","    0",",,I",,,,,"  -30",",,S","   70","H,,S"
"UPM00033356","1978-04-28","50.217","31.8","128.0","YAHOTYN, UP","    0",",,I",,,,,"   10",",,S","   67","H,,S"
"UPM00033356","1978-04-29","50.217","31.8","128.0","YAHOTYN, UP","    0",",,I",,,"  200",",,S","   30",",,S","   74","H,,S"
"UPM00033356","1978-04-30","50.217","31.8","128.0","YAHOTYN, UP","    0",",,I",,,"  140",",,S","   30",",,S","   68","H,,S"
"UPM00033356","1978-05-01","50.217","31.8","128.0","YAHOTYN, UP","   33",",,I",,,"  110",",,S","   60",",,S","   90","H,,S"
"UPM00033356","1978-05-02","50.217","31.8","128.0","YAHOTYN, UP","    0",",,I",,,,,"   80",",,S","  142","H,,S"
"UPM00033356","1978-05-03","50.217","31.8","128.0","YAHOTYN, UP","    0",",,I",,,"  220",",,S",,,"  135","H,,S"
"UPM00033356","1978-05-04","50.217","31.8","128.0","YAHOTYN, UP","    5",",,I",,,"  140",",,S",,,"   78","H,,S"
"UPM00033356","1978-05-05","50.217","31.8","128.0","YAHOTYN, UP","    0",",,I",,,"  170",",,S","   40",",,S","   90","H,,S"
"UPM00033356","1978-05-06","50.217","31.8","128.0","YAHOTYN, UP","    0",",,I",,,"  190",",,S","   50",",,S","  113","H,,S"
"UPM00033356","1978-05-07","50.217","31.8","128.0","YAHOTYN, UP","    0",",,I",,,"  200",",,S","   50",",,S","  125","H,,S"
"UPM00033356","1978-05-08","50.217","31.8","128.0","YAHOTYN, UP","    0",",,I",,,"  180",",,S","   90",",,S","  143","H,,S"
"UPM00033356","1978-05-09","50.217","31.8","128.0","YAHOTYN, UP","    0",",,I",,,,,"  110",",,S","  128","H,,S"
"UPM00033356","1978-05-10","50.217","31.8","128.0","YAHOTYN, UP","   12",",,I",,,,,,,"  118","H,,S"
"UPM00033356","1978-05-11","50.217","31.8","128.0","YAHOTYN, UP","    8",",,I",,,,,,,"   64","H,,S"
"UPM00033356","1978-05-12","50.217","31.8","128.0","YAHOTYN, UP","    6",",,I",,,"   60",",,S","   20",",,S","   42","H,,S"
"UPM00033356","1978-05-13","50.217","31.8","128.0","YAHOTYN, UP","  101",",,I",,,"  110",",,S",,,"   78","H,,S"
"UPM00033356","1978-05-14","50.217","31.8","128.0","YAHOTYN, UP","   42",",,I",,,"   90",",,S","   60",",,S","   80","H,,S"
"UPM00033356","1978-05-15","50.217","31.8","128.0","YAHOTYN, UP","    0",",,I",,,"  100",",,S",,,"   84","H,,S"
"UPM00033356","1978-05-16","50.217","31.8","128.0","YAHOTYN, UP","    0",",,I",,,"  180",",,S","   30",",,S","  107","H,,S"
"UPM00033356","1978-05-17","50.217","31.8","128.0","YAHOTYN, UP","   13",",,I",,,,,"  100",",,S","  122","H,,S"
"UPM00033356","1978-05-18","50.217","31.8","128.0","YAHOTYN, UP","   65",",,I",,,"  110",",,S","   80",",,S","  100","H,,S"
"UPM00033356","1978-05-19","50.217","31.8","128.0","YAHOTYN, UP","   10",",,I",,,,,"   90",",,S","  122","H,,S"
"UPM00033356","1978-05-20","50.217","31.8","128.0","YAHOTYN, UP","    0",",,I",,,,,"  100",",,S","  164","H,,S"
"UPM00033356","1978-05-21","50.217","31.8","128.0","YAHOTYN, UP","    0",",,I",,,"  220",",,S","  100",",,S","  160","H,,S"
"UPM00033356","1978-05-22","50.217","31.8","128.0","YAHOTYN, UP","    0",",,I",,,"  230",",,S","  100",",,S","  165","H,,S"
"UPM00033356","1978-05-23","50.217","31.8","128.0","YAHOTYN, UP","    0",",,I",,,"  230",",,S","  110",",,S","  166","H,,S"
"UPM00033356","1978-05-24","50.217","31.8","128.0","YAHOTYN, UP","    7",",,I",,,"  220",",,S",,,"  132","H,,S"
"UPM00033356","1978-05-25","50.217","31.8","128.0","YAHOTYN, UP","    0",",,I",,,"  190",",,S",,,"  110","H,,S"
"UPM00033356","1978-05-26","50.217","31.8","128.0","YAHOTYN, UP","    0",",,I",,,"  180",",,S","   90",",,S","  117","H,,S"
"UPM00033356","1978-05-27","50.217","31.8","128.0","YAHOTYN, UP","    5",",,I",,,"  200",",,S","   80",",,S","  147","H,,S"
"UPM00033356","1978-05-28","50.217","31.8","128.0","YAHOTYN, UP","    0",",,I",,,"  190",",,S",,,"  120","H,,S"
"UPM00033356","1978-05-29","50.217","31.8","128.0","YAHOTYN, UP","    0",",,I",,,"  210",",,S","  100",",,S","  152","H,,S"
"UPM00033356","1978-05-30","50.217","31.8","128.0","YAHOTYN, UP","    0",",,I",,,"  230",",,S","  120",",,S","  158","H,,S"
"UPM00033356","1978-05-31","50.217","31.8","128.0","YAHOTYN, UP","    0",",,I",,,,,"  100",",,S","  178","H,,S"
"UPM00033356","1978-06-01","50.217","31.8","128.0","YAHOTYN, UP","    0",",,I",,,,,,,,
"UPM00033356","1978-06-02","50.217","31.8","128.0","YAHOTYN, UP","    0",",,I",,,,,,,"  158","H,,S"
"UPM00033356","1978-06-03","50.217","31.8","128.0","YAHOTYN, UP","    0",",,I",,,"  160",",,S",,,"  108","H,,S"
"UPM00033356","1978-06-04","50.217","31.8","128.0","YAHOTYN, UP","    1",",,I",,,"  220",",,S",,,"  135","H,,S"
"UPM00033356","1978-06-05","50.217","31.8","128.0","YAHOTYN, UP","    0",",,I",,,"  260",",,S","  130",",,S","  194","H,,S"
"UPM00033356","1978-06-06","50.217","31.8","128.0","YAHOTYN, UP","    0",",,I",,,"  260",",,S","  140",",,S","  201","H,,S"
"UPM00033356","1978-06-07","50.217","31.8","128.0","YAHOTYN, UP","    0",",,I",,,"  240",",,S",,,"  180","H,,S"
"UPM00033356","1978-06-08","50.217","31.8","128.0","YAHOTYN, UP","    0",",,I",,,"  260",",,S","   90",",,S","  167","H,,S"
"UPM00033356","1978-06-09","50.217","31.8","128.0","YAHOTYN, UP","    0",",,I",,,,,,,"  202","H,,S"
"UPM00033356","1978-06-10","50.217","31.8","128.0","YAHOTYN, UP","    1",",,I",,,"  240",",,S",,,"  190","H,,S"
"UPM00033356","1978-06-11","50.217","31.8","128.0","YAHOTYN, UP","    4",",,I",,,"  190",",,S",,,"  156","H,,S"
"UPM00033356","1978-06-12","50.217","31.8","128.0","YAHOTYN, UP","    0",",,I",,,"  200",",,S",,,"  148","H,,S"
"UPM00033356","1978-06-13","50.217","31.8","128.0","YAHOTYN, UP","   74",",,I",,,"  190",",,S",,,"  154","H,,S"
"UPM00033356","1978-06-14","50.217","31.8","128.0","YAHOTYN, UP","    0",",,I",,,,,,,"  143","H,,S"
"UPM00033356","1978-06-15","50.217","31.8","128.0","YAHOTYN, UP","   35",",,I",,,"  190",",,S","  100",",,S","  126","H,,S"
"UPM00033356","1978-06-16","50.217","31.8","128.0","YAHOTYN, UP","    1",",,I",,,"  200",",,S","   60",",,S","  134","H,,S"
"UPM00033356","1978-06-17","50.217","31.8","128.0","YAHOTYN, UP","    0",",,I",,,"  190",",,S","  100",",,S","  150","H,,S"
"UPM00033356","1978-06-18","50.217","31.8","128.0","YAHOTYN, UP","  104",",,I",,,"  180",",,S","   80",",,S","  114","H,,S"
"UPM00033356","1978-06-19","50.217","31.8","128.0","YAHOTYN, UP","    3",",,I",,,"  140",",,S","   70",",,S","  102","H,,S"
"UPM00033356","1978-06-20","50.217","31.8","128.0","YAHOTYN, UP","    0",",,I",,,"  180",",,S",,,"  122","H,,S"
"UPM00033356","1978-06-21","50.217","31.8","128.0","YAHOTYN, UP","    0",",,I",,,"  210",",,S","   80",",,S","  133","H,,S"
"UPM00033356","1978-06-22","50.217","31.8","128.0","YAHOTYN, UP","    0",",,I",,,"  200",",,S",,,"  147","H,,S"
"UPM00033356","1978-06-23","50.217","31.8","128.0","YAHOTYN, UP","    0",",,I",,,"  230",",,S","  120",",,S","  157","H,,S"
"UPM00033356","1978-06-24","50.217","31.8","128.0","YAHOTYN, UP","    0",",,I",,,"  260",",,S","  100",",,S","  180","H,,S"
"UPM00033356","1978-06-25","50.217","31.8","128.0","YAHOTYN, UP","    0",",,I",,,"  290",",,S","  130",",,S","  212","H,,S"
"UPM00033356","1978-06-26","50.217","31.8","128.0","YAHOTYN, UP","    0",",,I",,,"  270",",,S","  140",",,S","  197","H,,S"
"UPM00033356","1978-06-27","50.217","31.8","128.0","YAHOTYN, UP","   12",",,I",,,"  200",",,S",,,"  153","H,,S"
"UPM00033356","1978-06-28","50.217","31.8","128.0","YAHOTYN, UP","    0",",,I",,,"  250",",,S",,,"  177","H,,S"
"UPM00033356","1978-06-29","50.217","31.8","128.0","YAHOTYN, UP","   35",",,I",,,,,,,,
"UPM00033356","1978-06-30","50.217","31.8","128.0","YAHOTYN, UP","    6",",,I",,,,,"  140",",,S","  180","H,,S"
"UPM00033356","1978-07-01","50.217","31.8","128.0","YAHOTYN, UP","    0",",,I",,,,,"  140",",,S","  213","H,,S"
"UPM00033356","1978-07-02","50.217","31.8","128.0","YAHOTYN, UP","   35",",,I",,,"  260",",,S",,,"  213","H,,S"
"UPM00033356","1978-07-03","50.217","31.8","128.0","YAHOTYN, UP","   91",",,I",,,,,,,"  195","H,,S"
"UPM00033356","1978-07-04","50.217","31.8","128.0","YAHOTYN, UP","    0",",,I",,,"  260",",,S","  150",",,S","  203","H,,S"
"UPM00033356","1978-07-05","50.217","31.8","128.0","YAHOTYN, UP","    0",",,I",,,"  280",",,S","  150",",,S","  214","H,,S"
"UPM00033356","1978-07-06","50.217","31.8","128.0","YAHOTYN, UP","   29",",,I",,,"  260",",,S",,,"  172","H,,S"
"UPM00033356","1978-07-07","50.217","31.8","128.0","YAHOTYN, UP","   30",",,I",,,,,,,,
"UPM00033356","1978-07-08","50.217","31.8","128.0","YAHOTYN, UP","  119",",,I",,,"  190",",,S",,,"  162","H,,S"
"UPM00033356","1978-07-09","50.217","31.8","128.0","YAHOTYN, UP","    0",",,I",,,"  210",",,S","  110",",,S","  158","H,,S"
"UPM00033356","1978-07-10","50.217","31.8","128.0","YAHOTYN, UP","  128",",,I",,,"  230",",,S",,,"  122","H,,S"
"UPM00033356","1978-07-11","50.217","31.8","128.0","YAHOTYN, UP","    1",",,I",,,,,,,"  140","H,,S"
"UPM00033356","1978-07-12","50.217","31.8","128.0","YAHOTYN, UP","    7",",,I",,,"  240",",,S",,,"  175","H,,S"
"UPM00033356","1978-07-13","50.217","31.8","128.0","YAHOTYN, UP","    0",",,I",,,"  250",",,S","  130",",,S","  177","H,,S"
"UPM00033356","1978-07-14","50.217","31.8","128.0","YAHOTYN, UP","    0",",,I",,,"  220",",,S",,,"  175","H,,S"
"UPM00033356","1978-07-15","50.217","31.8","128.0","YAHOTYN, UP","    0",",,I",,,"  240",",,S","  130",",,S","  188","H,,S"
"UPM00033356","1978-07-16","50.217","31.8","128.0","YAHOTYN, UP","   36",",,I",,,"  200",",,S",,,"  174","H,,S"
"UPM00033356","1978-07-17","50.217","31.8","128.0","YAHOTYN, UP","    1",",,I",,,,,,,"  140","H,,S"
"UPM00033356","1978-07-18","50.217","31.8","128.0","YAHOTYN, UP","    0",",,I",,,"  200",",,S","   80",",,S","  130","H,,S"
"UPM00033356","1978-07-19","50.217","31.8","128.0","YAHOTYN, UP","   62",",,I",,,"  180",",,S",,,"  150","H,,S"
"UPM00033356","1978-07-20","50.217","31.8","128.0","YAHOTYN, UP","  104",",,I",,,"  190",",,S",,,"  160","H,,S"
"UPM00033356","1978-07-21","50.217","31.8","128.0","YAHOTYN, UP","   17",",,I",,,"  230",",,S","  100",",,S","  157","H,,S"
"UPM00033356","1978-07-22","50.217","31.8","128.0","YAHOTYN, UP","   37",",,I",,,"  240",",,S",,,"  172","H,,S"
"UPM00033356","1978-07-23","50.217","31.8","128.0","YAHOTYN, UP","   67",",,I",,,"  190",",,S","  140",",,S","  158","H,,S"
"UPM00033356","1978-07-24","50.217","31.8","128.0","YAHOTYN, UP","  133",",,I",,,,,"  120",",,S","  146","H,,S"
"UPM00033356","1978-07-25","50.217","31.8","128.0","YAHOTYN, UP","  142",",,I",,,"  180",",,S","  130",",,S","  153","H,,S"
"UPM00033356","1978-07-26","50.217","31.8","128.0","YAHOTYN, UP","    1",",,I",,,"  180",",,S","  150",",,S","  161","H,,S"
"UPM00033356","1978-07-27","50.217","31.8","128.0","YAHOTYN, UP","    0",",,I",,,"  240",",,S","  130",",,S","  182","H,,S"
"UPM00033356","1978-07-28","50.217","31.8","128.0","YAHOTYN, UP","    0",",,I",,,"  230",",,S","  120",",,S","  170","H,,S"
"UPM00033356","1978-07-29","50.217","31.8","128.0","YAHOTYN, UP","    0",",,I",,,"  240",",,S","  130",",,S","  187","H,,S"
"UPM00033356","1978-07-30","50.217","31.8","128.0","YAHOTYN, UP","    0",",,I",,,"  260",",,S","  140",",,S","  190","H,,S"
"UPM00033356","1978-07-31","50.217","31.8","128.0","YAHOTYN, UP","    0",",,I",,,"  260",",,S","  140",",,S","  196","H,,S"
"UPM00033356","1978-08-01","50.217","31.8","128.0","YAHOTYN, UP","    0",",,I",,,"  260",",,S",,,"  202","H,,S"
"UPM00033356","1978-08-02","50.217","31.8","128.0","YAHOTYN, UP","    0",",,I",,,"  260",",,S","  120",",,S","  199","H,,S"
"UPM00033356","1978-08-03","50.217","31.8","128.0","YAHOTYN, UP","    0",",,I",,,"  260",",,S","  170",",,S","  210","H,,S"
"UPM00033356","1978-08-04","50.217","31.8","128.0","YAHOTYN, UP","    1",",,I",,,"  270",",,S","  160",",,S","  217","H,,S"
"UPM00033356","1978-08-05","50.217","31.8","128.0","YAHOTYN, UP","    0",",,I",,,"  280",",,S",,,"  226","H,,S"
"UPM00033356","1978-08-06","50.217","31.8","128.0","YAHOTYN, UP","  100",",,I",,,"  200",",,S",,,"  179","H,,S"
"UPM00033356","1978-08-07","50.217","31.8","128.0","YAHOTYN, UP","   17",",,I",,,"  250",",,S","  140",",,S","  188","H,,S"
"UPM00033356","1978-08-08","50.217","31.8","128.0","YAHOTYN, UP","    0",",,I",,,"  280",",,S","  160",",,S","  232","H,,S"
"UPM00033356","1978-08-09","50.217","31.8","128.0","YAHOTYN, UP","   27",",,I",,,,,"  150",",,S","  178","H,,S"
"UPM00033356","1978-08-10","50.217","31.8","128.0","YAHOTYN, UP","    0",",,I",,,"  200",",,S",,,"  159","H,,S"
"UPM00033356","1978-08-11","50.217","31.8","128.0","YAHOTYN, UP","    0",",,I",,,"  220",",,S","  100",",,S","  154","H,,S"
"UPM00033356","1978-08-12","50.217","31.8","128.0","YAHOTYN, UP","    0",",,I",,,"  220",",,S","   90",",,S","  152","H,,S"
"UPM00033356","1978-08-13","50.217","31.8","128.0","YAHOTYN, UP","   11",",,I",,,,,"   80",",,S","  153","H,,S"
"UPM00033356","1978-08-14","50.217","31.8","128.0","YAHOTYN, UP","    0",",,I",,,"  220",",,S","   80",",,S","  133","H,,S"
"UPM00033356","1978-08-15","50.217","31.8","128.0","YAHOTYN, UP","    0",",,I",,,"  230",",,S","   90",",,S","  169","H,,S"
"UPM00033356","1978-08-16","50.217","31.8","128.0","YAHOTYN, UP","    0",",,I",,,,,"  100",",,S","  162","H,,S"
"UPM00033356","1978-08-17","50.217","31.8","128.0","YAHOTYN, UP","    0",",,I",,,"  260",",,S","  110",",,S","  184","H,,S"
"UPM00033356","1978-08-18","50.217","31.8","128.0","YAHOTYN, UP","    0",",,I",,,"  260",",,S","  130",",,S","  196","H,,S"
"UPM00033356","1978-08-19","50.217","31.8","128.0","YAHOTYN, UP","    0",",,I",,,"  260",",,S","  110",",,S","  186","H,,S"
"UPM00033356","1978-08-20","50.217","31.8","128.0","YAHOTYN, UP","    0",",,I",,,"  260",",,S",,,"  170","H,,S"
"UPM00033356","1978-08-21","50.217","31.8","128.0","YAHOTYN, UP","    0",",,I",,,,,,,"  186","H,,S"
"UPM00033356","1978-08-22","50.217","31.8","128.0","YAHOTYN, UP","    0",",,I",,,"  260",",,S","  120",",,S","  193","H,,S"
"UPM00033356","1978-08-23","50.217","31.8","128.0","YAHOTYN, UP","    0",",,I",,,"  270",",,S",,,"  188","H,,S"
"UPM00033356","1978-08-24","50.217","31.8","128.0","YAHOTYN, UP","    0",",,I",,,"  260",",,S",,,"  190","H,,S"
"UPM00033356","1978-08-25","50.217","31.8","128.0","YAHOTYN, UP","   11",",,I",,,,,"  150",",,S","  180","H,,S"
"UPM00033356","1978-08-26","50.217","31.8","128.0","YAHOTYN, UP","    0",",,I",,,"  240",",,S",,,"  180","H,,S"
"UPM00033356","1978-08-27","50.217","31.8","128.0","YAHOTYN, UP","   25",",,I",,,"  180",",,S",,,"  110","H,,S"
"UPM00033356","1978-08-28","50.217","31.8","128.0","YAHOTYN, UP","    1",",,I",,,"  200",",,S",,,"   98","H,,S"
"UPM00033356","1978-08-29","50.217","31.8","128.0","YAHOTYN, UP","    0",",,I",,,"  190",",,S","   60",",,S","  108","H,,S"
"UPM00033356","1978-08-30","50.217","31.8","128.0","YAHOTYN, UP","    0",",,I",,,,,,,"  147","H,,S"
"UPM00033356","1978-08-31","50.217","31.8","128.0","YAHOTYN, UP","    0",",,I",,,,,,,"  202","H,,S"
"UPM00033356","1978-09-01","50.217","31.8","128.0","YAHOTYN, UP","    0",",,I",,,"  280",",,S",,,"  193","H,,S"
"UPM00033356","1978-09-02","50.217","31.8","128.0","YAHOTYN, UP","    6",",,I",,,,,,,"  130","H,,S"
"UPM00033356","1978-09-03","50.217","31.8","128.0","YAHOTYN, UP","    0",",,I",,,"  200",",,S","   40",",,S","  134","H,,S"
"UPM00033356","1978-09-04","50.217","31.8","128.0","YAHOTYN, UP","   62",",,I",,,"  140",",,S",,,"  112","H,,S"
"UPM00033356","1978-09-05","50.217","31.8","128.0","YAHOTYN, UP","    1",",,I",,,"  170",",,S","   50",",,S","  103","H,,S"
"UPM00033356","1978-09-06","50.217","31.8","128.0","YAHOTYN, UP","   14",",,I",,,,,,,"  152","H,,S"
"UPM00033356","1978-09-07","50.217","31.8","128.0","YAHOTYN, UP","    2",",,I",,,,,"   90",",,S","  153","H,,S"
"UPM00033356","1978-09-08","50.217","31.8","128.0","YAHOTYN, UP","    0",",,I",,,"  210",",,S",,,"  148","H,,S"
"UPM00033356","1978-09-09","50.217","31.8","128.0","YAHOTYN, UP","    3",",,I",,,"  210",",,S","   90",",,S","  144","H,,S"
"UPM00033356","1978-09-10","50.217","31.8","128.0","YAHOTYN, UP","    0",",,I",,,,,"  110",",,S","  158","H,,S"
"UPM00033356","1978-09-11","50.217","31.8","128.0","YAHOTYN, UP","   29",",,I",,,"  190",",,S",,,"  145","H,,S"
"UPM00033356","1978-09-12","50.217","31.8","128.0","YAHOTYN, UP","   27",",,I",,,"  230",",,S","  100",",,S","  153","H,,S"
"UPM00033356","1978-09-13","50.217","31.8","128.0","YAHOTYN, UP","  155",",,I",,,"  140",",,S",,,"  120","H,,S"
"UPM00033356","1978-09-14","50.217","31.8","128.0","YAHOTYN, UP","    0",",,I",,,"  170",",,S","   80",",,S","  116","H,,S"
"UPM00033356","1978-09-15","50.217","31.8","128.0","YAHOTYN, UP","    0",",,I",,,"  190",",,S",,,"  128","H,,S"
"UPM00033356","1978-09-16","50.217","31.8","128.0","YAHOTYN, UP","    2",",,I",,,,,"   80",",,S","  122","H,,S"
"UPM00033356","1978-09-17","50.217","31.8","128.0","YAHOTYN, UP","    6",",,I",,,"  160",",,S",,,"  115","H,,S"
"UPM00033356","1978-09-18","50.217","31.8","128.0","YAHOTYN, UP","    3",",,I",,,"  180",",,S","   70",",,S","  117","H,,S"
"UPM00033356","1978-09-19","50.217","31.8","128.0","YAHOTYN, UP","    0",",,I",,,"  160",",,S","   50",",,S","  108","H,,S"
"UPM00033356","1978-09-20","50.217","31.8","128.0","YAHOTYN, UP","    0",",,I",,,,,,,"   94","H,,S"
"UPM00033356","1978-09-21","50.217","31.8","128.0","YAHOTYN, UP","    0",",,I",,,"  130",",,S",,,"   70","H,,S"
"UPM00033356","1978-09-22","50.217","31.8","128.0","YAHOTYN, UP","   23",",,I",,,"  120",",,S",,,"   78","H,,S"
"UPM00033356","1978-09-23","50.217","31.8","128.0","YAHOTYN, UP","   50",",,I",,,,,"   50",",,S","   74","H,,S"
"UPM00033356","1978-09-24","50.217","31.8","128.0","YAHOTYN, UP","   33",",,I",,,"   90",",,S",,,"   57","H,,S"
"UPM00033356","1978-09-25","50.217","31.8","128.0","YAHOTYN, UP","   15",",,I",,,,,,,"   48","H,,S"
"UPM00033356","1978-09-26","50.217","31.8","128.0","YAHOTYN, UP","    1",",,I",,,"  170",",,S",,,"  131","H,,S"
"UPM00033356","1978-09-27","50.217","31.8","128.0","YAHOTYN, UP","    7",",,I",,,"  130",",,S","   30",",,S","   88","H,,S"
"UPM00033356","1978-09-28","50.217","31.8","128.0","YAHOTYN, UP","   50",",,I",,,,,"  100",",,S","  128","H,,S"
"UPM00033356","1978-09-29","50.217","31.8","128.0","YAHOTYN, UP","    1",",,I",,,"  180",",,S","  110",",,S","  140","H,,S"
"UPM00033356","1978-09-30","50.217","31.8","128.0","YAHOTYN, UP","    0",",,I",,,"  160",",,S","   70",",,S","  105","H,,S"
"UPM00033356","1978-10-01","50.217","31.8","128.0","YAHOTYN, UP","    0","B,,S",,,"  160",",,S","   60",",,S","  100","H,,S"
"UPM00033356","1978-10-02","50.217","31.8","128.0","YAHOTYN, UP","    0","B,,S",,,"  140",",,S","   40",",,S","   91","H,,S"
"UPM00033356","1978-10-03","50.217","31.8","128.0","YAHOTYN, UP",,,,,,,"   50",",,S","   67","H,,S"
"UPM00033356","1978-10-04","50.217","31.8","128.0","YAHOTYN, UP","    0","B,,S",,,"  130",",,S","   50",",,S","   87","H,,S"
"UPM00033356","1978-10-05","50.217","31.8","128.0","YAHOTYN, UP","    0","B,,S",,,"  180",",,S",,,"  130","H,,S"
"UPM00033356","1978-10-06","50.217","31.8","128.0","YAHOTYN, UP","  109","B,,S",,,"  140",",,S",,,"   87","H,,S"
"UPM00033356","1978-10-07","50.217","31.8","128.0","YAHOTYN, UP",,,,,"  100",",,S",,,"   72","H,,S"
"UPM00033356","1978-10-08","50.217","31.8","128.0","YAHOTYN, UP","    0","B,,S",,,"  150",",,S","   30",",,S","   98","H,,S"
"UPM00033356","1978-10-09","50.217","31.8","128.0","YAHOTYN, UP","    0","B,,S",,,"  160",",,S",,,"  112","H,,S"
"UPM00033356","1978-10-10","50.217","31.8","128.0","YAHOTYN, UP","    0","B,,S",,,"  200",",,S",,,"  140","H,,S"
"UPM00033356","1978-10-11","50.217","31.8","128.0","YAHOTYN, UP","    0","B,,S",,,"  150",",,S",,,"  101","H,,S"
"UPM00033356","1978-10-12","50.217","31.8","128.0","YAHOTYN, UP","    0","B,,S",,,"   90",",,S",,,"   62","H,,S"
"UPM00033356","1978-10-13","50.217","31.8","128.0","YAHOTYN, UP","    0","B,,S",,,,,"  -10",",,S","   70","H,,S"
"UPM00033356","1978-10-14","50.217","31.8","128.0","YAHOTYN, UP",,,,,,,"   50",",,S","   92","H,,S"
"UPM00033356","1978-10-15","50.217","31.8","128.0","YAHOTYN, UP","    0","B,,S",,,"  190",",,S","   40",",,S","  117","H,,S"
"UPM00033356","1978-10-16","50.217","31.8","128.0","YAHOTYN, UP","    0","B,,S",,,,,"   50",",,S","   92","H,,S"
"UPM00033356","1978-10-17","50.217","31.8","128.0","YAHOTYN, UP","    0","B,,S",,,,,"    0",",,S","   85","H,,S"
"UPM00033356","1978-10-18","50.217","31.8","128.0","YAHOTYN, UP","    0","B,,S",,,,,,,"   92","H,,S"
"UPM00033356","1978-10-19","50.217","31.8","128.0","YAHOTYN, UP","    0","B,,S",,,"  120",",,S","   30",",,S","   80","H,,S"
"UPM00033356","1978-10-20","50.217","31.8","128.0","YAHOTYN, UP",,,,,,,,,"   92","H,,S"
"UPM00033356","1978-10-21","50.217","31.8","128.0","YAHOTYN, UP",,,,,,,"   40",",,S","   72","H,,S"
"UPM00033356","1978-10-22","50.217","31.8","128.0","YAHOTYN, UP","   10","B,,S",,,"   60",",,S",,,"   28","H,,S"
"UPM00033356","1978-10-23","50.217","31.8","128.0","YAHOTYN, UP","   20","B,,S",,,,,,,"   17","H,,S"
"UPM00033356","1978-10-24","50.217","31.8","128.0","YAHOTYN, UP","    0","B,,S",,,,,"  -20",",,S","   28","H,,S"
"UPM00033356","1978-10-25","50.217","31.8","128.0","YAHOTYN, UP","    0","B,,S",,,"  120",",,S","   30",",,S","   77","H,,S"
"UPM00033356","1978-10-26","50.217","31.8","128.0","YAHOTYN, UP",,,,,,,,,"   70","H,,S"
"UPM00033356","1978-10-27","50.217","31.8","128.0","YAHOTYN, UP",,,,,"   70",",,S",,,"   35","H,,S"
"UPM00033356","1978-10-28","50.217","31.8","128.0","YAHOTYN, UP","    0","B,,S",,,,,"    0",",,S","   12","H,,S"
"UPM00033356","1978-10-29","50.217","31.8","128.0","YAHOTYN, UP",,,,,,,"  -30",",,S","   12","H,,S"
"UPM00033356","1978-10-30","50.217","31.8","128.0","YAHOTYN, UP",,,,,,,,,"   62","H,,S"
"UPM00033356","1978-10-31","50.217","31.8","128.0","YAHOTYN, UP","   10","B,,S",,,"   60",",,S","  -10",",,S","   10","H,,S"
"UPM00033356","1978-11-01","50.217","31.8","128.0","YAHOTYN, UP",,,,,"   30",",,S",,,"   -4","H,,S"
"UPM00033356","1978-11-02","50.217","31.8","128.0","YAHOTYN, UP","    0","B,,S",,,,,"  -20",",,S","   15","H,,S"
"UPM00033356","1978-11-03","50.217","31.8","128.0","YAHOTYN, UP","    0","B,,S",,,"   70",",,S",,,"   47","H,,S"
"UPM00033356","1978-11-04","50.217","31.8","128.0","YAHOTYN, UP",,,,,,,"   40",",,S","   45","H,,S"
"UPM00033356","1978-11-05","50.217","31.8","128.0","YAHOTYN, UP","    0","B,,S",,,"   80",",,S",,,"   55","H,,S"
"UPM00033356","1978-11-06","50.217","31.8","128.0","YAHOTYN, UP",,,,,,,,,"   77","H,,S"
"UPM00033356","1978-11-07","50.217","31.8","128.0","YAHOTYN, UP",,,,,,,,,"   34","H,,S"
"UPM00033356","1978-11-08","50.217","31.8","128.0","YAHOTYN, UP","    0","B,,S",,,,,"  -40",",,S","   10","H,,S"
"UPM00033356","1978-11-09","50.217","31.8","128.0","YAHOTYN, UP","    3","B,,S",,,"   60",",,S","   40",",,S","   54","H,,S"
"UPM00033356","1978-11-10","50.217","31.8","128.0","YAHOTYN, UP",,,,,"   60",",,S",,,"   50","H,,S"
"UPM00033356","1978-11-11","50.217","31.8","128.0","YAHOTYN, UP","    0","B,,S",,,"   70",",,S","   40",",,S","   45","H,,S"
"UPM00033356","1978-11-12","50.217","31.8","128.0","YAHOTYN, UP",,,,,"   80",",,S",,,"   38","H,,S"
"UPM00033356","1978-11-13","50.217","31.8","128.0","YAHOTYN, UP","    0","B,,S",,,"   60",",,S",,,"  -13","H,,S"
"UPM00033356","1978-11-14","50.217","31.8","128.0","YAHOTYN, UP","    0","B,,S",,,,,,,"   22","H,,S"
"UPM00033356","1978-11-15","50.217","31.8","128.0","YAHOTYN, UP",,,,,"   80",",,S",,,"   50","H,,S"
"UPM00033356","1978-11-16","50.217","31.8","128.0","YAHOTYN, UP","    0","B,,S",,,"  120",",,S",,,"   66","H,,S"
"UPM00033356","1978-11-17","50.217","31.8","128.0","YAHOTYN, UP","    0","B,,S",,,,,"    0",",,S","   38","H,,S"
"UPM00033356","1978-11-19","50.217","31.8","128.0","YAHOTYN, UP","    0","B,,S",,,"   70",",,S","   40",",,S","   53","H,,S"
"UPM00033356","1978-11-20","50.217","31.8","128.0","YAHOTYN, UP",,,,,,,"   50",",,S","   70","H,,S"
"UPM00033356","1978-11-21","50.217","31.8","128.0","YAHOTYN, UP","    0","B,,S",,,"   70",",,S",,,"   26","H,,S"
"UPM00033356","1978-11-22","50.217","31.8","128.0","YAHOTYN, UP",,,,,,,,,"   28","H,,S"
"UPM00033356","1978-11-24","50.217","31.8","128.0","YAHOTYN, UP","    0","B,,S",,,,,"    0",",,S","   35","H,,S"
"UPM00033356","1978-11-25","50.217","31.8","128.0","YAHOTYN, UP","    5","B,,S",,,,,"   50",",,S","   68","H,,S"
"UPM00033356","1978-11-26","50.217","31.8","128.0","YAHOTYN, UP",,,,,,,"   10",",,S","   35","H,,S"
"UPM00033356","1978-11-27","50.217","31.8","128.0","YAHOTYN, UP","    0","B,,S",,,"   40",",,S","   10",",,S","   22","H,,S"
"UPM00033356","1978-11-28","50.217","31.8","128.0","YAHOTYN, UP",,,,,,,"   30",",,S","   68","H,,S"
"UPM00033356","1978-11-29","50.217","31.8","128.0","YAHOTYN, UP","   33","B,,S",,,"   50",",,S","   30",",,S","   40","H,,S"
"UPM00033356","1978-11-30","50.217","31.8","128.0","YAHOTYN, UP",,,,,,,,,"   22","H,,S"
"UPM00033356","1978-12-01","50.217","31.8","128.0","YAHOTYN, UP","   46",",,I",,,"   30",",,S",,,"   17","H,,S"
"UPM00033356","1978-12-02","50.217","31.8","128.0","YAHOTYN, UP","    0",",,I",,,"  -10",",,S",,,"  -24","H,,S"
"UPM00033356","1978-12-03","50.217","31.8","128.0","YAHOTYN, UP","   12",",,I",,,,,"  -80",",,S","  -72","H,,S"
"UPM00033356","1978-12-04","50.217","31.8","128.0","YAHOTYN, UP","    3",",,I",,,,,,,,
"UPM00033356","1978-12-05","50.217","31.8","128.0","YAHOTYN, UP","   69",",,I","   30",",,S",,,"  -90",",,S","  -82","H,,S"
"UPM00033356","1978-12-06","50.217","31.8","128.0","YAHOTYN, UP","   65",",,I",,,"  -80",",,S",,," -102","H,,S"
"UPM00033356","1978-12-07","50.217","31.8","128.0","YAHOTYN, UP","    5",",,I","   41",",,S",,," -130",",,S","  -95","H,,S"
"UPM00033356","1978-12-08","50.217","31.8","128.0","YAHOTYN, UP","    2",",,I",,,,,,,"  -85","H,,S"
"UPM00033356","1978-12-09","50.217","31.8","128.0","YAHOTYN, UP","    0",",,I","   41",",,S","  -60",",,S",,,"  -67","H,,S"
"UPM00033356","1978-12-10","50.217","31.8","128.0","YAHOTYN, UP","    4",",,I","   41",",,S",,," -130",",,S","  -86","H,,S"
"UPM00033356","1978-12-11","50.217","31.8","128.0","YAHOTYN, UP","    4",",,I",,,"  -30",",,S",,,"  -65","H,,S"
"UPM00033356","1978-12-12","50.217","31.8","128.0","YAHOTYN, UP","    0",",,I",,,,,,," -130","H,,S"
"UPM00033356","1978-12-13","50.217","31.8","128.0","YAHOTYN, UP","   20",",,I",,,,,,,,
"UPM00033356","1978-12-14","50.217","31.8","128.0","YAHOTYN, UP","   59",",,I","   20",",,S","   40",",,S",,,"   17","H,,S"
"UPM00033356","1978-12-15","50.217","31.8","128.0","YAHOTYN, UP","    3",",,I",,,"   10",",,S","  -20",",,S","   -6","H,,S"
"UPM00033356","1978-12-16","50.217","31.8","128.0","YAHOTYN, UP","    0",",,I",,,,,,,"   16","H,,S"
"UPM00033356","1978-12-17","50.217","31.8","128.0","YAHOTYN, UP","   91",",,I",,,"   20",",,S",,,"    8","H,,S"
"UPM00033356","1978-12-18","50.217","31.8","128.0","YAHOTYN, UP","   23",",,I","   30",",,S","    0",",,S",,," -124","H,,S"
"UPM00033356","1978-12-19","50.217","31.8","128.0","YAHOTYN, UP","    0",",,I","   30",",,S","  -30",",,S"," -180",",,S","  -80","H,,S"
"UPM00033356","1978-12-20","50.217","31.8","128.0","YAHOTYN, UP","    0",",,I","   30",",,S","  -10",",,S",,,"  -69","H,,S"
"UPM00033356","1978-12-21","50.217","31.8","128.0","YAHOTYN, UP","    0",",,I",,,"  -90",",,S"," -170",",,S"," -142","H,,S"
"UPM00033356","1978-12-22","50.217","31.8","128.0","YAHOTYN, UP","    0",",,I","   30",",,S",,," -200",",,S"," -177","H,,S"
"UPM00033356","1978-12-23","50.217","31.8","128.0","YAHOTYN, UP","    0",",,I","   30",",,S",,," -200",",,S"," -113","H,,S"
"UPM00033356","1978-12-24","50.217","31.8","128.0","YAHOTYN, UP","    0",",,I","   30",",,S",,," -150",",,S","  -93","H,,S"
"UPM00033356","1978-12-25","50.217","31.8","128.0","YAHOTYN, UP","    0",",,I",,,"  -80",",,S",,,"  -95","H,,S"
"UPM00033356","1978-12-26","50.217","31.8","128.0","YAHOTYN, UP","    2",",,I","   41",",,S",,,"  -90",",,S","  -66","H,,S"
"UPM00033356","1978-12-27","50.217","31.8","128.0","YAHOTYN, UP","   26",",,I",,,"   20",",,S","  -40",",,S","    8","H,,S"
"UPM00033356","1978-12-28","50.217","31.8","128.0","YAHOTYN, UP","    8",",,I","   20",",,S",,,,,"    3","H,,S"
"UPM00033356","1978-12-29","50.217","31.8","128.0","YAHOTYN, UP","   15",",,I","   10",",,S",,,"  -10",",,S","   18","H,,S"
"UPM00033356","1978-12-30","50.217","31.8","128.0","YAHOTYN, UP","  123",",,I","   20",",,S",,,,," -155","H,,S"
"UPM00033356","1978-12-31","50.217","31.8","128.0","YAHOTYN, UP","   21",",,I","   41",",,S",,," -230",",,S"," -214","H,,S"
"UPM00033356","1979-01-01","50.217","31.8","128.0","YAHOTYN, UP","   40",",,I",,,,,,,,
"UPM00033356","1979-01-02","50.217","31.8","128.0","YAHOTYN, UP","    7",",,I",,,,,,,,
"UPM00033356","1979-01-03","50.217","31.8","128.0","YAHOTYN, UP","   95",",,I",,,,,,," -163","H,,S"
"UPM00033356","1979-01-04","50.217","31.8","128.0","YAHOTYN, UP","   40",",,I",,," -120",",,S",,," -163","H,,S"
"UPM00033356","1979-01-05","50.217","31.8","128.0","YAHOTYN, UP","    8",",,I","  140",",,S",,," -210",",,S"," -186","H,,S"
"UPM00033356","1979-01-06","50.217","31.8","128.0","YAHOTYN, UP","    7",",,I","  140",",,S",,," -190",",,S"," -170","H,,S"
"UPM00033356","1979-01-07","50.217","31.8","128.0","YAHOTYN, UP","    0",",,I","  150",",,S"," -130",",,S"," -200",",,S"," -174","H,,S"
"UPM00033356","1979-01-08","50.217","31.8","128.0","YAHOTYN, UP","   19",",,I","  150",",,S",,," -240",",,S"," -107","H,,S"
"UPM00033356","1979-01-09","50.217","31.8","128.0","YAHOTYN, UP","    5",",,I","  150",",,S","    0",",,S","  -60",",,S","  -32","H,,S"
"UPM00033356","1979-01-10","50.217","31.8","128.0","YAHOTYN, UP","    0",",,I","  150",",,S","   20",",,S","  -60",",,S","  -17","H,,S"
"UPM00033356","1979-01-11","50.217","31.8","128.0","YAHOTYN, UP","    1",",,I","  130",",,S","   20",",,S",,,"   10","H,,S"
"UPM00033356","1979-01-12","50.217","31.8","128.0","YAHOTYN, UP","    8",",,I","   71",",,S","   20",",,S","   10",",,S","   13","H,,S"
"UPM00033356","1979-01-13","50.217","31.8","128.0","YAHOTYN, UP","    6",",,I","   71",",,S","   40",",,S",,,"   20","H,,S"
"UPM00033356","1979-01-14","50.217","31.8","128.0","YAHOTYN, UP","    5",",,I","   10",",,S","   10",",,S",,,"    0","H,,S"
"UPM00033356","1979-01-15","50.217","31.8","128.0","YAHOTYN, UP","    0",",,I",,,"   10",",,S",,,"  -20","H,,S"
"UPM00033356","1979-01-16","50.217","31.8","128.0","YAHOTYN, UP","    3",",,I",,,,,,,"  -40","H,,S"
"UPM00033356","1979-01-17","50.217","31.8","128.0","YAHOTYN, UP","   11",",,I",,,,,,,"  -67","H,,S"
"UPM00033356","1979-01-18","50.217","31.8","128.0","YAHOTYN, UP","    0",",,I",,,,,"  -70",",,S","  -62","H,,S"
"UPM00033356","1979-01-19","50.217","31.8","128.0","YAHOTYN, UP","    0",",,I","   10",",,S","  -50",",,S","  -70",",,S","  -62","H,,S"
"UPM00033356","1979-01-20","50.217","31.8","128.0","YAHOTYN, UP","    0",",,I","   10",",,S","  -50",",,S","  -80",",,S","  -66","H,,S"
"UPM00033356","1979-01-21","50.217","31.8","128.0","YAHOTYN, UP","    0",",,I","   10",",,S","  -60",",,S"," -120",",,S"," -100","H,,S"
"UPM00033356","1979-01-22","50.217","31.8","128.0","YAHOTYN, UP","    0",",,I","   10",",,S","  -80",",,S"," -160",",,S"," -123","H,,S"
"UPM00033356","1979-01-23","50.217","31.8","128.0","YAHOTYN, UP","    9",",,I","   10",",,S","  -90",",,S"," -130",",,S"," -102","H,,S"
"UPM00033356","1979-01-24","50.217","31.8","128.0","YAHOTYN, UP","    0",",,I","   20",",,S",,," -150",",,S","  -98","H,,S"
"UPM00033356","1979-01-25","50.217","31.8","128.0","YAHOTYN, UP","   11",",,I","   20",",,S",,,"  -80",",,S","  -18","H,,S"
"UPM00033356","1979-01-26","50.217","31.8","128.0","YAHOTYN, UP","   66",",,I","   30",",,S",,,,,"    6","H,,S"
"UPM00033356","1979-01-27","50.217","31.8","128.0","YAHOTYN, UP","   35",",,I",,,"   20",",,S",,,"    6","H,,S"
"UPM00033356","1979-01-28","50.217","31.8","128.0","YAHOTYN, UP","    0",",,I",,,"   30",",,S","  -10",",,S","    7","H,,S"
"UPM00033356","1979-01-29","50.217","31.8","128.0","YAHOTYN, UP","   31",",,I",,,,,,,"   30","H,,S"
"UPM00033356","1979-01-30","50.217","31.8","128.0","YAHOTYN, UP","   51",",,I",,,,,"   10",",,S","   23","H,,S"
"UPM00033356","1979-01-31","50.217","31.8","128.0","YAHOTYN, UP","    3",",,I",,,,,,,,
"UPM00033356","1979-02-01","50.217","31.8","128.0","YAHOTYN, UP","    6",",,I",,,,,"  -20",",,S","  -12","H,,S"
"UPM00033356","1979-02-02","50.217","31.8","128.0","YAHOTYN, UP","    4",",,I",,,,,,,,
"UPM00033356","1979-02-03","50.217","31.8","128.0","YAHOTYN, UP","    0",",,I",,,,,"    0",",,S","    7","H,,S"
"UPM00033356","1979-02-04","50.217","31.8","128.0","YAHOTYN, UP","    0",",,I",,,,,,,,
"UPM00033356","1979-02-05","50.217","31.8","128.0","YAHOTYN, UP","    0",",,I",,,,,,,,
"UPM00033356","1979-02-06","50.217","31.8","128.0","YAHOTYN, UP","   31",",,I",,,,,,,"   -7","H,,S"
"UPM00033356","1979-02-07","50.217","31.8","128.0","YAHOTYN, UP","    4",",,I",,,,,,,"  -48","H,,S"
"UPM00033356","1979-02-08","50.217","31.8","128.0","YAHOTYN, UP","    3",",,I",,,,,,,,
"UPM00033356","1979-02-09","50.217","31.8","128.0","YAHOTYN, UP","    7",",,I",,,,,,,,
"UPM00033356","1979-02-10","50.217","31.8","128.0","YAHOTYN, UP","    0",",,I",,,,,"  -90",",,S","  -72","H,,S"
"UPM00033356","1979-02-11","50.217","31.8","128.0","YAHOTYN, UP","    0",",,I","   71",",,S",,," -140",",,S","  -82","H,,S"
"UPM00033356","1979-02-12","50.217","31.8","128.0","YAHOTYN, UP","    0",",,I",,,,,,,"  -76","H,,S"
"UPM00033356","1979-02-13","50.217","31.8","128.0","YAHOTYN, UP","   31",",,I",,,,,,,,
"UPM00033356","1979-02-14","50.217","31.8","128.0","YAHOTYN, UP","    0",",,I",,,"  -10",",,S",,,"  -72","H,,S"
"UPM00033356","1979-02-15","50.217","31.8","128.0","YAHOTYN, UP","    0",",,I",,,,,,,,
"UPM00033356","1979-02-16","50.217","31.8","128.0","YAHOTYN, UP","    0",",,I",,,,,,,,
"UPM00033356","1979-02-17","50.217","31.8","128.0","YAHOTYN, UP","    0",",,I",,," -110",",,S"," -200",",,S"," -160","H,,S"
"UPM00033356","1979-02-18","50.217","31.8","128.0","YAHOTYN, UP","    0",",,I","   51",",,S",,," -140",",,S"," -100","H,,S"
"UPM00033356","1979-02-19","50.217","31.8","128.0","YAHOTYN, UP","    0",",,I","   51",",,S",,,,,"  -61","H,,S"
"UPM00033356","1979-02-20","50.217","31.8","128.0","YAHOTYN, UP","    0",",,I",,,,,,,,
"UPM00033356","1979-02-21","50.217","31.8","128.0","YAHOTYN, UP","    0",",,I",,,,,,," -108","H,,S"
"UPM00033356","1979-02-22","50.217","31.8","128.0","YAHOTYN, UP","    0",",,I","   51",",,S",,," -170",",,S"," -150","H,,S"
"UPM00033356","1979-02-23","50.217","31.8","128.0","YAHOTYN, UP","    0",",,I",,,"  -80",",,S",,," -122","H,,S"
"UPM00033356","1979-02-24","50.217","31.8","128.0","YAHOTYN, UP","    0",",,I",,,"  -50",",,S",,," -100","H,,S"
"UPM00033356","1979-02-25","50.217","31.8","128.0","YAHOTYN, UP","    0",",,I","   51",",,S","  -60",",,S"," -200",",,S"," -116","H,,S"
"UPM00033356","1979-02-26","50.217","31.8","128.0","YAHOTYN, UP","    0",",,I","   51",",,S",,," -160",",,S","  -93","H,,S"
"UPM00033356","1979-02-27","50.217","31.8","128.0","YAHOTYN, UP","    0",",,I","   51",",,S","    0",",,S"," -110",",,S","  -62","H,,S"
"UPM00033356","1979-02-28","50.217","31.8","128.0","YAHOTYN, UP","    0",",,I","   51",",,S",,,"  -90",",,S","  -43","H,,S"
"UPM00033356","1979-03-01","50.217","31.8","128.0","YAHOTYN, UP","    0",",,I","   41",",,S","   20",",,S","  -80",",,S","  -24","H,,S"
"UPM00033356","1979-03-02","50.217","31.8","128.0","YAHOTYN, UP","    0",",,I","   20",",,S","   40",",,S","  -10",",,S","    7","H,,S"
"UPM00033356","1979-03-03","50.217","31.8","128.0","YAHOTYN, UP","    0",",,I","   20",",,S",,,"  -10",",,S","   -4","H,,S"
"UPM00033356","1979-03-04","50.217","31.8","128.0","YAHOTYN, UP","    0",",,I","   10",",,S","   10",",,S","  -30",",,S","  -10","H,,S"
"UPM00033356","1979-03-05","50.217","31.8","128.0","YAHOTYN, UP","    0",",,I",,,"   10",",,S",,,"  -10","H,,S"
"UPM00033356","1979-03-06","50.217","31.8","128.0","YAHOTYN, UP","   23",",,I","   20",",,S","   10",",,S","    0",",,S","    4","H,,S"
"UPM00033356","1979-03-07","50.217","31.8","128.0","YAHOTYN, UP","    0",",,I",,,"   10",",,S","  -10",",,S","    0","H,,S"
"UPM00033356","1979-03-08","50.217","31.8","128.0","YAHOTYN, UP","    0",",,I",,,"   10",",,S","  -10",",,S","   -5","H,,S"
"UPM00033356","1979-03-09","50.217","31.8","128.0","YAHOTYN, UP","    5",",,I",,,,,"  -20",",,S","  -15","H,,S"
"UPM00033356","1979-03-10","50.217","31.8","128.0","YAHOTYN, UP","   12",",,I",,,,,,,,
"UPM00033356","1979-03-11","50.217","31.8","128.0","YAHOTYN, UP","    1",",,I",,,,,,,,
"UPM00033356","1979-03-12","50.217","31.8","128.0","YAHOTYN, UP","   47",",,I",,,,,,,"    0","H,,S"
"UPM00033356","1979-03-13","50.217","31.8","128.0","YAHOTYN, UP","   41",",,I",,,,,,,,
"UPM00033356","1979-03-14","50.217","31.8","128.0","YAHOTYN, UP","    7",",,I",,,,,,,"   23","H,,S"
"UPM00033356","1979-03-15","50.217","31.8","128.0","YAHOTYN, UP","    0",",,I",,,,,,,"   -2","H,,S"
"UPM00033356","1979-03-16","50.217","31.8","128.0","YAHOTYN, UP","    0",",,I",,,,,"  -40",",,S","    3","H,,S"
"UPM00033356","1979-03-17","50.217","31.8","128.0","YAHOTYN, UP","    1",",,I",,,"   60",",,S","   10",",,S","   37","H,,S"
"UPM00033356","1979-03-18","50.217","31.8","128.0","YAHOTYN, UP","  100",",,I",,,,,,,"    2","H,,S"
"UPM00033356","1979-03-19","50.217","31.8","128.0","YAHOTYN, UP","    4",",,I","   10",",,S",,,"  -60",",,S","  -35","H,,S"
"UPM00033356","1979-03-20","50.217","31.8","128.0","YAHOTYN, UP","   27",",,I",,,"   80",",,S","  -10",",,S","   30","H,,S"
"UPM00033356","1979-03-21","50.217","31.8","128.0","YAHOTYN, UP","    0",",,I",,,,,"    0",",,S","   27","H,,S"
"UPM00033356","1979-03-22","50.217","31.8","128.0","YAHOTYN, UP","   15",",,I",,,,,"   50",",,S","   70","H,,S"
"UPM00033356","1979-03-23","50.217","31.8","128.0","YAHOTYN, UP","   24",",,I",,,"   80",",,S",,,"   50","H,,S"
"UPM00033356","1979-03-24","50.217","31.8","128.0","YAHOTYN, UP","   18",",,I",,,,,,,"   38","H,,S"
"UPM00033356","1979-03-25","50.217","31.8","128.0","YAHOTYN, UP","    3",",,I",,,"   40",",,S","  -10",",,S","   13","H,,S"
"UPM00033356","1979-03-26","50.217","31.8","128.0","YAHOTYN, UP","    0",",,I",,,,,"  -20",",,S","    0","H,,S"
"UPM00033356","1979-03-27","50.217","31.8","128.0","YAHOTYN, UP","    0",",,I",,,,,,,"   28","H,,S"
"UPM00033356","1979-03-28","50.217","31.8","128.0","YAHOTYN, UP","    0",",,I",,,"   70",",,S","    0",",,S","   44","H,,S"
"UPM00033356","1979-03-29","50.217","31.8","128.0","YAHOTYN, UP","   45",",,I",,,,,,,"   50","H,,S"
"UPM00033356","1979-03-30","50.217","31.8","128.0","YAHOTYN, UP","    5",",,I",,,,,"   60",",,S","   87","H,,S"
"UPM00033356","1979-03-31","50.217","31.8","128.0","YAHOTYN, UP","   45",",,I",,,,,"   70",",,S","   86","H,,S"
"UPM00033356","1979-04-01","50.217","31.8","128.0","YAHOTYN, UP","    0",",,I",,,,,"   20",",,S","   58","H,,S"
"UPM00033356","1979-04-02","50.217","31.8","128.0","YAHOTYN, UP","    7",",,I",,,,,"   30",",,S","   80","H,,S"
"UPM00033356","1979-04-03","50.217","31.8","128.0","YAHOTYN, UP","   26",",,I",,,,,,,"   82","H,,S"
"UPM00033356","1979-04-04","50.217","31.8","128.0","YAHOTYN, UP","  215",",,I",,,"   80",",,S",,,"   32","H,,S"
"UPM00033356","1979-04-05","50.217","31.8","128.0","YAHOTYN, UP","  113",",,I",,,"   30",",,S",,,"    8","H,,S"
"UPM00033356","1979-04-06","50.217","31.8","128.0","YAHOTYN, UP","    4",",,I",,,,,,,"   20","H,,S"
"UPM00033356","1979-04-07","50.217","31.8","128.0","YAHOTYN, UP","   28",",,I",,,"   50",",,S","    0",",,S","   28","H,,S"
"UPM00033356","1979-04-08","50.217","31.8","128.0","YAHOTYN, UP","    4",",,I",,,,,"   40",",,S","   67","H,,S"
"UPM00033356","1979-04-09","50.217","31.8","128.0","YAHOTYN, UP","   75",",,I",,,"   90",",,S","   10",",,S","   33","H,,S"
"UPM00033356","1979-04-10","50.217","31.8","128.0","YAHOTYN, UP","  170",",,I",,,"   30",",,S",,,"   22","H,,S"
"UPM00033356","1979-04-11","50.217","31.8","128.0","YAHOTYN, UP","   42",",,I",,,"   40",",,S",,,"   17","H,,S"
"UPM00033356","1979-04-12","50.217","31.8","128.0","YAHOTYN, UP","    4",",,I",,,"   40",",,S",,,"   15","H,,S"
"UPM00033356","1979-04-13","50.217","31.8","128.0","YAHOTYN, UP","    0",",,I",,,"  100",",,S","  -20",",,S","   35","H,,S"
"UPM00033356","1979-04-14","50.217","31.8","128.0","YAHOTYN, UP","    0",",,I",,,,,"   10",",,S","   72","H,,S"
"UPM00033356","1979-04-15","50.217","31.8","128.0","YAHOTYN, UP","    0",",,I",,,,,,,"  120","H,,S"
"UPM00033356","1979-04-16","50.217","31.8","128.0","YAHOTYN, UP","    0",",,I",,,,,,,"   18","H,,S"
"UPM00033356","1979-04-17","50.217","31.8","128.0","YAHOTYN, UP","    0",",,I",,,"   80",",,S","  -40",",,S","   22","H,,S"
"UPM00033356","1979-04-18","50.217","31.8","128.0","YAHOTYN, UP","   81",",,I",,,"   40",",,S",,,"    8","H,,S"
"UPM00033356","1979-04-19","50.217","31.8","128.0","YAHOTYN, UP","   10",",,I","   20",",,S",,,,,"    2","H,,S"
"UPM00033356","1979-04-20","50.217","31.8","128.0","YAHOTYN, UP","    3",",,I",,,"   50",",,S","  -60",",,S","   20","H,,S"
"UPM00033356","1979-04-21","50.217","31.8","128.0","YAHOTYN, UP","   10",",,I",,,,,"   10",",,S","   37","H,,S"
"UPM00033356","1979-04-22","50.217","31.8","128.0","YAHOTYN, UP","    0",",,I",,,"   90",",,S",,,"   60","H,,S"
"UPM00033356","1979-04-23","50.217","31.8","128.0","YAHOTYN, UP","    0",",,I",,,"  130",",,S","   40",",,S","   94","H,,S"
"UPM00033356","1979-04-24","50.217","31.8","128.0","YAHOTYN, UP","    0",",,I",,,"  180",",,S","   50",",,S","   93","H,,S"
"UPM00033356","1979-04-25","50.217","31.8","128.0","YAHOTYN, UP","    0",",,I",,,"  180",",,S","   50",",,S","  110","H,,S"
"UPM00033356","1979-04-26","50.217","31.8","128.0","YAHOTYN, UP","    0",",,I",,,,,,,"  122","H,,S"
"UPM00033356","1979-04-27","50.217","31.8","128.0","YAHOTYN, UP","    0",",,I",,,"  190",",,S","  100",",,S","  136","H,,S"
"UPM00033356","1979-04-28","50.217","31.8","128.0","YAHOTYN, UP","    0",",,I",,,,,"  100",",,S","  162","H,,S"
"UPM00033356","1979-04-29","50.217","31.8","128.0","YAHOTYN, UP","    0",",,I",,,"  220",",,S","  110",",,S","  148","H,,S"
"UPM00033356","1979-04-30","50.217","31.8","128.0","YAHOTYN, UP","    0",",,I",,,"  200",",,S","   80",",,S","  134","H,,S"
"UPM00033356","1979-05-01","50.217","31.8","128.0","YAHOTYN, UP","   38",",,I",,,,,"   80",",,S","  144","H,,S"
"UPM00033356","1979-05-02","50.217","31.8","128.0","YAHOTYN, UP","    0",",,I",,,"  230",",,S",,,"  163","H,,S"
"UPM00033356","1979-05-03","50.217","31.8","128.0","YAHOTYN, UP","    0",",,I",,,"  260",",,S","  100",",,S","  182","H,,S"
"UPM00033356","1979-05-04","50.217","31.8","128.0","YAHOTYN, UP","    0",",,I",,,,,,,"  165","H,,S"
"UPM00033356","1979-05-05","50.217","31.8","128.0","YAHOTYN, UP","    0",",,I",,,"  190",",,S",,,"  138","H,,S"
"UPM00033356","1979-05-06","50.217","31.8","128.0","YAHOTYN, UP","    0",",,I",,,"  240",",,S","  100",",,S","  149","H,,S"
"UPM00033356","1979-05-07","50.217","31.8","128.0","YAHOTYN, UP","    0",",,I",,,"  160",",,S","   40",",,S","  132","H,,S"
"UPM00033356","1979-05-08","50.217","31.8","128.0","YAHOTYN, UP","   19",",,I",,,"  120",",,S","   90",",,S","  107","H,,S"
"UPM00033356","1979-05-09","50.217","31.8","128.0","YAHOTYN, UP","    0",",,I",,,"  200",",,S","   80",",,S","  140","H,,S"
"UPM00033356","1979-05-10","50.217","31.8","128.0","YAHOTYN, UP","    0",",,I",,,"  260",",,S","  100",",,S","  180","H,,S"
"UPM00033356","1979-05-11","50.217","31.8","128.0","YAHOTYN, UP","    0",",,I",,,"  200",",,S",,,"  158","H,,S"
"UPM00033356","1979-05-12","50.217","31.8","128.0","YAHOTYN, UP","    0",",,I",,,,,"   80",",,S","  126","H,,S"
"UPM00033356","1979-05-13","50.217","31.8","128.0","YAHOTYN, UP","    0",",,I",,,"  190",",,S","   70",",,S","  127","H,,S"
"UPM00033356","1979-05-14","50.217","31.8","128.0","YAHOTYN, UP","    0",",,I",,,"  210",",,S",,,"  147","H,,S"
"UPM00033356","1979-05-15","50.217","31.8","128.0","YAHOTYN, UP","    0",",,I",,,,,"   90",",,S","  160","H,,S"
"UPM00033356","1979-05-16","50.217","31.8","128.0","YAHOTYN, UP","    0",",,I",,,,,,,"  190","H,,S"
"UPM00033356","1979-05-17","50.217","31.8","128.0","YAHOTYN, UP","    0",",,I",,,,,,,,
"UPM00033356","1979-05-18","50.217","31.8","128.0","YAHOTYN, UP","    0",",,I",,,,,,,"  220","H,,S"
"UPM00033356","1979-05-19","50.217","31.8","128.0","YAHOTYN, UP","  148",",,I",,,,,"  150",",,S","  222","H,,S"
"UPM00033356","1979-05-20","50.217","31.8","128.0","YAHOTYN, UP","    0",",,I",,,,,"  150",",,S","  242","H,,S"
"UPM00033356","1979-05-21","50.217","31.8","128.0","YAHOTYN, UP","    3",",,I",,,,,,,"  185","H,,S"
"UPM00033356","1979-05-22","50.217","31.8","128.0","YAHOTYN, UP","    0",",,I",,,,,"  140",",,S","  183","H,,S"
"UPM00033356","1979-05-23","50.217","31.8","128.0","YAHOTYN, UP","    0",",,I",,,,,"  100",",,S","  188","H,,S"
"UPM00033356","1979-05-24","50.217","31.8","128.0","YAHOTYN, UP","    0",",,I",,,"  240",",,S","  110",",,S","  174","H,,S"
"UPM00033356","1979-05-25","50.217","31.8","128.0","YAHOTYN, UP","    0",",,I",,,"  270",",,S","  110",",,S","  196","H,,S"
"UPM00033356","1979-05-26","50.217","31.8","128.0","YAHOTYN, UP","   12",",,I",,,"  270",",,S","  140",",,S","  208","H,,S"
"UPM00033356","1979-05-27","50.217","31.8","128.0","YAHOTYN, UP","    4",",,I",,,"  270",",,S","  150",",,S","  216","H,,S"
"UPM00033356","1979-05-28","50.217","31.8","128.0","YAHOTYN, UP","   12",",,I",,,"  290",",,S","  150",",,S","  213","H,,S"
"UPM00033356","1979-05-29","50.217","31.8","128.0","YAHOTYN, UP","    0",",,I",,,,,"  160",",,S","  230","H,,S"
"UPM00033356","1979-05-30","50.217","31.8","128.0","YAHOTYN, UP","    0",",,I",,,,,"  160",",,S","  206","H,,S"
"UPM00033356","1979-05-31","50.217","31.8","128.0","YAHOTYN, UP","    0",",,I",,,,,"  160",",,S","  212","H,,S"
"UPM00033356","1979-06-01","50.217","31.8","128.0","YAHOTYN, UP","    0",",,I",,,,,,,,
"UPM00033356","1979-06-02","50.217","31.8","128.0","YAHOTYN, UP","    0",",,I",,,"  250",",,S",,,"  223","H,,S"
"UPM00033356","1979-06-03","50.217","31.8","128.0","YAHOTYN, UP","    0",",,I",,,,,"  120",",,S","  188","H,,S"
"UPM00033356","1979-06-04","50.217","31.8","128.0","YAHOTYN, UP","    0",",,I",,,"  220",",,S",,,"  165","H,,S"
"UPM00033356","1979-06-05","50.217","31.8","128.0","YAHOTYN, UP","    0",",,I",,,,,,,,
"UPM00033356","1979-06-06","50.217","31.8","128.0","YAHOTYN, UP","    0",",,I",,,,,"  110",",,S","  195","H,,S"
"UPM00033356","1979-06-07","50.217","31.8","128.0","YAHOTYN, UP","    0",",,I",,,,,"  140",",,S","  185","H,,S"
"UPM00033356","1979-06-08","50.217","31.8","128.0","YAHOTYN, UP","    0",",,I",,,,,,,,
"UPM00033356","1979-06-09","50.217","31.8","128.0","YAHOTYN, UP","  121",",,I",,,,,,,,
"UPM00033356","1979-06-10","50.217","31.8","128.0","YAHOTYN, UP","  166",",,I",,,,,,,,
"UPM00033356","1979-06-11","50.217","31.8","128.0","YAHOTYN, UP","    0",",,I",,,,,"  140",",,S","  164","H,,S"
"UPM00033356","1979-06-12","50.217","31.8","128.0","YAHOTYN, UP","    0",",,I",,,,,"  100",",,S","  167","H,,S"
"UPM00033356","1979-06-13","50.217","31.8","128.0","YAHOTYN, UP","    0",",,I",,,"  280",",,S","  120",",,S","  223","H,,S"
"UPM00033356","1979-06-14","50.217","31.8","128.0","YAHOTYN, UP","    0",",,I",,,,,"  130",",,S","  173","H,,S"
"UPM00033356","1979-06-15","50.217","31.8","128.0","YAHOTYN, UP","    0",",,I",,,,,"  130",",,S","  203","H,,S"
"UPM00033356","1979-06-16","50.217","31.8","128.0","YAHOTYN, UP","    0",",,I",,,"  290",",,S","  140",",,S","  217","H,,S"
"UPM00033356","1979-06-17","50.217","31.8","128.0","YAHOTYN, UP","    0",",,I",,,,,,,"  224","H,,S"
"UPM00033356","1979-06-18","50.217","31.8","128.0","YAHOTYN, UP","   70",",,I",,,,,,,"  225","H,,S"
"UPM00033356","1979-06-19","50.217","31.8","128.0","YAHOTYN, UP","  137",",,I",,,,,,,"  205","H,,S"
"UPM00033356","1979-06-20","50.217","31.8","128.0","YAHOTYN, UP","    0",",,I",,,"  210",",,S","  110",",,S","  168","H,,S"
"UPM00033356","1979-06-21","50.217","31.8","128.0","YAHOTYN, UP","    0",",,I",,,,,"  130",",,S","  195","H,,S"
"UPM00033356","1979-06-22","50.217","31.8","128.0","YAHOTYN, UP","    0",",,I",,,"  230",",,S","  130",",,S","  200","H,,S"
"UPM00033356","1979-06-23","50.217","31.8","128.0","YAHOTYN, UP","    0",",,I",,,"  250",",,S",,,"  200","H,,S"
"UPM00033356","1979-06-24","50.217","31.8","128.0","YAHOTYN, UP","    0",",,I",,,,,"  140",",,S","  175","H,,S"
"UPM00033356","1979-06-25","50.217","31.8","128.0","YAHOTYN, UP","    0",",,I",,,,,,,"  200","H,,S"
"UPM00033356","1979-06-26","50.217","31.8","128.0","YAHOTYN, UP","    0",",,I",,,"  280",",,S","  150",",,S","  212","H,,S"
"UPM00033356","1979-06-27","50.217","31.8","128.0","YAHOTYN, UP","    0",",,I",,,,,,,"  240","H,,S"
"UPM00033356","1979-06-28","50.217","31.8","128.0","YAHOTYN, UP","    0",",,I",,,,,"  150",",,S","  238","H,,S"
"UPM00033356","1979-06-29","50.217","31.8","128.0","YAHOTYN, UP","  221",",,I",,,,,"  190",",,S","  224","H,,S"
"UPM00033356","1979-06-30","50.217","31.8","128.0","YAHOTYN, UP","   11",",,I",,,"  300",",,S","  170",",,S","  220","H,,S"
"UPM00033356","1979-07-01","50.217","31.8","128.0","YAHOTYN, UP","    4",",,I",,,"  220",",,S","  180",",,S","  186","H,,S"
"UPM00033356","1979-07-02","50.217","31.8","128.0","YAHOTYN, UP","    0",",,I",,,,,,,"  182","H,,S"
"UPM00033356","1979-07-03","50.217","31.8","128.0","YAHOTYN, UP","    0",",,I",,,"  200",",,S",,,"  163","H,,S"
"UPM00033356","1979-07-04","50.217","31.8","128.0","YAHOTYN, UP","  116",",,I",,,,,,,,
"UPM00033356","1979-07-05","50.217","31.8","128.0","YAHOTYN, UP","   39",",,I",,,"  190",",,S","  140",",,S","  156","H,,S"
"UPM00033356","1979-07-06","50.217","31.8","128.0","YAHOTYN, UP","    0",",,I",,,,,,,"  148","H,,S"
"UPM00033356","1979-07-07","50.217","31.8","128.0","YAHOTYN, UP","    0",",,I",,,"  200",",,S","  110",",,S","  160","H,,S"
"UPM00033356","1979-07-08","50.217","31.8","128.0","YAHOTYN, UP","    0",",,I",,,,,,,"  150","H,,S"
"UPM00033356","1979-07-09","50.217","31.8","128.0","YAHOTYN, UP","   26",",,I",,,"  220",",,S",,,"  172","H,,S"
"UPM00033356","1979-07-10","50.217","31.8","128.0","YAHOTYN, UP","    5",",,I",,,"  260",",,S",,,"  190","H,,S"
"UPM00033356","1979-07-11","50.217","31.8","128.0","YAHOTYN, UP","  107",",,I",,,,,,,,
"UPM00033356","1979-07-12","50.217","31.8","128.0","YAHOTYN, UP","  323",",,I",,,"  220",",,S","  150",",,S","  170","H,,S"
"UPM00033356","1979-07-13","50.217","31.8","128.0","YAHOTYN, UP","    0",",,I",,,"  210",",,S","  120",",,S","  174","H,,S"
"UPM00033356","1979-07-14","50.217","31.8","128.0","YAHOTYN, UP","    0",",,I",,,"  220",",,S","  120",",,S","  194","H,,S"
"UPM00033356","1979-07-15","50.217","31.8","128.0","YAHOTYN, UP","   89",",,I",,,"  210",",,S","  150",",,S","  177","H,,S"
"UPM00033356","1979-07-16","50.217","31.8","128.0","YAHOTYN, UP","  105",",,I",,,"  190",",,S","  160",",,S","  168","H,,S"
"UPM00033356","1979-07-17","50.217","31.8","128.0","YAHOTYN, UP","    0",",,I",,,,,,,"  168","H,,S"
"UPM00033356","1979-07-18","50.217","31.8","128.0","YAHOTYN, UP","    0",",,I",,,"  200",",,S","  100",",,S","  156","H,,S"
"UPM00033356","1979-07-19","50.217","31.8","128.0","YAHOTYN, UP","    0",",,I",,,"  220",",,S",,,"  172","H,,S"
"UPM00033356","1979-07-20","50.217","31.8","128.0","YAHOTYN, UP","    0",",,I",,,,,"  170",",,S","  216","H,,S"
"UPM00033356","1979-07-21","50.217","31.8","128.0","YAHOTYN, UP","   98",",,I",,,"  260",",,S",,,"  230","H,,S"
"UPM00033356","1979-07-22","50.217","31.8","128.0","YAHOTYN, UP","    0",",,I",,,"  270",",,S",,,"  202","H,,S"
"UPM00033356","1979-07-23","50.217","31.8","128.0","YAHOTYN, UP","   34",",,I",,,,,,,,
"UPM00033356","1979-07-24","50.217","31.8","128.0","YAHOTYN, UP","    0",",,I",,,"  210",",,S","  100",",,S","  150","H,,S"
"UPM00033356","1979-07-25","50.217","31.8","128.0","YAHOTYN, UP","    0",",,I",,,,,,,,
"UPM00033356","1979-07-26","50.217","31.8","128.0","YAHOTYN, UP","    3",",,I",,,,,"  110",",,S","  155","H,,S"
"UPM00033356","1979-07-27","50.217","31.8","128.0","YAHOTYN, UP","   17",",,I",,,"  200",",,S",,,"  155","H,,S"
"UPM00033356","1979-07-28","50.217","31.8","128.0","YAHOTYN, UP","    0",",,I",,,"  210",",,S","  120",",,S","  150","H,,S"
"UPM00033356","1979-07-29","50.217","31.8","128.0","YAHOTYN, UP","    0",",,I",,,"  210",",,S","   90",",,S","  146","H,,S"
"UPM00033356","1979-07-30","50.217","31.8","128.0","YAHOTYN, UP","    0",",,I",,,"  230",",,S","  100",",,S","  170","H,,S"
"UPM00033356","1979-07-31","50.217","31.8","128.0","YAHOTYN, UP","    4",",,I",,,,,"  160",",,S","  190","H,,S"
"UPM00033356","1979-08-01","50.217","31.8","128.0","YAHOTYN, UP","    0",",,I",,,,,"  140",",,S","  207","H,,S"
"UPM00033356","1979-08-02","50.217","31.8","128.0","YAHOTYN, UP","    0",",,I",,,,,,,,
"UPM00033356","1979-08-03","50.217","31.8","128.0","YAHOTYN, UP","    1",",,I",,,"  320",",,S","  190",",,S","  253","H,,S"
"UPM00033356","1979-08-04","50.217","31.8","128.0","YAHOTYN, UP","    0",",,I",,,,,"  200",",,S","  284","H,,S"
"UPM00033356","1979-08-05","50.217","31.8","128.0","YAHOTYN, UP","   47",",,I",,,"  280",",,S",,,"  196","H,,S"
"UPM00033356","1979-08-06","50.217","31.8","128.0","YAHOTYN, UP","    0",",,I",,,"  200",",,S","  130",",,S","  153","H,,S"
"UPM00033356","1979-08-07","50.217","31.8","128.0","YAHOTYN, UP","    0",",,I",,,,,"  110",",,S","  147","H,,S"
"UPM00033356","1979-08-08","50.217","31.8","128.0","YAHOTYN, UP","    0",",,I",,,,,,,"  162","H,,S"
"UPM00033356","1979-08-09","50.217","31.8","128.0","YAHOTYN, UP","    0",",,I",,,,,,,,
"UPM00033356","1979-08-10","50.217","31.8","128.0","YAHOTYN, UP","    0",",,I",,,,,,,,
"UPM00033356","1979-08-11","50.217","31.8","128.0","YAHOTYN, UP","    0",",,I",,,"  270",",,S","  140",",,S","  214","H,,S"
"UPM00033356","1979-08-12","50.217","31.8","128.0","YAHOTYN, UP","    0",",,I",,,,,"  160",",,S","  205","H,,S"
"UPM00033356","1979-08-13","50.217","31.8","128.0","YAHOTYN, UP","    0",",,I",,,,,,,"  185","H,,S"
"UPM00033356","1979-08-14","50.217","31.8","128.0","YAHOTYN, UP","    1",",,I",,,,,"  170",",,S","  200","H,,S"
"UPM00033356","1979-08-15","50.217","31.8","128.0","YAHOTYN, UP","    0",",,I",,,,,,,"  218","H,,S"
"UPM00033356","1979-08-16","50.217","31.8","128.0","YAHOTYN, UP","    0",",,I",,,,,,,,
"UPM00033356","1979-08-17","50.217","31.8","128.0","YAHOTYN, UP","    0",",,I",,,"  260",",,S",,,"  213","H,,S"
"UPM00033356","1979-08-18","50.217","31.8","128.0","YAHOTYN, UP","  108",",,I",,,"  230",",,S","  120",",,S","  166","H,,S"
"UPM00033356","1979-08-19","50.217","31.8","128.0","YAHOTYN, UP","  389",",,I",,,,,,,,
"UPM00033356","1979-08-20","50.217","31.8","128.0","YAHOTYN, UP","   24",",,I",,,,,,,,
"UPM00033356","1979-08-21","50.217","31.8","128.0","YAHOTYN, UP","   19",",,I",,,"  220",",,S",,,"  183","H,,S"
"UPM00033356","1979-08-22","50.217","31.8","128.0","YAHOTYN, UP","    0",",,I",,,,,,,"  192","H,,S"
"UPM00033356","1979-08-23","50.217","31.8","128.0","YAHOTYN, UP","    0",",,I",,,,,"  130",",,S","  212","H,,S"
"UPM00033356","1979-08-24","50.217","31.8","128.0","YAHOTYN, UP","    0",",,I",,,,,,,,
"UPM00033356","1979-08-25","50.217","31.8","128.0","YAHOTYN, UP","   18",",,I",,,,,"  150",",,S","  182","H,,S"
"UPM00033356","1979-08-26","50.217","31.8","128.0","YAHOTYN, UP","    0",",,I",,,,,,,"  190","H,,S"
"UPM00033356","1979-08-27","50.217","31.8","128.0","YAHOTYN, UP","   24",",,I",,,,,,,"  166","H,,S"
"UPM00033356","1979-08-28","50.217","31.8","128.0","YAHOTYN, UP","   32",",,I",,,"  200",",,S","  130",",,S","  160","H,,S"
"UPM00033356","1979-08-29","50.217","31.8","128.0","YAHOTYN, UP","    0",",,I",,,,,,,"  130","H,,S"
"UPM00033356","1979-08-30","50.217","31.8","128.0","YAHOTYN, UP","    0",",,I",,,,,,,"  127","H,,S"
"UPM00033356","1979-08-31","50.217","31.8","128.0","YAHOTYN, UP","    0",",,I",,,"  200",",,S","   90",",,S","  132","H,,S"
"UPM00033356","1979-09-01","50.217","31.8","128.0","YAHOTYN, UP","    0",",,I",,,"  200",",,S","  120",",,S","  157","H,,S"
"UPM00033356","1979-09-02","50.217","31.8","128.0","YAHOTYN, UP","    0",",,I",,,,,,,"  118","H,,S"
"UPM00033356","1979-09-03","50.217","31.8","128.0","YAHOTYN, UP","    0",",,I",,,,,,,"  160","H,,S"
"UPM00033356","1979-09-04","50.217","31.8","128.0","YAHOTYN, UP","    0",",,I",,,"  260",",,S","  100",",,S","  162","H,,S"
"UPM00033356","1979-09-05","50.217","31.8","128.0","YAHOTYN, UP","    0",",,I",,,"  240",",,S",,,"  168","H,,S"
"UPM00033356","1979-09-06","50.217","31.8","128.0","YAHOTYN, UP","    0",",,I",,,"  220",",,S",,,"  142","H,,S"
"UPM00033356","1979-09-07","50.217","31.8","128.0","YAHOTYN, UP","   19",",,I",,,,,,,,
"UPM00033356","1979-09-08","50.217","31.8","128.0","YAHOTYN, UP","    0",",,I",,,,,,,,
"UPM00033356","1979-09-09","50.217","31.8","128.0","YAHOTYN, UP","    0",",,I",,,,,"   90",",,S","  110","H,,S"
"UPM00033356","1979-09-10","50.217","31.8","128.0","YAHOTYN, UP","    1",",,I",,,,,,,"  148","H,,S"
"UPM00033356","1979-09-11","50.217","31.8","128.0","YAHOTYN, UP","    0",",,I",,,,,"   70",",,S","  132","H,,S"
"UPM00033356","1979-09-12","50.217","31.8","128.0","YAHOTYN, UP","    0",",,I",,,,,"  110",",,S","  172","H,,S"
"UPM00033356","1979-09-13","50.217","31.8","128.0","YAHOTYN, UP","    0",",,I",,,"  200",",,S","   70",",,S","  134","H,,S"
"UPM00033356","1979-09-14","50.217","31.8","128.0","YAHOTYN, UP","    0",",,I",,,,,"   90",",,S","  140","H,,S"
"UPM00033356","1979-09-15","50.217","31.8","128.0","YAHOTYN, UP","   23",",,I",,,,,,,,
"UPM00033356","1979-09-16","50.217","31.8","128.0","YAHOTYN, UP","    4",",,I",,,"  130",",,S",,,"   93","H,,S"
"UPM00033356","1979-09-17","50.217","31.8","128.0","YAHOTYN, UP","    0",",,I",,,,,,,"   75","H,,S"
"UPM00033356","1979-09-18","50.217","31.8","128.0","YAHOTYN, UP","    7",",,I",,,,,,,,
"UPM00033356","1979-09-19","50.217","31.8","128.0","YAHOTYN, UP","    0",",,I",,,"  210",",,S",,,"  168","H,,S"
"UPM00033356","1979-09-20","50.217","31.8","128.0","YAHOTYN, UP","    0",",,I",,,,,"  100",",,S","  155","H,,S"
"UPM00033356","1979-09-21","50.217","31.8","128.0","YAHOTYN, UP","    0",",,I",,,,,,,,
"UPM00033356","1979-09-22","50.217","31.8","128.0","YAHOTYN, UP","    0",",,I",,,,,,,,
"UPM00033356","1979-09-23","50.217","31.8","128.0","YAHOTYN, UP","    0",",,I",,,,,,,,
"UPM00033356","1979-09-24","50.217","31.8","128.0","YAHOTYN, UP","    0",",,I",,,,,,,,
"UPM00033356","1979-09-25","50.217","31.8","128.0","YAHOTYN, UP","    3",",,I",,,"  250",",,S","  140",",,S","  198","H,,S"
"UPM00033356","1979-09-26","50.217","31.8","128.0","YAHOTYN, UP","    0",",,I",,,"  210",",,S","  140",",,S","  167","H,,S"
"UPM00033356","1979-09-27","50.217","31.8","128.0","YAHOTYN, UP","    0",",,I",,,"  160",",,S",,,"  135","H,,S"
"UPM00033356","1979-09-28","50.217","31.8","128.0","YAHOTYN, UP","    0",",,I",,,,,,,,
"UPM00033356","1979-09-29","50.217","31.8","128.0","YAHOTYN, UP","    0",",,I",,,,,,,"  143","H,,S"
"UPM00033356","1979-09-30","50.217","31.8","128.0","YAHOTYN, UP","    0",",,I",,,,,,,"   76","H,,S"
"UPM00033356","1979-10-01","50.217","31.8","128.0","YAHOTYN, UP","    0",",,I",,,,,,,,
"UPM00033356","1979-10-02","50.217","31.8","128.0","YAHOTYN, UP","    0",",,I",,,,,"  -20",",,S","   47","H,,S"
"UPM00033356","1979-10-03","50.217","31.8","128.0","YAHOTYN, UP","    0",",,I",,,,,,,,
"UPM00033356","1979-10-04","50.217","31.8","128.0","YAHOTYN, UP","    0",",,I",,,,,,,,
"UPM00033356","1979-10-05","50.217","31.8","128.0","YAHOTYN, UP","    5",",,I",,,"   90",",,S",,,"   32","H,,S"
"UPM00033356","1979-10-06","50.217","31.8","128.0","YAHOTYN, UP","   33",",,I",,,"   60",",,S",,,"   45","H,,S"
"UPM00033356","1979-10-07","50.217","31.8","128.0","YAHOTYN, UP","    0",",,I",,,,,"  -10",",,S","   46","H,,S"
"UPM00033356","1979-10-08","50.217","31.8","128.0","YAHOTYN, UP","    0",",,I",,,,,"  -30",",,S","   46","H,,S"
"UPM00033356","1979-10-09","50.217","31.8","128.0","YAHOTYN, UP","    0",",,I",,,"  160",",,S","  -30",",,S","   53","H,,S"
"UPM00033356","1979-10-10","50.217","31.8","128.0","YAHOTYN, UP","    0",",,I",,,"  180",",,S",,,"   62","H,,S"
"UPM00033356","1979-10-11","50.217","31.8","128.0","YAHOTYN, UP","    0",",,I",,,,,,,"  102","H,,S"
"UPM00033356","1979-10-12","50.217","31.8","128.0","YAHOTYN, UP","    0",",,I",,,"  190",",,S",,,"   80","H,,S"
"UPM00033356","1979-10-13","50.217","31.8","128.0","YAHOTYN, UP","    0",",,I",,,"  190",",,S","    0",",,S","  113","H,,S"
"UPM00033356","1979-10-14","50.217","31.8","128.0","YAHOTYN, UP","    0",",,I",,,"  200",",,S","   30",",,S","  114","H,,S"
"UPM00033356","1979-10-15","50.217","31.8","128.0","YAHOTYN, UP","    0",",,I",,,"  200",",,S","   30",",,S","  114","H,,S"
"UPM00033356","1979-10-16","50.217","31.8","128.0","YAHOTYN, UP","    0",",,I",,,,,,,,
"UPM00033356","1979-10-17","50.217","31.8","128.0","YAHOTYN, UP","    0",",,I",,,"  180",",,S","  100",",,S","  135","H,,S"
"UPM00033356","1979-10-18","50.217","31.8","128.0","YAHOTYN, UP","   28",",,I",,,,,,,"  124","H,,S"
"UPM00033356","1979-10-19","50.217","31.8","128.0","YAHOTYN, UP","   13",",,I",,,,,,,"   82","H,,S"
"UPM00033356","1979-10-20","50.217","31.8","128.0","YAHOTYN, UP","    0",",,I",,,"  120",",,S","   20",",,S","   63","H,,S"
"UPM00033356","1979-10-21","50.217","31.8","128.0","YAHOTYN, UP","    0",",,I",,,"  110",",,S","   30",",,S","   68","H,,S"
"UPM00033356","1979-10-22","50.217","31.8","128.0","YAHOTYN, UP","    0",",,I",,,,,,,,
"UPM00033356","1979-10-23","50.217","31.8","128.0","YAHOTYN, UP","    0",",,I",,,"   60",",,S",,,"   16","H,,S"
"UPM00033356","1979-10-24","50.217","31.8","128.0","YAHOTYN, UP","   35",",,I",,,,,,,,
"UPM00033356","1979-10-25","50.217","31.8","128.0","YAHOTYN, UP","    5",",,I",,,,,,,,
"UPM00033356","1979-10-26","50.217","31.8","128.0","YAHOTYN, UP","    0",",,I",,,,,,,,
"UPM00033356","1979-10-27","50.217","31.8","128.0","YAHOTYN, UP","    8",",,I",,,,,,,,
"UPM00033356","1979-10-28","50.217","31.8","128.0","YAHOTYN, UP","    5",",,I",,,,,,,"  -12","H,,S"
"UPM00033356","1979-10-29","50.217","31.8","128.0","YAHOTYN, UP","    0",",,I",,,,,"  -30",",,S","  -10","H,,S"
"UPM00033356","1979-10-30","50.217","31.8","128.0","YAHOTYN, UP","  104",",,I",,,,,"  -60",",,S","  -34","H,,S"
"UPM00033356","1979-10-31","50.217","31.8","128.0","YAHOTYN, UP","  133",",,I",,,,,,,"  -34","H,,S"
"UPM00033356","1979-11-01","50.217","31.8","128.0","YAHOTYN, UP","    4",",,I",,,,,,,,
"UPM00033356","1979-11-02","50.217","31.8","128.0","YAHOTYN, UP","    0",",,I","   51",",,S",,,,," -133","H,,S"
"UPM00033356","1979-11-03","50.217","31.8","128.0","YAHOTYN, UP","    0",",,I",,,,,,,,
"UPM00033356","1979-11-04","50.217","31.8","128.0","YAHOTYN, UP","    2",",,I","  191",",,S",,," -120",",,S","  -78","H,,S"
"UPM00033356","1979-11-05","50.217","31.8","128.0","YAHOTYN, UP","    0",",,I",,,,,,,,
"UPM00033356","1979-11-06","50.217","31.8","128.0","YAHOTYN, UP","    8",",,I",,,,,,,,
"UPM00033356","1979-11-07","50.217","31.8","128.0","YAHOTYN, UP","  251",",,I",,,,,,,,
"UPM00033356","1979-11-08","50.217","31.8","128.0","YAHOTYN, UP","    0",",,I",,,,,,,"   12","H,,S"
"UPM00033356","1979-11-09","50.217","31.8","128.0","YAHOTYN, UP","   28",",,I",,,,,,,,
"UPM00033356","1979-11-10","50.217","31.8","128.0","YAHOTYN, UP","   14",",,I",,,"   60",",,S",,,"   28","H,,S"
"UPM00033356","1979-11-11","50.217","31.8","128.0","YAHOTYN, UP","    3",",,I",,,,,,,,
"UPM00033356","1979-11-12","50.217","31.8","128.0","YAHOTYN, UP","    2",",,I",,,,,"   10",",,S","   30","H,,S"
"UPM00033356","1979-11-13","50.217","31.8","128.0","YAHOTYN, UP","   65",",,I",,,,,,,"   50","H,,S"
"UPM00033356","1979-11-14","50.217","31.8","128.0","YAHOTYN, UP","   23",",,I",,,,,,,"   38","H,,S"
"UPM00033356","1979-11-15","50.217","31.8","128.0","YAHOTYN, UP","    0",",,I",,,,,,,"   45","H,,S"
"UPM00033356","1979-11-16","50.217","31.8","128.0","YAHOTYN, UP","    0",",,I",,,,,"   40",",,S","   47","H,,S"
"UPM00033356","1979-11-17","50.217","31.8","128.0","YAHOTYN, UP","    0",",,I",,,"   50",",,S",,,"   47","H,,S"
"UPM00033356","1979-11-18","50.217","31.8","128.0","YAHOTYN, UP","    0",",,I",,,,,,,"   25","H,,S"
"UPM00033356","1979-11-19","50.217","31.8","128.0","YAHOTYN, UP","    0",",,I",,,,,,,,
"UPM00033356","1979-11-20","50.217","31.8","128.0","YAHOTYN, UP","   70",",,I",,,,,,,,
"UPM00033356","1979-11-21","50.217","31.8","128.0","YAHOTYN, UP","   37",",,I",,,,,,,"    5","H,,S"
"UPM00033356","1979-11-22","50.217","31.8","128.0","YAHOTYN, UP","    0",",,I",,,"   20",",,S",,,"   10","H,,S"
"UPM00033356","1979-11-23","50.217","31.8","128.0","YAHOTYN, UP","    0",",,I",,,"   30",",,S",,,"    8","H,,S"
"UPM00033356","1979-11-24","50.217","31.8","128.0","YAHOTYN, UP","    4",",,I",,,,,,,,
"UPM00033356","1979-11-25","50.217","31.8","128.0","YAHOTYN, UP","   26",",,I",,,,,,,"   17","H,,S"
"UPM00033356","1979-11-26","50.217","31.8","128.0","YAHOTYN, UP","    0",",,I",,,,,"    0",",,S","    6","H,,S"
"UPM00033356","1979-11-27","50.217","31.8","128.0","YAHOTYN, UP","   17",",,I",,,,,"    0",",,S","   10","H,,S"
"UPM00033356","1979-11-28","50.217","31.8","128.0","YAHOTYN, UP","   21",",,I",,,"   30",",,S",,,"   25","H,,S"
"UPM00033356","1979-11-29","50.217","31.8","128.0","YAHOTYN, UP","    8",",,I",,,,,,,,
"UPM00033356","1979-11-30","50.217","31.8","128.0","YAHOTYN, UP","   35",",,I",,,"   70",",,S",,,"   23","H,,S"
"UPM00033356","1979-12-01","50.217","31.8","128.0","YAHOTYN, UP","    0",",,I",,,,,,,"   30","H,,S"
"UPM00033356","1979-12-02","50.217","31.8","128.0","YAHOTYN, UP","    5",",,I",,,,,,,"   62","H,,S"
"UPM00033356","1979-12-03","50.217","31.8","128.0","YAHOTYN, UP","    0",",,I",,,,,"   50",",,S","   64","H,,S"
"UPM00033356","1979-12-04","50.217","31.8","128.0","YAHOTYN, UP","    4",",,I",,,,,,,,
"UPM00033356","1979-12-05","50.217","31.8","128.0","YAHOTYN, UP","   86",",,I",,,,,,,,
"UPM00033356","1979-12-06","50.217","31.8","128.0","YAHOTYN, UP","   15",",,I",,,"  100",",,S","   10",",,S","   54","H,,S"
"UPM00033356","1979-12-07","50.217","31.8","128.0","YAHOTYN, UP","   47",",,I",,,"   50",",,S","   20",",,S","   32","H,,S"
"UPM00033356","1979-12-08","50.217","31.8","128.0","YAHOTYN, UP","    0",",,I",,,,,,,,
"UPM00033356","1979-12-09","50.217","31.8","128.0","YAHOTYN, UP","    0",",,I",,,,,,,,
"UPM00033356","1979-12-10","50.217","31.8","128.0","YAHOTYN, UP","   10",",,I",,,,,"    0",",,S","   37","H,,S"
"UPM00033356","1979-12-11","50.217","31.8","128.0","YAHOTYN, UP","   23",",,I",,,,,,,"   70","H,,S"
"UPM00033356","1979-12-12","50.217","31.8","128.0","YAHOTYN, UP","   78",",,I",,,,,,,"   60","H,,S"
"UPM00033356","1979-12-13","50.217","31.8","128.0","YAHOTYN, UP","   69",",,I",,,"   60",",,S",,,"  -83","H,,S"
"UPM00033356","1979-12-14","50.217","31.8","128.0","YAHOTYN, UP","    0",",,I",,,,,,," -133","H,,S"
"UPM00033356","1979-12-15","50.217","31.8","128.0","YAHOTYN, UP","   50",",,I",,,,,,,"  -87","H,,S"
"UPM00033356","1979-12-16","50.217","31.8","128.0","YAHOTYN, UP","    2",",,I",,,"  -10",",,S",,,"  -33","H,,S"
"UPM00033356","1979-12-17","50.217","31.8","128.0","YAHOTYN, UP","    4",",,I",,,,,,,"    3","H,,S"
"UPM00033356","1979-12-18","50.217","31.8","128.0","YAHOTYN, UP","    1",",,I",,,,,,,"   10","H,,S"
"UPM00033356","1979-12-19","50.217","31.8","128.0","YAHOTYN, UP","    0",",,I","   20",",,S",,,,,"    0","H,,S"
"UPM00033356","1979-12-20","50.217","31.8","128.0","YAHOTYN, UP","    0",",,I",,,,,,,"  -12","H,,S"
"UPM00033356","1979-12-21","50.217","31.8","128.0","YAHOTYN, UP","    0",",,I",,,,,"  -20",",,S","   -2","H,,S"
"UPM00033356","1979-12-22","50.217","31.8","128.0","YAHOTYN, UP","   15",",,I",,,,,,,,
"UPM00033356","1979-12-23","50.217","31.8","128.0","YAHOTYN, UP","    0",",,I",,,,,,,"   -5","H,,S"
"UPM00033356","1979-12-24","50.217","31.8","128.0","YAHOTYN, UP","    0",",,I",,,"  -10",",,S",,,"  -46","H,,S"
"UPM00033356","1979-12-25","50.217","31.8","128.0","YAHOTYN, UP","    0",",,I","   20",",,S",,,"  -80",",,S","  -65","H,,S"
"UPM00033356","1979-12-26","50.217","31.8","128.0","YAHOTYN, UP","    0",",,I",,,,,,,"  -87","H,,S"
"UPM00033356","1979-12-27","50.217","31.8","128.0","YAHOTYN, UP","    0",",,I","   20",",,S",,," -120",",,S","  -88","H,,S"
"UPM00033356","1979-12-28","50.217","31.8","128.0","YAHOTYN, UP","    0",",,I","   41",",,S",,," -120",",,S","  -58","H,,S"
"UPM00033356","1979-12-29","50.217","31.8","128.0","YAHOTYN, UP","    0",",,I",,,,,,,,
"UPM00033356","1979-12-30","50.217","31.8","128.0","YAHOTYN, UP","    0",",,I",,,"  -20",",,S",,,"  -35","H,,S"
"UPM00033356","1979-12-31","50.217","31.8","128.0","YAHOTYN, UP","    4",",,I","   20",",,S","  -20",",,S",,,"  -35","H,,S"
"UPM00033356","1980-01-01","50.217","31.8","128.0","YAHOTYN, UP","  110",",,I","  119",",,S","   30",",,S","  -20",",,S","   10","H,,S"
"UPM00033356","1980-01-02","50.217","31.8","128.0","YAHOTYN, UP","   67",",,I",,,,,,,"  -10","H,,S"
"UPM00033356","1980-01-03","50.217","31.8","128.0","YAHOTYN, UP","    2",",,I",,,,,"  -50",",,S","  -30","H,,S"
"UPM00033356","1980-01-04","50.217","31.8","128.0","YAHOTYN, UP","  163",",,I",,,,,,,"    0","H,,S"
"UPM00033356","1980-01-05","50.217","31.8","128.0","YAHOTYN, UP","    8",",,I","   30",",,S","   20",",,S","    0",",,S","    4","H,,S"
"UPM00033356","1980-01-06","50.217","31.8","128.0","YAHOTYN, UP","   26",",,I",,,,,,,"  -22","H,,S"
"UPM00033356","1980-01-07","50.217","31.8","128.0","YAHOTYN, UP","    2",",,I","   41",",,S",,,,,"  -33","H,,S"
"UPM00033356","1980-01-08","50.217","31.8","128.0","YAHOTYN, UP","    0",",,I","   41",",,S",,," -140",",,S"," -112","H,,S"
"UPM00033356","1980-01-09","50.217","31.8","128.0","YAHOTYN, UP","    0",",,I","   41",",,S","  -70",",,S"," -120",",,S"," -108","H,,S"
"UPM00033356","1980-01-10","50.217","31.8","128.0","YAHOTYN, UP","    0",",,I","   41",",,S",,,,," -110","H,,S"
"UPM00033356","1980-01-11","50.217","31.8","128.0","YAHOTYN, UP","    0",",,I","   41",",,S",,,,," -108","H,,S"
"UPM00033356","1980-01-12","50.217","31.8","128.0","YAHOTYN, UP","    0",",,I","   41",",,S",,,,," -114","H,,S"
"UPM00033356","1980-01-13","50.217","31.8","128.0","YAHOTYN, UP","    2",",,I","   41",",,S",,," -180",",,S"," -126","H,,S"
"UPM00033356","1980-01-14","50.217","31.8","128.0","YAHOTYN, UP","    4",",,I",,,,,,,"  -67","H,,S"
"UPM00033356","1980-01-15","50.217","31.8","128.0","YAHOTYN, UP","    0",",,I","   51",",,S","  -50",",,S"," -130",",,S","  -87","H,,S"
"UPM00033356","1980-01-16","50.217","31.8","128.0","YAHOTYN, UP","    0",",,I","   51",",,S",,," -100",",,S","  -58","H,,S"
"UPM00033356","1980-01-17","50.217","31.8","128.0","YAHOTYN, UP","    0",",,I","   51",",,S","  -40",",,S",,," -102","H,,S"
"UPM00033356","1980-01-18","50.217","31.8","128.0","YAHOTYN, UP","    0",",,I","   51",",,S",,," -180",",,S"," -150","H,,S"
"UPM00033356","1980-01-19","50.217","31.8","128.0","YAHOTYN, UP","    0",",,I","   51",",,S",,," -140",",,S"," -120","H,,S"
"UPM00033356","1980-01-20","50.217","31.8","128.0","YAHOTYN, UP","    0",",,I",,,,,,,,
"UPM00033356","1980-01-21","50.217","31.8","128.0","YAHOTYN, UP","    0",",,I","   41",",,S",,,,," -126","H,,S"
"UPM00033356","1980-01-22","50.217","31.8","128.0","YAHOTYN, UP","    0",",,I","   41",",,S"," -110",",,S"," -190",",,S"," -160","H,,S"
"UPM00033356","1980-01-23","50.217","31.8","128.0","YAHOTYN, UP","    0",",,I",,,,,,,,
"UPM00033356","1980-01-24","50.217","31.8","128.0","YAHOTYN, UP","    8",",,I","   41",",,S",,," -160",",,S","  -70","H,,S"
"UPM00033356","1980-01-25","50.217","31.8","128.0","YAHOTYN, UP","    9",",,I",,,,,,,,
"UPM00033356","1980-01-26","50.217","31.8","128.0","YAHOTYN, UP","    0",",,I",,,"    0",",,S",,,"  -18","H,,S"
"UPM00033356","1980-01-27","50.217","31.8","128.0","YAHOTYN, UP","    0",",,I",,,,,,,,
"UPM00033356","1980-01-28","50.217","31.8","128.0","YAHOTYN, UP","    4",",,I","   61",",,S",,,,," -142","H,,S"
"UPM00033356","1980-01-29","50.217","31.8","128.0","YAHOTYN, UP","    0",",,I","   61",",,S"," -120",",,S",,," -174","H,,S"
"UPM00033356","1980-01-30","50.217","31.8","128.0","YAHOTYN, UP","    0",",,I",,,,,,," -145","H,,S"
"UPM00033356","1980-01-31","50.217","31.8","128.0","YAHOTYN, UP","   23",",,I",,,,,,,"  -24","H,,S"
"UPM00033356","1980-02-01","50.217","31.8","128.0","YAHOTYN, UP","    0",",,I",,,,,,,"   16","H,,S"
"UPM00033356","1980-02-02","50.217","31.8","128.0","YAHOTYN, UP","   21",",,I","   41",",,S","   10",",,S",,,"  -13","H,,S"
"UPM00033356","1980-02-03","50.217","31.8","128.0","YAHOTYN, UP","    0",",,I",,,,,,,"  -90","H,,S"
"UPM00033356","1980-02-04","50.217","31.8","128.0","YAHOTYN, UP","    0",",,I","   30",",,S",,,,,"  -38","H,,S"
"UPM00033356","1980-02-05","50.217","31.8","128.0","YAHOTYN, UP","   23",",,I","   41",",,S","   10",",,S","  -30",",,S","  -10","H,,S"
"UPM00033356","1980-02-06","50.217","31.8","128.0","YAHOTYN, UP","   25",",,I",,,"   10",",,S",,,"    0","H,,S"
"UPM00033356","1980-02-07","50.217","31.8","128.0","YAHOTYN, UP","   16",",,I",,,,,,,,
"UPM00033356","1980-02-08","50.217","31.8","128.0","YAHOTYN, UP","    1",",,I",,,,,,,,
"UPM00033356","1980-02-09","50.217","31.8","128.0","YAHOTYN, UP","   13",",,I",,,,,,,,
"UPM00033356","1980-02-10","50.217","31.8","128.0","YAHOTYN, UP","    0",",,I",,,,,,,,
"UPM00033356","1980-02-11","50.217","31.8","128.0","YAHOTYN, UP","    9",",,I",,,,,,,,
"UPM00033356","1980-02-12","50.217","31.8","128.0","YAHOTYN, UP","    0",",,I",,,"  -70",",,S",,," -113","H,,S"
"UPM00033356","1980-02-13","50.217","31.8","128.0","YAHOTYN, UP","    0",",,I",,,,,,,,
"UPM00033356","1980-02-14","50.217","31.8","128.0","YAHOTYN, UP","    0",",,I",,,,,,," -128","H,,S"
"UPM00033356","1980-02-15","50.217","31.8","128.0","YAHOTYN, UP","    0",",,I",,,,,,," -115","H,,S"
"UPM00033356","1980-02-16","50.217","31.8","128.0","YAHOTYN, UP","    0",",,I","   51",",,S",,," -180",",,S"," -136","H,,S"
"UPM00033356","1980-02-17","50.217","31.8","128.0","YAHOTYN, UP","    0",",,I","   51",",,S","  -90",",,S"," -180",",,S"," -136","H,,S"
"UPM00033356","1980-02-18","50.217","31.8","128.0","YAHOTYN, UP","    0",",,I",,,,,,,,
"UPM00033356","1980-02-19","50.217","31.8","128.0","YAHOTYN, UP","    0",",,I",,,"  -40",",,S",,,"  -95","H,,S"
"UPM00033356","1980-02-20","50.217","31.8","128.0","YAHOTYN, UP","    0",",,I",,,,,,,,
"UPM00033356","1980-02-21","50.217","31.8","128.0","YAHOTYN, UP","    0",",,I",,,,,,,"  -52","H,,S"
"UPM00033356","1980-02-22","50.217","31.8","128.0","YAHOTYN, UP","    0",",,I",,,,,,,,
"UPM00033356","1980-02-23","50.217","31.8","128.0","YAHOTYN, UP","    0",",,I","   51",",,S",,,,,"  -22","H,,S"
"UPM00033356","1980-02-24","50.217","31.8","128.0","YAHOTYN, UP","    0",",,I","   51",",,S",,,"  -60",",,S","  -55","H,,S"
"UPM00033356","1980-02-25","50.217","31.8","128.0","YAHOTYN, UP","    4",",,I","   41",",,S","   90",",,S","  -80",",,S","  -65","H,,S"
"UPM00033356","1980-02-26","50.217","31.8","128.0","YAHOTYN, UP","   11",",,I","   41",",,S","  -30",",,S","  -70",",,S","  -52","H,,S"
"UPM00033356","1980-02-27","50.217","31.8","128.0","YAHOTYN, UP","   18",",,I",,,,,,,,
"UPM00033356","1980-02-28","50.217","31.8","128.0","YAHOTYN, UP","    3",",,I",,,,,,,"  -78","H,,S"
"UPM00033356","1980-02-29","50.217","31.8","128.0","YAHOTYN, UP","   13",",,I",,,"  -60",",,S",,,"  -80","H,,S"
"UPM00033356","1980-03-01","50.217","31.8","128.0","YAHOTYN, UP","    5",",,I",,,,,,,"  -88","H,,S"
"UPM00033356","1980-03-02","50.217","31.8","128.0","YAHOTYN, UP","   17",",,I",,,,,,,,
"UPM00033356","1980-03-03","50.217","31.8","128.0","YAHOTYN, UP","    9",",,I",,,,,,,,
"UPM00033356","1980-03-04","50.217","31.8","128.0","YAHOTYN, UP","    0",",,I",,,"  -20",",,S","  -80",",,S","  -60","H,,S"
"UPM00033356","1980-03-05","50.217","31.8","128.0","YAHOTYN, UP","    0",",,I",,,,," -100",",,S","  -70","H,,S"
"UPM00033356","1980-03-06","50.217","31.8","128.0","YAHOTYN, UP","    0",",,I","  109",",,S",,," -120",",,S","  -84","H,,S"
"UPM00033356","1980-03-07","50.217","31.8","128.0","YAHOTYN, UP","    0",",,I",,,,," -130",",,S","  -52","H,,S"
"UPM00033356","1980-03-08","50.217","31.8","128.0","YAHOTYN, UP","    0",",,I","   99",",,S","  -10",",,S","  -60",",,S","  -30","H,,S"
"UPM00033356","1980-03-09","50.217","31.8","128.0","YAHOTYN, UP","    5",",,I",,,,,,,,
"UPM00033356","1980-03-10","50.217","31.8","128.0","YAHOTYN, UP","   21",",,I","   99",",,S","   20",",,S","  -30",",,S","   -3","H,,S"
"UPM00033356","1980-03-11","50.217","31.8","128.0","YAHOTYN, UP","   22",",,I","   99",",,S",,,"  -50",",,S","  -36","H,,S"
"UPM00033356","1980-03-12","50.217","31.8","128.0","YAHOTYN, UP","    2",",,I",,,,,,,,
"UPM00033356","1980-03-13","50.217","31.8","128.0","YAHOTYN, UP","    0",",,I","   99",",,S",,," -110",",,S","  -78","H,,S"
"UPM00033356","1980-03-14","50.217","31.8","128.0","YAHOTYN, UP","    0",",,I","   99",",,S","  -10",",,S"," -110",",,S","  -57","H,,S"
"UPM00033356","1980-03-15","50.217","31.8","128.0","YAHOTYN, UP","    0",",,I",,,"    0",",,S",,,"  -47","H,,S"
"UPM00033356","1980-03-16","50.217","31.8","128.0","YAHOTYN, UP","    0",",,I",,,,,,,"  -58","H,,S"
"UPM00033356","1980-03-17","50.217","31.8","128.0","YAHOTYN, UP","    0",",,I","   71",",,S",,," -110",",,S","  -36","H,,S"
"UPM00033356","1980-03-18","50.217","31.8","128.0","YAHOTYN, UP","    0",",,I","   51",",,S",,,"  -90",",,S","  -46","H,,S"
"UPM00033356","1980-03-19","50.217","31.8","128.0","YAHOTYN, UP","    1",",,I",,,"  -40",",,S",,,"  -73","H,,S"
"UPM00033356","1980-03-20","50.217","31.8","128.0","YAHOTYN, UP","    0",",,I","   41",",,S",,," -130",",,S"," -100","H,,S"
"UPM00033356","1980-03-21","50.217","31.8","128.0","YAHOTYN, UP","   89",",,I","   41",",,S","  -50",",,S","  -80",",,S","  -60","H,,S"
"UPM00033356","1980-03-22","50.217","31.8","128.0","YAHOTYN, UP","  104",",,I",,,,,,,"  -45","H,,S"
"UPM00033356","1980-03-23","50.217","31.8","128.0","YAHOTYN, UP","    0",",,I",,,"  -30",",,S",,,"  -90","H,,S"
"UPM00033356","1980-03-24","50.217","31.8","128.0","YAHOTYN, UP","    0",",,I",,,"  -40",",,S",,,"  -72","H,,S"
"UPM00033356","1980-03-25","50.217","31.8","128.0","YAHOTYN, UP","   65",",,I","  160",",,S","  -20",",,S","  -60",",,S","  -39","H,,S"
"UPM00033356","1980-03-26","50.217","31.8","128.0","YAHOTYN, UP","   72",",,I","  221",",,S",,,"  -30",",,S","  -16","H,,S"
"UPM00033356","1980-03-27","50.217","31.8","128.0","YAHOTYN, UP","    6",",,I","  239",",,S","   10",",,S","  -30",",,S","  -15","H,,S"
"UPM00033356","1980-03-28","50.217","31.8","128.0","YAHOTYN, UP","    0",",,I","  231",",,S","   30",",,S",,,"    0","H,,S"
"UPM00033356","1980-03-29","50.217","31.8","128.0","YAHOTYN, UP","    0",",,I",,,"   40",",,S",,,"   14","H,,S"
"UPM00033356","1980-03-30","50.217","31.8","128.0","YAHOTYN, UP","    0",",,I",,,,,,,,
"UPM00033356","1980-03-31","50.217","31.8","128.0","YAHOTYN, UP","   84",",,I","   99",",,S","   10",",,S","  -20",",,S","    3","H,,S"
"UPM00033356","1980-04-01","50.217","31.8","128.0","YAHOTYN, UP","   19",",,I",,,"   60",",,S",,,"   26","H,,S"
"UPM00033356","1980-04-02","50.217","31.8","128.0","YAHOTYN, UP","    0",",,I","   61",",,S","   90",",,S","    0",",,S","   27","H,,S"
"UPM00033356","1980-04-03","50.217","31.8","128.0","YAHOTYN, UP","    0",",,I","   30",",,S","   90",",,S","   20",",,S","   40","H,,S"
"UPM00033356","1980-04-04","50.217","31.8","128.0","YAHOTYN, UP","    0",",,I",,,"   70",",,S","   10",",,S","   35","H,,S"
"UPM00033356","1980-04-05","50.217","31.8","128.0","YAHOTYN, UP","    2",",,I",,,"   40",",,S",,,"   24","H,,S"
"UPM00033356","1980-04-06","50.217","31.8","128.0","YAHOTYN, UP","    1",",,I",,,,,,,,
"UPM00033356","1980-04-07","50.217","31.8","128.0","YAHOTYN, UP","    0",",,I",,,"   80",",,S","    0",",,S","   22","H,,S"
"UPM00033356","1980-04-08","50.217","31.8","128.0","YAHOTYN, UP","   33",",,I",,,,,"    0",",,S","    8","H,,S"
"UPM00033356","1980-04-09","50.217","31.8","128.0","YAHOTYN, UP","   27",",,I",,,"   50",",,S","    0",",,S","   23","H,,S"
"UPM00033356","1980-04-10","50.217","31.8","128.0","YAHOTYN, UP","    0",",,I",,,"  100",",,S","   10",",,S","   32","H,,S"
"UPM00033356","1980-04-11","50.217","31.8","128.0","YAHOTYN, UP","   11",",,I",,,"   90",",,S","    0",",,S","   48","H,,S"
"UPM00033356","1980-04-12","50.217","31.8","128.0","YAHOTYN, UP","   67",",,I",,,,,,,"   34","H,,S"
"UPM00033356","1980-04-13","50.217","31.8","128.0","YAHOTYN, UP","    1",",,I",,,,,"    0",",,S","   55","H,,S"
"UPM00033356","1980-04-14","50.217","31.8","128.0","YAHOTYN, UP","   10",",,I",,,,,,,,
"UPM00033356","1980-04-15","50.217","31.8","128.0","YAHOTYN, UP","    0",",,I",,,"   80",",,S","    0",",,S","   25","H,,S"
"UPM00033356","1980-04-16","50.217","31.8","128.0","YAHOTYN, UP","    0",",,I",,,"   80",",,S","  -10",",,S","   32","H,,S"
"UPM00033356","1980-04-17","50.217","31.8","128.0","YAHOTYN, UP","    0",",,I",,,,,"    0",",,S","   30","H,,S"
"UPM00033356","1980-04-18","50.217","31.8","128.0","YAHOTYN, UP","    0",",,I",,,"  160",",,S","  -10",",,S","   52","H,,S"
"UPM00033356","1980-04-19","50.217","31.8","128.0","YAHOTYN, UP","    9",",,I",,,,,"   50",",,S","   68","H,,S"
"UPM00033356","1980-04-20","50.217","31.8","128.0","YAHOTYN, UP","    0",",,I",,,"  130",",,S",,,"   65","H,,S"
"UPM00033356","1980-04-21","50.217","31.8","128.0","YAHOTYN, UP","   12",",,I",,,"  140",",,S",,,"   97","H,,S"
"UPM00033356","1980-04-22","50.217","31.8","128.0","YAHOTYN, UP","    1",",,I",,,"  140",",,S","   90",",,S","  112","H,,S"
"UPM00033356","1980-04-23","50.217","31.8","128.0","YAHOTYN, UP","    0",",,I",,,,,"   80",",,S","  110","H,,S"
"UPM00033356","1980-04-24","50.217","31.8","128.0","YAHOTYN, UP","  186",",,I",,,"  100",",,S",,,"   87","H,,S"
"UPM00033356","1980-04-25","50.217","31.8","128.0","YAHOTYN, UP","    4",",,I",,,,,"   30",",,S","   84","H,,S"
"UPM00033356","1980-04-26","50.217","31.8","128.0","YAHOTYN, UP","    0",",,I",,,,,,,"  110","H,,S"
"UPM00033356","1980-04-27","50.217","31.8","128.0","YAHOTYN, UP","  108",",,I",,,"  110",",,S","   80",",,S","   94","H,,S"
"UPM00033356","1980-04-28","50.217","31.8","128.0","YAHOTYN, UP","    3",",,I",,,,,,,"  100","H,,S"
"UPM00033356","1980-04-29","50.217","31.8","128.0","YAHOTYN, UP","    0",",,I",,,,,,,,
"UPM00033356","1980-04-30","50.217","31.8","128.0","YAHOTYN, UP","    0",",,I",,,"  220",",,S",,,"  150","H,,S"
"UPM00033356","1980-05-01","50.217","31.8","128.0","YAHOTYN, UP","  162",",,I",,,,,"  100",",,S","  142","H,,S"
"UPM00033356","1980-05-02","50.217","31.8","128.0","YAHOTYN, UP","    8",",,I",,,,,,,,
"UPM00033356","1980-05-03","50.217","31.8","128.0","YAHOTYN, UP","    1",",,I",,,,,,,"   62","H,,S"
"UPM00033356","1980-05-04","50.217","31.8","128.0","YAHOTYN, UP","    0",",,I",,,,,"   20",",,S","   63","H,,S"
"UPM00033356","1980-05-05","50.217","31.8","128.0","YAHOTYN, UP","    0",",,I",,,"  130",",,S",,,"   67","H,,S"
"UPM00033356","1980-05-06","50.217","31.8","128.0","YAHOTYN, UP","   34",",,I",,,"  110",",,S",,,"   80","H,,S"
"UPM00033356","1980-05-07","50.217","31.8","128.0","YAHOTYN, UP","    3",",,I",,,"  160",",,S","   70",",,S","  116","H,,S"
"UPM00033356","1980-05-08","50.217","31.8","128.0","YAHOTYN, UP","   23",",,I",,,,,,,,
"UPM00033356","1980-05-09","50.217","31.8","128.0","YAHOTYN, UP","    0",",,I",,,"  240",",,S","  110",",,S","  163","H,,S"
"UPM00033356","1980-05-10","50.217","31.8","128.0","YAHOTYN, UP","   39",",,I",,,,,,,"  152","H,,S"
"UPM00033356","1980-05-11","50.217","31.8","128.0","YAHOTYN, UP","   55",",,I",,,,,,,"  112","H,,S"
"UPM00033356","1980-05-12","50.217","31.8","128.0","YAHOTYN, UP","    0",",,I",,,"   90",",,S",,,"   63","H,,S"
"UPM00033356","1980-05-13","50.217","31.8","128.0","YAHOTYN, UP","    0",",,I",,,"   90",",,S",,,"   48","H,,S"
"UPM00033356","1980-05-14","50.217","31.8","128.0","YAHOTYN, UP","    0",",,I",,,,,"    0",",,S","   54","H,,S"
"UPM00033356","1980-05-15","50.217","31.8","128.0","YAHOTYN, UP","    0",",,I",,,,,"   40",",,S","   70","H,,S"
"UPM00033356","1980-05-16","50.217","31.8","128.0","YAHOTYN, UP","    0",",,I",,,"  170",",,S","   20",",,S","  103","H,,S"
"UPM00033356","1980-05-17","50.217","31.8","128.0","YAHOTYN, UP","    0",",,I",,,,,,,"  132","H,,S"
"UPM00033356","1980-05-18","50.217","31.8","128.0","YAHOTYN, UP","    0",",,I",,,"  180",",,S","  100",",,S","  130","H,,S"
"UPM00033356","1980-05-19","50.217","31.8","128.0","YAHOTYN, UP","    7",",,I",,,"  200",",,S",,,"  133","H,,S"
"UPM00033356","1980-05-20","50.217","31.8","128.0","YAHOTYN, UP","   58",",,I",,,"  160",",,S","  100",",,S","  132","H,,S"
"UPM00033356","1980-05-21","50.217","31.8","128.0","YAHOTYN, UP","    0",",,I",,,,,,,"   76","H,,S"
"UPM00033356","1980-05-22","50.217","31.8","128.0","YAHOTYN, UP","    0",",,I",,,,,,,,
"UPM00033356","1980-05-23","50.217","31.8","128.0","YAHOTYN, UP","   32",",,I",,,,,,,"   57","H,,S"
"UPM00033356","1980-05-24","50.217","31.8","128.0","YAHOTYN, UP","    0",",,I",,,"  150",",,S",,,"   90","H,,S"
"UPM00033356","1980-05-25","50.217","31.8","128.0","YAHOTYN, UP","   14",",,I",,,"  210",",,S","   80",",,S","   98","H,,S"
"UPM00033356","1980-05-26","50.217","31.8","128.0","YAHOTYN, UP","   28",",,I",,,,,"   90",",,S","  108","H,,S"
"UPM00033356","1980-05-27","50.217","31.8","128.0","YAHOTYN, UP","    0",",,I",,,"  180",",,S","   80",",,S","  134","H,,S"
"UPM00033356","1980-05-28","50.217","31.8","128.0","YAHOTYN, UP","    0",",,I",,,"  220",",,S","   60",",,S","  150","H,,S"
"UPM00033356","1980-05-29","50.217","31.8","128.0","YAHOTYN, UP","    8",",,I",,,,,,,"  165","H,,S"
"UPM00033356","1980-05-30","50.217","31.8","128.0","YAHOTYN, UP","    0",",,I",,,"  250",",,S","  140",",,S","  182","H,,S"
"UPM00033356","1980-05-31","50.217","31.8","128.0","YAHOTYN, UP","    0",",,I",,,,,"  130",",,S","  202","H,,S"
"UPM00033356","1980-06-01","50.217","31.8","128.0","YAHOTYN, UP","    0",",,I",,,"  260",",,S","  150",",,S","  193","H,,S"
"UPM00033356","1980-06-02","50.217","31.8","128.0","YAHOTYN, UP","    3",",,I",,,"  210",",,S","  110",",,S","  161","H,,S"
"UPM00033356","1980-06-03","50.217","31.8","128.0","YAHOTYN, UP","  476",",,I",,,"  150",",,S",,,"  130","H,,S"
"UPM00033356","1980-06-04","50.217","31.8","128.0","YAHOTYN, UP","    1",",,I",,,,,,,"  124","H,,S"
"UPM00033356","1980-06-05","50.217","31.8","128.0","YAHOTYN, UP","  113",",,I",,,"  150",",,S",,,"  128","H,,S"
"UPM00033356","1980-06-06","50.217","31.8","128.0","YAHOTYN, UP","    0",",,I",,,"  180",",,S","  110",",,S","  148","H,,S"
"UPM00033356","1980-06-07","50.217","31.8","128.0","YAHOTYN, UP","   61",",,I",,,"  210",",,S","  110",",,S","  154","H,,S"
"UPM00033356","1980-06-08","50.217","31.8","128.0","YAHOTYN, UP","  138",",,I",,,"  220",",,S","  130",",,S","  164","H,,S"
"UPM00033356","1980-06-09","50.217","31.8","128.0","YAHOTYN, UP","    0",",,I",,,,,"  120",",,S","  170","H,,S"
"UPM00033356","1980-06-10","50.217","31.8","128.0","YAHOTYN, UP","    0",",,I",,,,,"  130",",,S","  208","H,,S"
"UPM00033356","1980-06-11","50.217","31.8","128.0","YAHOTYN, UP","    0",",,I",,,,,"  140",",,S","  173","H,,S"
"UPM00033356","1980-06-12","50.217","31.8","128.0","YAHOTYN, UP","   44",",,I",,,,,"  160",",,S","  185","H,,S"
"UPM00033356","1980-06-13","50.217","31.8","128.0","YAHOTYN, UP","    0",",,I",,,"  220",",,S",,,"  174","H,,S"
"UPM00033356","1980-06-14","50.217","31.8","128.0","YAHOTYN, UP","    0",",,I",,,"  200",",,S","  120",",,S","  165","H,,S"
"UPM00033356","1980-06-15","50.217","31.8","128.0","YAHOTYN, UP","    0",",,I",,,,,"   80",",,S","  153","H,,S"
"UPM00033356","1980-06-16","50.217","31.8","128.0","YAHOTYN, UP","    4",",,I",,,"  170",",,S","  120",",,S","  145","H,,S"
"UPM00033356","1980-06-17","50.217","31.8","128.0","YAHOTYN, UP","    2",",,I",,,,,"  130",",,S","  144","H,,S"
"UPM00033356","1980-06-18","50.217","31.8","128.0","YAHOTYN, UP","    0",",,I",,,,,,,"  172","H,,S"
"UPM00033356","1980-06-19","50.217","31.8","128.0","YAHOTYN, UP","    0",",,I",,,,,"  110",",,S","  178","H,,S"
"UPM00033356","1980-06-20","50.217","31.8","128.0","YAHOTYN, UP","    0",",,I",,,,,,,"  200","H,,S"
"UPM00033356","1980-06-21","50.217","31.8","128.0","YAHOTYN, UP","    0",",,I",,,"  270",",,S","  140",",,S","  205","H,,S"
"UPM00033356","1980-06-22","50.217","31.8","128.0","YAHOTYN, UP","    0",",,I",,,"  270",",,S","  150",",,S","  185","H,,S"
"UPM00033356","1980-06-23","50.217","31.8","128.0","YAHOTYN, UP","   14",",,I",,,"  270",",,S","  150",",,S","  207","H,,S"
"UPM00033356","1980-06-24","50.217","31.8","128.0","YAHOTYN, UP","   38",",,I",,,"  280",",,S","  170",",,S","  222","H,,S"
"UPM00033356","1980-06-25","50.217","31.8","128.0","YAHOTYN, UP","    8",",,I",,,,,,,"  200","H,,S"
"UPM00033356","1980-06-26","50.217","31.8","128.0","YAHOTYN, UP","   26",",,I",,,"  230",",,S","  170",",,S","  198","H,,S"
"UPM00033356","1980-06-27","50.217","31.8","128.0","YAHOTYN, UP","   12",",,I",,,"  220",",,S",,,"  157","H,,S"
"UPM00033356","1980-06-28","50.217","31.8","128.0","YAHOTYN, UP","   42",",,I",,,,,"  150",",,S","  162","H,,S"
"UPM00033356","1980-06-29","50.217","31.8","128.0","YAHOTYN, UP","   79",",,I",,,,,"  110",",,S","  134","H,,S"
"UPM00033356","1980-06-30","50.217","31.8","128.0","YAHOTYN, UP","    0",",,I",,,,,"  100",",,S","  152","H,,S"
"UPM00033356","1980-07-01","50.217","31.8","128.0","YAHOTYN, UP","   54",",,I",,,"  180",",,S","  140",",,S","  153","H,,S"
"UPM00033356","1980-07-02","50.217","31.8","128.0","YAHOTYN, UP","    0",",,I",,,,,"  110",",,S","  164","H,,S"
"UPM00033356","1980-07-03","50.217","31.8","128.0","YAHOTYN, UP","   25",",,I",,,"  230",",,S","  130",",,S","  178","H,,S"
"UPM00033356","1980-07-04","50.217","31.8","128.0","YAHOTYN, UP","   10",",,I",,,,,"  140",",,S","  174","H,,S"
"UPM00033356","1980-07-05","50.217","31.8","128.0","YAHOTYN, UP","   35",",,I",,,,,"  130",",,S","  160","H,,S"
"UPM00033356","1980-07-06","50.217","31.8","128.0","YAHOTYN, UP","   92",",,I",,,,,,,"  180","H,,S"
"UPM00033356","1980-07-07","50.217","31.8","128.0","YAHOTYN, UP","   10",",,I",,,"  220",",,S",,,"  153","H,,S"
"UPM00033356","1980-07-08","50.217","31.8","128.0","YAHOTYN, UP","    0",",,I",,,"  240",",,S","  110",",,S","  178","H,,S"
"UPM00033356","1980-07-09","50.217","31.8","128.0","YAHOTYN, UP","    0",",,I",,,"  280",",,S",,,"  232","H,,S"
"UPM00033356","1980-07-10","50.217","31.8","128.0","YAHOTYN, UP","    0",",,I",,,"  290",",,S","  180",",,S","  235","H,,S"
"UPM00033356","1980-07-11","50.217","31.8","128.0","YAHOTYN, UP","    0",",,I",,,,,"  150",",,S","  197","H,,S"
"UPM00033356","1980-07-12","50.217","31.8","128.0","YAHOTYN, UP","   12",",,I",,,"  230",",,S","  160",",,S","  182","H,,S"
"UPM00033356","1980-07-13","50.217","31.8","128.0","YAHOTYN, UP","  270",",,I",,,"  180",",,S",,,"  134","H,,S"
"UPM00033356","1980-07-14","50.217","31.8","128.0","YAHOTYN, UP","    0",",,I",,,"  200",",,S","  120",",,S","  153","H,,S"
"UPM00033356","1980-07-15","50.217","31.8","128.0","YAHOTYN, UP","    0",",,I",,,"  220",",,S","  110",",,S","  162","H,,S"
"UPM00033356","1980-07-16","50.217","31.8","128.0","YAHOTYN, UP","    1",",,I",,,,,,,,
"UPM00033356","1980-07-17","50.217","31.8","128.0","YAHOTYN, UP","    0",",,I",,,,,,,,
"UPM00033356","1980-07-18","50.217","31.8","128.0","YAHOTYN, UP","   71",",,I",,,"  210",",,S","  150",",,S","  177","H,,S"
"UPM00033356","1980-07-19","50.217","31.8","128.0","YAHOTYN, UP","    6",",,I",,,,,"  100",",,S","  162","H,,S"
"UPM00033356","1980-07-20","50.217","31.8","128.0","YAHOTYN, UP","    0",",,I",,,"  240",",,S","  120",",,S","  189","H,,S"
"UPM00033356","1980-07-21","50.217","31.8","128.0","YAHOTYN, UP","    0",",,I",,,"  270",",,S","  170",",,S","  217","H,,S"
"UPM00033356","1980-07-22","50.217","31.8","128.0","YAHOTYN, UP","  392",",,I",,,"  300",",,S",,,"  228","H,,S"
"UPM00033356","1980-07-23","50.217","31.8","128.0","YAHOTYN, UP","    1",",,I",,,"  280",",,S","  180",",,S","  230","H,,S"
"UPM00033356","1980-07-24","50.217","31.8","128.0","YAHOTYN, UP","  233",",,I",,,,,"  160",",,S","  203","H,,S"
"UPM00033356","1980-07-25","50.217","31.8","128.0","YAHOTYN, UP","   47",",,I",,,"  230",",,S",,,"  191","H,,S"
"UPM00033356","1980-07-26","50.217","31.8","128.0","YAHOTYN, UP","    4",",,I",,,,,,,,
"UPM00033356","1980-07-27","50.217","31.8","128.0","YAHOTYN, UP","   32",",,I",,,,,"  180",",,S","  227","H,,S"
"UPM00033356","1980-07-28","50.217","31.8","128.0","YAHOTYN, UP","    0",",,I",,,"  240",",,S","  160",",,S","  192","H,,S"
"UPM00033356","1980-07-29","50.217","31.8","128.0","YAHOTYN, UP","    0",",,I",,,"  250",",,S","  160",",,S","  185","H,,S"
"UPM00033356","1980-07-30","50.217","31.8","128.0","YAHOTYN, UP","    0",",,I",,,,,,,,
"UPM00033356","1980-07-31","50.217","31.8","128.0","YAHOTYN, UP","   60",",,I",,,"  280",",,S","  160",",,S","  215","H,,S"
"UPM00033356","1980-08-01","50.217","31.8","128.0","YAHOTYN, UP","    0",",,I",,,"  250",",,S","  150",",,S","  192","H,,S"
"UPM00033356","1980-08-02","50.217","31.8","128.0","YAHOTYN, UP","    0",",,I",,,,,"  120",",,S","  183","H,,S"
"UPM00033356","1980-08-03","50.217","31.8","128.0","YAHOTYN, UP","    0",",,I",,,"  280",",,S",,,"  223","H,,S"
"UPM00033356","1980-08-04","50.217","31.8","128.0","YAHOTYN, UP","    0",",,I",,,"  280",",,S","  150",",,S","  223","H,,S"
"UPM00033356","1980-08-05","50.217","31.8","128.0","YAHOTYN, UP","    0",",,I",,,,,"  160",",,S","  211","H,,S"
"UPM00033356","1980-08-06","50.217","31.8","128.0","YAHOTYN, UP","    1",",,I",,,,,,,,
"UPM00033356","1980-08-07","50.217","31.8","128.0","YAHOTYN, UP","    0",",,I",,,"  230",",,S","  150",",,S","  193","H,,S"
"UPM00033356","1980-08-08","50.217","31.8","128.0","YAHOTYN, UP","    0",",,I",,,"  250",",,S","  130",",,S","  196","H,,S"
"UPM00033356","1980-08-09","50.217","31.8","128.0","YAHOTYN, UP","   26",",,I",,,"  280",",,S",,,"  223","H,,S"
"UPM00033356","1980-08-10","50.217","31.8","128.0","YAHOTYN, UP","  177",",,I",,,"  210",",,S",,,"  177","H,,S"
"UPM00033356","1980-08-11","50.217","31.8","128.0","YAHOTYN, UP","   69",",,I",,,"  200",",,S","  120",",,S","  142","H,,S"
"UPM00033356","1980-08-12","50.217","31.8","128.0","YAHOTYN, UP","    0",",,I",,,"  210",",,S","  100",",,S","  145","H,,S"
"UPM00033356","1980-08-13","50.217","31.8","128.0","YAHOTYN, UP","   52",",,I",,,"  240",",,S",,,"  182","H,,S"
"UPM00033356","1980-08-14","50.217","31.8","128.0","YAHOTYN, UP","    0",",,I",,,"  260",",,S","  140",",,S","  197","H,,S"
"UPM00033356","1980-08-15","50.217","31.8","128.0","YAHOTYN, UP","    0",",,I",,,"  230",",,S","  120",",,S","  200","H,,S"
"UPM00033356","1980-08-16","50.217","31.8","128.0","YAHOTYN, UP","  754",",,I",,,,,,,"  172","H,,S"
"UPM00033356","1980-08-17","50.217","31.8","128.0","YAHOTYN, UP","   26",",,I",,,"  160",",,S",,,"  134","H,,S"
"UPM00033356","1980-08-18","50.217","31.8","128.0","YAHOTYN, UP","   18",",,I",,,"  150",",,S","  120",",,S","  128","H,,S"
"UPM00033356","1980-08-19","50.217","31.8","128.0","YAHOTYN, UP","    0",",,I",,,"  200",",,S","  110",",,S","  152","H,,S"
"UPM00033356","1980-08-20","50.217","31.8","128.0","YAHOTYN, UP","   31",",,I",,,"  220",",,S","  130",",,S","  173","H,,S"
"UPM00033356","1980-08-21","50.217","31.8","128.0","YAHOTYN, UP","    0",",,I",,,"  200",",,S","  110",",,S","  157","H,,S"
"UPM00033356","1980-08-22","50.217","31.8","128.0","YAHOTYN, UP","    8",",,I",,,"  190",",,S","  140",",,S","  167","H,,S"
"UPM00033356","1980-08-23","50.217","31.8","128.0","YAHOTYN, UP","    0",",,I",,,,,"  110",",,S","  128","H,,S"
"UPM00033356","1980-08-24","50.217","31.8","128.0","YAHOTYN, UP","    0",",,I",,,"  180",",,S",,,"  140","H,,S"
"UPM00033356","1980-08-25","50.217","31.8","128.0","YAHOTYN, UP","    1",",,I",,,"  150",",,S",,,"  120","H,,S"
"UPM00033356","1980-08-26","50.217","31.8","128.0","YAHOTYN, UP","    0",",,I",,,"  170",",,S","   80",",,S","  112","H,,S"
"UPM00033356","1980-08-27","50.217","31.8","128.0","YAHOTYN, UP","    6",",,I",,,"  180",",,S","   80",",,S","  132","H,,S"
"UPM00033356","1980-08-28","50.217","31.8","128.0","YAHOTYN, UP","    0",",,I",,,,,,,"  135","H,,S"
"UPM00033356","1980-08-29","50.217","31.8","128.0","YAHOTYN, UP","    0",",,I",,,"  210",",,S",,,"  134","H,,S"
"UPM00033356","1980-08-30","50.217","31.8","128.0","YAHOTYN, UP","    0",",,I",,,,,"  150",",,S","  183","H,,S"
"UPM00033356","1980-08-31","50.217","31.8","128.0","YAHOTYN, UP","    0",",,I",,,"  260",",,S","  130",",,S","  189","H,,S"
"UPM00033356","1980-09-01","50.217","31.8","128.0","YAHOTYN, UP","    0",",,I",,,,,"  110",",,S","  195","H,,S"
"UPM00033356","1980-09-02","50.217","31.8","128.0","YAHOTYN, UP","    0",",,I",,,"  180",",,S",,,"  133","H,,S"
"UPM00033356","1980-09-03","50.217","31.8","128.0","YAHOTYN, UP","    0",",,I",,,"  180",",,S",,,"  127","H,,S"
"UPM00033356","1980-09-04","50.217","31.8","128.0","YAHOTYN, UP","    0",",,I",,,,,,,"  138","H,,S"
"UPM00033356","1980-09-05","50.217","31.8","128.0","YAHOTYN, UP","    0",",,I",,,"  220",",,S",,,"  143","H,,S"
"UPM00033356","1980-09-06","50.217","31.8","128.0","YAHOTYN, UP","    0",",,I",,,"  240",",,S","   90",",,S","  146","H,,S"
"UPM00033356","1980-09-07","50.217","31.8","128.0","YAHOTYN, UP","    0",",,I",,,"  250",",,S","  130",",,S","  185","H,,S"
"UPM00033356","1980-09-08","50.217","31.8","128.0","YAHOTYN, UP","    0",",,I",,,,,,,,
"UPM00033356","1980-09-09","50.217","31.8","128.0","YAHOTYN, UP","    0",",,I",,,"  260",",,S","  140",",,S","  189","H,,S"
"UPM00033356","1980-09-10","50.217","31.8","128.0","YAHOTYN, UP","    0",",,I",,,"  250",",,S","  120",",,S","  170","H,,S"
"UPM00033356","1980-09-11","50.217","31.8","128.0","YAHOTYN, UP","   37",",,I",,,"  260",",,S","  110",",,S","  168","H,,S"
"UPM00033356","1980-09-12","50.217","31.8","128.0","YAHOTYN, UP","    9",",,I",,,,,,,"  140","H,,S"
"UPM00033356","1980-09-13","50.217","31.8","128.0","YAHOTYN, UP","    0",",,I",,,,,"  100",",,S","  135","H,,S"
"UPM00033356","1980-09-14","50.217","31.8","128.0","YAHOTYN, UP","    1",",,I",,,,,,,,
"UPM00033356","1980-09-15","50.217","31.8","128.0","YAHOTYN, UP","   24",",,I",,,"  190",",,S","   80",",,S","  118","H,,S"
"UPM00033356","1980-09-16","50.217","31.8","128.0","YAHOTYN, UP","   55",",,I",,,"  160",",,S","   90",",,S","  113","H,,S"
"UPM00033356","1980-09-17","50.217","31.8","128.0","YAHOTYN, UP","   25",",,I",,,"  150",",,S",,,"  125","H,,S"
"UPM00033356","1980-09-18","50.217","31.8","128.0","YAHOTYN, UP","    0",",,I",,,"  170",",,S","  120",",,S","  138","H,,S"
"UPM00033356","1980-09-19","50.217","31.8","128.0","YAHOTYN, UP","   10",",,I",,,,,"  100",",,S","  126","H,,S"
"UPM00033356","1980-09-20","50.217","31.8","128.0","YAHOTYN, UP","    0",",,I",,,,,,,"  124","H,,S"
"UPM00033356","1980-09-21","50.217","31.8","128.0","YAHOTYN, UP","    1",",,I",,,,,"   60",",,S","  123","H,,S"
"UPM00033356","1980-09-22","50.217","31.8","128.0","YAHOTYN, UP","    3",",,I",,,"  200",",,S",,,"  126","H,,S"
"UPM00033356","1980-09-23","50.217","31.8","128.0","YAHOTYN, UP","    4",",,I",,,,,,,"  114","H,,S"
"UPM00033356","1980-09-24","50.217","31.8","128.0","YAHOTYN, UP","    0",",,I",,,"  160",",,S",,,"   88","H,,S"
"UPM00033356","1980-09-25","50.217","31.8","128.0","YAHOTYN, UP","    0",",,I",,,"  160",",,S","    0",",,S","   72","H,,S"
"UPM00033356","1980-09-26","50.217","31.8","128.0","YAHOTYN, UP","    0",",,I",,,"  170",",,S","   20",",,S","  118","H,,S"
"UPM00033356","1980-09-27","50.217","31.8","128.0","YAHOTYN, UP","    6",",,I",,,"  160",",,S",,,"  117","H,,S"
"UPM00033356","1980-09-28","50.217","31.8","128.0","YAHOTYN, UP","   13",",,I",,,"  150",",,S",,,"  117","H,,S"
"UPM00033356","1980-09-29","50.217","31.8","128.0","YAHOTYN, UP","   62",",,I",,,"  110",",,S","   70",",,S","   88","H,,S"
"UPM00033356","1980-09-30","50.217","31.8","128.0","YAHOTYN, UP","   16",",,I",,,,,,,"   76","H,,S"
"UPM00033356","1980-10-01","50.217","31.8","128.0","YAHOTYN, UP","    0",",,I",,,,,,,"   64","H,,S"
"UPM00033356","1980-10-02","50.217","31.8","128.0","YAHOTYN, UP","    0",",,I",,,,,"   60",",,S","   96","H,,S"
"UPM00033356","1980-10-03","50.217","31.8","128.0","YAHOTYN, UP","   18",",,I",,,,,,,,
"UPM00033356","1980-10-04","50.217","31.8","128.0","YAHOTYN, UP","    6",",,I",,,,,"   20",",,S","   95","H,,S"
"UPM00033356","1980-10-05","50.217","31.8","128.0","YAHOTYN, UP","    0",",,I",,,"  110",",,S",,,"   70","H,,S"
"UPM00033356","1980-10-06","50.217","31.8","128.0","YAHOTYN, UP","    0",",,I",,,,,"   50",",,S","   72","H,,S"
"UPM00033356","1980-10-07","50.217","31.8","128.0","YAHOTYN, UP","    0",",,I",,,,,"   60",",,S","   72","H,,S"
"UPM00033356","1980-10-08","50.217","31.8","128.0","YAHOTYN, UP","    0",",,I",,,,,"   70",",,S","  105","H,,S"
"UPM00033356","1980-10-09","50.217","31.8","128.0","YAHOTYN, UP","    0",",,I",,,"  180",",,S",,,"  124","H,,S"
"UPM00033356","1980-10-10","50.217","31.8","128.0","YAHOTYN, UP","    0",",,I",,,,,"   90",",,S","  118","H,,S"
"UPM00033356","1980-10-11","50.217","31.8","128.0","YAHOTYN, UP","   39",",,I",,,,,,,"   90","H,,S"
"UPM00033356","1980-10-12","50.217","31.8","128.0","YAHOTYN, UP","   11",",,I",,,,,,,,
"UPM00033356","1980-10-13","50.217","31.8","128.0","YAHOTYN, UP","    0",",,I",,,,,,,"   80","H,,S"
"UPM00033356","1980-10-14","50.217","31.8","128.0","YAHOTYN, UP","   13",",,I",,,"  120",",,S",,,"   86","H,,S"
"UPM00033356","1980-10-15","50.217","31.8","128.0","YAHOTYN, UP","    8",",,I",,,"  150",",,S",,,"  110","H,,S"
"UPM00033356","1980-10-16","50.217","31.8","128.0","YAHOTYN, UP","    0",",,I",,,"  170",",,S",,,"  118","H,,S"
"UPM00033356","1980-10-17","50.217","31.8","128.0","YAHOTYN, UP","   33",",,I",,,"  120",",,S","   80",",,S","   93","H,,S"
"UPM00033356","1980-10-18","50.217","31.8","128.0","YAHOTYN, UP","    0",",,I",,,,,,,,
"UPM00033356","1980-10-19","50.217","31.8","128.0","YAHOTYN, UP","    0",",,I",,,,,,,"   70","H,,S"
"UPM00033356","1980-10-20","50.217","31.8","128.0","YAHOTYN, UP","    5",",,I",,,"  110",",,S",,,"   86","H,,S"
"UPM00033356","1980-10-21","50.217","31.8","128.0","YAHOTYN, UP","   64",",,I",,,"   90",",,S",,,"   70","H,,S"
"UPM00033356","1980-10-22","50.217","31.8","128.0","YAHOTYN, UP","    0",",,I",,,"  100",",,S","  -10",",,S","   23","H,,S"
"UPM00033356","1980-10-23","50.217","31.8","128.0","YAHOTYN, UP","    0",",,I",,,,,"   10",",,S","   48","H,,S"
"UPM00033356","1980-10-24","50.217","31.8","128.0","YAHOTYN, UP","    0",",,I",,,"  100",",,S",,,"   73","H,,S"
"UPM00033356","1980-10-25","50.217","31.8","128.0","YAHOTYN, UP","    0",",,I",,,,,"   10",",,S","   82","H,,S"
"UPM00033356","1980-10-26","50.217","31.8","128.0","YAHOTYN, UP","   18",",,I",,,,,,,"   82","H,,S"
"UPM00033356","1980-10-27","50.217","31.8","128.0","YAHOTYN, UP","    3",",,I",,,,,,,"   12","H,,S"
"UPM00033356","1980-10-28","50.217","31.8","128.0","YAHOTYN, UP","   12",",,I",,,"  110",",,S",,,"   -4","H,,S"
"UPM00033356","1980-10-29","50.217","31.8","128.0","YAHOTYN, UP","    3",",,I",,,,,"   30",",,S","  107","H,,S"
"UPM00033356","1980-10-30","50.217","31.8","128.0","YAHOTYN, UP","    1",",,I",,,,,,,"   93","H,,S"
"UPM00033356","1980-10-31","50.217","31.8","128.0","YAHOTYN, UP","   13",",,I",,,,,,,"   48","H,,S"
"UPM00033356","1980-11-01","50.217","31.8","128.0","YAHOTYN, UP","   24",",,I",,,,,,,,
"UPM00033356","1980-11-02","50.217","31.8","128.0","YAHOTYN, UP","    2",",,I","   10",",,S",,,"  -40",",,S","  -28","H,,S"
"UPM00033356","1980-11-03","50.217","31.8","128.0","YAHOTYN, UP","    0",",,I","   10",",,S","  -20",",,S","  -80",",,S","  -38","H,,S"
"UPM00033356","1980-11-04","50.217","31.8","128.0","YAHOTYN, UP","  158",",,I",,,,,,,"  -12","H,,S"
"UPM00033356","1980-11-05","50.217","31.8","128.0","YAHOTYN, UP","   23",",,I",,,"  -10",",,S",,,"  -17","H,,S"
"UPM00033356","1980-11-06","50.217","31.8","128.0","YAHOTYN, UP","    0",",,I",,,,,,,,
"UPM00033356","1980-11-07","50.217","31.8","128.0","YAHOTYN, UP","  138",",,I","   79",",,S","  -30",",,S"," -120",",,S","  -49","H,,S"
"UPM00033356","1980-11-08","50.217","31.8","128.0","YAHOTYN, UP","  120",",,I",,,,,,,,
"UPM00033356","1980-11-09","50.217","31.8","128.0","YAHOTYN, UP","    6",",,I","  180",",,S",,,"  -40",",,S","  -30","H,,S"
"UPM00033356","1980-11-10","50.217","31.8","128.0","YAHOTYN, UP","   45",",,I",,,,,,,"  -27","H,,S"
"UPM00033356","1980-11-11","50.217","31.8","128.0","YAHOTYN, UP","   47",",,I",,,,,,,"  -22","H,,S"
"UPM00033356","1980-11-12","50.217","31.8","128.0","YAHOTYN, UP","    0",",,I",,,,,"  -80",",,S","  -38","H,,S"
"UPM00033356","1980-11-13","50.217","31.8","128.0","YAHOTYN, UP","   23",",,I","  249",",,S","   10",",,S","  -80",",,S","   -8","H,,S"
"UPM00033356","1980-11-14","50.217","31.8","128.0","YAHOTYN, UP","    0",",,I",,,,,,,,
"UPM00033356","1980-11-15","50.217","31.8","128.0","YAHOTYN, UP","    0",",,I",,,"   20",",,S",,,"   -5","H,,S"
"UPM00033356","1980-11-16","50.217","31.8","128.0","YAHOTYN, UP","   11",",,I",,,,,"  -60",",,S","  -17","H,,S"
"UPM00033356","1980-11-17","50.217","31.8","128.0","YAHOTYN, UP","   24",",,I","  150",",,S",,,"   10",",,S","   35","H,,S"
"UPM00033356","1980-11-18","50.217","31.8","128.0","YAHOTYN, UP","    0",",,I",,,"   50",",,S",,,"   30","H,,S"
"UPM00033356","1980-11-19","50.217","31.8","128.0","YAHOTYN, UP","   68",",,I","   10",",,S",,,"   30",",,S","   60","H,,S"
"UPM00033356","1980-11-20","50.217","31.8","128.0","YAHOTYN, UP","   30",",,I",,,"   30",",,S",,,"   14","H,,S"
"UPM00033356","1980-11-21","50.217","31.8","128.0","YAHOTYN, UP","    0",",,I",,,"    0",",,S",,,"   -8","H,,S"
"UPM00033356","1980-11-22","50.217","31.8","128.0","YAHOTYN, UP","    4",",,I",,,,,"  -40",",,S","   -1","H,,S"
"UPM00033356","1980-11-23","50.217","31.8","128.0","YAHOTYN, UP","   19",",,I",,,"   70",",,S","   20",",,S","   41","H,,S"
"UPM00033356","1980-11-24","50.217","31.8","128.0","YAHOTYN, UP","    8",",,I",,,,,,,"   88","H,,S"
"UPM00033356","1980-11-25","50.217","31.8","128.0","YAHOTYN, UP","    0",",,I",,,"  120",",,S",,,"   87","H,,S"
"UPM00033356","1980-11-26","50.217","31.8","128.0","YAHOTYN, UP","    0",",,I",,,"  100",",,S","   40",",,S","   57","H,,S"
"UPM00033356","1980-11-27","50.217","31.8","128.0","YAHOTYN, UP","    0",",,I",,,,,,,"   43","H,,S"
"UPM00033356","1980-11-28","50.217","31.8","128.0","YAHOTYN, UP","   12",",,I",,,,,"  -10",",,S","   20","H,,S"
"UPM00033356","1980-11-29","50.217","31.8","128.0","YAHOTYN, UP","   24",",,I",,,,,,,"   75","H,,S"
"UPM00033356","1980-11-30","50.217","31.8","128.0","YAHOTYN, UP","    0",",,I",,,,,,,"   55","H,,S"
"UPM00033356","1980-12-01","50.217","31.8","128.0","YAHOTYN, UP","  151",",,I",,,,,,,"  -22","H,,S"
"UPM00033356","1980-12-02","50.217","31.8","128.0","YAHOTYN, UP","   39",",,I","   61",",,S",,,"  -80",",,S","  -63","H,,S"
"UPM00033356","1980-12-03","50.217","31.8","128.0","YAHOTYN, UP","   57",",,I",,,,,,,,
"UPM00033356","1980-12-04","50.217","31.8","128.0","YAHOTYN, UP","    0",",,I","   71",",,S","  -20",",,S"," -100",",,S","  -52","H,,S"
"UPM00033356","1980-12-05","50.217","31.8","128.0","YAHOTYN, UP","  130",",,I","   89",",,S",,,,,"  -48","H,,S"
"UPM00033356","1980-12-06","50.217","31.8","128.0","YAHOTYN, UP","    2",",,I","   99",",,S",,,,," -110","H,,S"
"UPM00033356","1980-12-07","50.217","31.8","128.0","YAHOTYN, UP","   15",",,I","  119",",,S",,," -180",",,S","  -78","H,,S"
"UPM00033356","1980-12-08","50.217","31.8","128.0","YAHOTYN, UP","    0",",,I",,,,," -180",",,S"," -127","H,,S"
"UPM00033356","1980-12-09","50.217","31.8","128.0","YAHOTYN, UP","    8",",,I",,,,,,,"  -72","H,,S"
"UPM00033356","1980-12-10","50.217","31.8","128.0","YAHOTYN, UP","   20",",,I","   99",",,S",,," -120",",,S","  -25","H,,S"
"UPM00033356","1980-12-11","50.217","31.8","128.0","YAHOTYN, UP","   28",",,I","  119",",,S",,,"  -10",",,S","    0","H,,S"
"UPM00033356","1980-12-12","50.217","31.8","128.0","YAHOTYN, UP","   44",",,I","  160",",,S",,,"  -10",",,S","   -3","H,,S"
"UPM00033356","1980-12-13","50.217","31.8","128.0","YAHOTYN, UP","    9",",,I","  180",",,S",,,,,"  -20","H,,S"
"UPM00033356","1980-12-14","50.217","31.8","128.0","YAHOTYN, UP","    0",",,I","  180",",,S",,,"  -20",",,S","   -2","H,,S"
"UPM00033356","1980-12-15","50.217","31.8","128.0","YAHOTYN, UP","   18",",,I",,,,,,,"   12","H,,S"
"UPM00033356","1980-12-16","50.217","31.8","128.0","YAHOTYN, UP","   11",",,I","  109",",,S","   20",",,S",,,"   10","H,,S"
"UPM00033356","1980-12-17","50.217","31.8","128.0","YAHOTYN, UP","    0",",,I",,,,,,,"   -7","H,,S"
"UPM00033356","1980-12-18","50.217","31.8","128.0","YAHOTYN, UP","    0",",,I","   79",",,S",,,,,"  -70","H,,S"
"UPM00033356","1980-12-19","50.217","31.8","128.0","YAHOTYN, UP","    7",",,I",,,"  -20",",,S"," -160",",,S","  -92","H,,S"
"UPM00033356","1980-12-20","50.217","31.8","128.0","YAHOTYN, UP","   17",",,I","   79",",,S","   10",",,S","  -20",",,S","   -6","H,,S"
"UPM00033356","1980-12-21","50.217","31.8","128.0","YAHOTYN, UP","   11",",,I","   41",",,S","   20",",,S",,,"    7","H,,S"
"UPM00033356","1980-12-22","50.217","31.8","128.0","YAHOTYN, UP","   52",",,I","   30",",,S",,,"    0",",,S","   10","H,,S"
"UPM00033356","1980-12-23","50.217","31.8","128.0","YAHOTYN, UP","    3",",,I","   20",",,S","   10",",,S","    0",",,S","    7","H,,S"
"UPM00033356","1980-12-24","50.217","31.8","128.0","YAHOTYN, UP","   16",",,I","   20",",,S",,,"    0",",,S","    3","H,,S"
"UPM00033356","1980-12-25","50.217","31.8","128.0","YAHOTYN, UP","    0",",,I","   10",",,S","   40",",,S","    0",",,S","   18","H,,S"
"UPM00033356","1980-12-26","50.217","31.8","128.0","YAHOTYN, UP","    0",",,I","   10",",,S","   70",",,S",,,"   27","H,,S"
"UPM00033356","1980-12-27","50.217","31.8","128.0","YAHOTYN, UP","    0",",,I","   10",",,S",,,"  -10",",,S","    4","H,,S"
"UPM00033356","1980-12-28","50.217","31.8","128.0","YAHOTYN, UP","    9",",,I",,,"   20",",,S",,,"   15","H,,S"
"UPM00033356","1980-12-29","50.217","31.8","128.0","YAHOTYN, UP","    0",",,I",,,,,,,"    0","H,,S"
"UPM00033356","1980-12-30","50.217","31.8","128.0","YAHOTYN, UP","    1",",,I",,,"   30",",,S","    0",",,S","   14","H,,S"
"UPM00033356","1980-12-31","50.217","31.8","128.0","YAHOTYN, UP","    0",",,I",,,"   40",",,S","   20",",,S","   32","H,,S"
"UPM00033356","1981-01-01","50.217","31.8","128.0","YAHOTYN, UP","    0",",,I",,,,,"    0",",,S","   27","H,,S"
"UPM00033356","1981-01-02","50.217","31.8","128.0","YAHOTYN, UP","    0",",,I",,,"   20",",,S",,,"    8","H,,S"
"UPM00033356","1981-01-03","50.217","31.8","128.0","YAHOTYN, UP","    0",",,I",,,"    0",",,S","  -20",",,S","   -3","H,,S"
"UPM00033356","1981-01-04","50.217","31.8","128.0","YAHOTYN, UP","   35",",,I",,,,,,,"    6","H,,S"
"UPM00033356","1981-01-05","50.217","31.8","128.0","YAHOTYN, UP","    3",",,I","   10",",,S",,,,,"  -18","H,,S"
"UPM00033356","1981-01-06","50.217","31.8","128.0","YAHOTYN, UP","  131",",,I","   61",",,S",,,,,"  -74","H,,S"
"UPM00033356","1981-01-07","50.217","31.8","128.0","YAHOTYN, UP","    0",",,I","   51",",,S","  -90",",,S",,," -123","H,,S"
"UPM00033356","1981-01-08","50.217","31.8","128.0","YAHOTYN, UP","    0",",,I",,," -140",",,S",,," -165","H,,S"
"UPM00033356","1981-01-09","50.217","31.8","128.0","YAHOTYN, UP","    0",",,I",,," -100",",,S",,," -165","H,,S"
"UPM00033356","1981-01-10","50.217","31.8","128.0","YAHOTYN, UP","    0",",,I",,,"  -90",",,S",,," -127","H,,S"
"UPM00033356","1981-01-11","50.217","31.8","128.0","YAHOTYN, UP","    0",",,I",,,"  -50",",,S",,,"  -82","H,,S"
"UPM00033356","1981-01-12","50.217","31.8","128.0","YAHOTYN, UP","    0",",,I","   51",",,S","  -70",",,S"," -140",",,S"," -100","H,,S"
"UPM00033356","1981-01-13","50.217","31.8","128.0","YAHOTYN, UP","    0",",,I","   51",",,S","  -20",",,S"," -120",",,S","  -56","H,,S"
"UPM00033356","1981-01-14","50.217","31.8","128.0","YAHOTYN, UP","    0",",,I",,,"   10",",,S",,,"  -43","H,,S"
"UPM00033356","1981-01-15","50.217","31.8","128.0","YAHOTYN, UP","   68",",,I",,,"   30",",,S",,,"   -4","H,,S"
"UPM00033356","1981-01-16","50.217","31.8","128.0","YAHOTYN, UP","    5",",,I","   51",",,S",,,,,"  -32","H,,S"
"UPM00033356","1981-01-17","50.217","31.8","128.0","YAHOTYN, UP","    0",",,I","   51",",,S","  -10",",,S","  -60",",,S","  -33","H,,S"
"UPM00033356","1981-01-18","50.217","31.8","128.0","YAHOTYN, UP","   13",",,I","   41",",,S","  -20",",,S","  -90",",,S","  -53","H,,S"
"UPM00033356","1981-01-19","50.217","31.8","128.0","YAHOTYN, UP","    2",",,I",,,"  -20",",,S",,,"  -35","H,,S"
"UPM00033356","1981-01-20","50.217","31.8","128.0","YAHOTYN, UP","   11",",,I",,,,,"  -40",",,S","  -20","H,,S"
"UPM00033356","1981-01-21","50.217","31.8","128.0","YAHOTYN, UP","   57",",,I","   30",",,S","   10",",,S",,,"    3","H,,S"
"UPM00033356","1981-01-22","50.217","31.8","128.0","YAHOTYN, UP","   18",",,I",,,"  -10",",,S",,,"  -24","H,,S"
"UPM00033356","1981-01-23","50.217","31.8","128.0","YAHOTYN, UP","    5",",,I",,,,,,,"  -13","H,,S"
"UPM00033356","1981-01-24","50.217","31.8","128.0","YAHOTYN, UP","   17",",,I",,,,,,,"  -27","H,,S"
"UPM00033356","1981-01-25","50.217","31.8","128.0","YAHOTYN, UP","    0",",,I",,,"  -30",",,S",,,"  -38","H,,S"
"UPM00033356","1981-01-26","50.217","31.8","128.0","YAHOTYN, UP","    8",",,I","   51",",,S","  -20",",,S","  -40",",,S","  -27","H,,S"
"UPM00033356","1981-01-27","50.217","31.8","128.0","YAHOTYN, UP","   20",",,I",,,,,"  -40",",,S","  -20","H,,S"
"UPM00033356","1981-01-28","50.217","31.8","128.0","YAHOTYN, UP","    0",",,I","   61",",,S","  -20",",,S","  -80",",,S","  -37","H,,S"
"UPM00033356","1981-01-29","50.217","31.8","128.0","YAHOTYN, UP","    0",",,I","   61",",,S",,," -100",",,S","  -87","H,,S"
"UPM00033356","1981-01-30","50.217","31.8","128.0","YAHOTYN, UP","    0",",,I","   61",",,S",,," -120",",,S","  -70","H,,S"
"UPM00033356","1981-01-31","50.217","31.8","128.0","YAHOTYN, UP","    5",",,I","   61",",,S","   20",",,S","  -20",",,S","    3","H,,S"
"UPM00033356","1981-02-01","50.217","31.8","128.0","YAHOTYN, UP","   10",",,I","   51",",,S","   20",",,S","    0",",,S","   13","H,,S"
"UPM00033356","1981-02-02","50.217","31.8","128.0","YAHOTYN, UP","    0",",,I",,,,,,,"   16","H,,S"
"UPM00033356","1981-02-03","50.217","31.8","128.0","YAHOTYN, UP","    0",",,I","   10",",,S",,,"    0",",,S","   14","H,,S"
"UPM00033356","1981-02-04","50.217","31.8","128.0","YAHOTYN, UP","    4",",,I",,,"   50",",,S","   20",",,S","   28","H,,S"
"UPM00033356","1981-02-05","50.217","31.8","128.0","YAHOTYN, UP","    3",",,I",,,,,"    0",",,S","   22","H,,S"
"UPM00033356","1981-02-06","50.217","31.8","128.0","YAHOTYN, UP","   12",",,I",,,"   30",",,S",,,"   12","H,,S"
"UPM00033356","1981-02-07","50.217","31.8","128.0","YAHOTYN, UP","    3",",,I",,,"   10",",,S",,,"   -3","H,,S"
"UPM00033356","1981-02-08","50.217","31.8","128.0","YAHOTYN, UP","    0",",,I",,,"   30",",,S","    0",",,S","    8","H,,S"
"UPM00033356","1981-02-09","50.217","31.8","128.0","YAHOTYN, UP","   16",",,I",,,"   30",",,S",,,"   17","H,,S"
"UPM00033356","1981-02-10","50.217","31.8","128.0","YAHOTYN, UP","    0",",,I",,,"   20",",,S","  -20",",,S","   -3","H,,S"
"UPM00033356","1981-02-11","50.217","31.8","128.0","YAHOTYN, UP","   13",",,I",,,,,"  -40",",,S","  -18","H,,S"
"UPM00033356","1981-02-12","50.217","31.8","128.0","YAHOTYN, UP","   28",",,I",,,,,,,"  -12","H,,S"
"UPM00033356","1981-02-13","50.217","31.8","128.0","YAHOTYN, UP","   86",",,I",,,"    0",",,S","  -20",",,S","   -2","H,,S"
"UPM00033356","1981-02-14","50.217","31.8","128.0","YAHOTYN, UP","   71",",,I",,,,,,,"  -52","H,,S"
"UPM00033356","1981-02-15","50.217","31.8","128.0","YAHOTYN, UP","    2",",,I",,,,,,,,
"UPM00033356","1981-02-16","50.217","31.8","128.0","YAHOTYN, UP","    2",",,I",,,"  -50",",,S",,,"  -68","H,,S"
"UPM00033356","1981-02-17","50.217","31.8","128.0","YAHOTYN, UP","   29",",,I","  109",",,S",,,"  -70",",,S","  -48","H,,S"
"UPM00033356","1981-02-18","50.217","31.8","128.0","YAHOTYN, UP","   13",",,I","  119",",,S","    0",",,S","  -40",",,S","  -20","H,,S"
"UPM00033356","1981-02-19","50.217","31.8","128.0","YAHOTYN, UP","   13",",,I","  119",",,S","    0",",,S","  -50",",,S","  -16","H,,S"
"UPM00033356","1981-02-20","50.217","31.8","128.0","YAHOTYN, UP","   73",",,I",,,"    0",",,S",,,"  -20","H,,S"
"UPM00033356","1981-02-21","50.217","31.8","128.0","YAHOTYN, UP","    2",",,I","  170",",,S","    0",",,S","  -40",",,S","  -30","H,,S"
"UPM00033356","1981-02-22","50.217","31.8","128.0","YAHOTYN, UP","    0",",,I","  170",",,S",,,,,"  -22","H,,S"
"UPM00033356","1981-02-23","50.217","31.8","128.0","YAHOTYN, UP","    0",",,I","  170",",,S",,,,,"  -46","H,,S"
"UPM00033356","1981-02-24","50.217","31.8","128.0","YAHOTYN, UP","    0",",,I",,,,,,,,
"UPM00033356","1981-02-25","50.217","31.8","128.0","YAHOTYN, UP","    0",",,I","  170",",,S","  -70",",,S"," -170",",,S"," -110","H,,S"
"UPM00033356","1981-02-26","50.217","31.8","128.0","YAHOTYN, UP","    0",",,I",,,,," -160",",,S"," -108","H,,S"
"UPM00033356","1981-02-27","50.217","31.8","128.0","YAHOTYN, UP","    0",",,I",,,"  -50",",,S",,,"  -87","H,,S"
"UPM00033356","1981-02-28","50.217","31.8","128.0","YAHOTYN, UP","    0",",,I","  170",",,S","  -50",",,S"," -140",",,S"," -103","H,,S"
"UPM00033356","1981-03-01","50.217","31.8","128.0","YAHOTYN, UP","    0",",,I",,,,,,,,
"UPM00033356","1981-03-02","50.217","31.8","128.0","YAHOTYN, UP","    0",",,I",,,,,,," -125","H,,S"
"UPM00033356","1981-03-03","50.217","31.8","128.0","YAHOTYN, UP","    0",",,I",,,"  -20",",,S",,,"  -82","H,,S"
"UPM00033356","1981-03-04","50.217","31.8","128.0","YAHOTYN, UP","   31",",,I",,,,,,,"  -12","H,,S"
"UPM00033356","1981-03-05","50.217","31.8","128.0","YAHOTYN, UP","    0",",,I","  150",",,S",,,"  -20",",,S","  -12","H,,S"
"UPM00033356","1981-03-06","50.217","31.8","128.0","YAHOTYN, UP","    4",",,I","  150",",,S","   10",",,S","  -30",",,S","  -10","H,,S"
"UPM00033356","1981-03-07","50.217","31.8","128.0","YAHOTYN, UP","    4",",,I",,,,,,,"   -2","H,,S"
"UPM00033356","1981-03-08","50.217","31.8","128.0","YAHOTYN, UP","   52",",,I","  150",",,S",,,"    0",",,S","   27","H,,S"
"UPM00033356","1981-03-09","50.217","31.8","128.0","YAHOTYN, UP","   17",",,I",,,"   50",",,S",,,"   35","H,,S"
"UPM00033356","1981-03-10","50.217","31.8","128.0","YAHOTYN, UP","    0",",,I","   30",",,S","   90",",,S",,,"   17","H,,S"
"UPM00033356","1981-03-11","50.217","31.8","128.0","YAHOTYN, UP","    0",",,I",,,,,,,"    2","H,,S"
"UPM00033356","1981-03-12","50.217","31.8","128.0","YAHOTYN, UP","    0",",,I",,,"   30",",,S",,,"  -10","H,,S"
"UPM00033356","1981-03-13","50.217","31.8","128.0","YAHOTYN, UP","    0",",,I",,,"  -30",",,S",,,"  -48","H,,S"
"UPM00033356","1981-03-14","50.217","31.8","128.0","YAHOTYN, UP","    2",",,I",,,"  -20",",,S","  -60",",,S","  -43","H,,S"
"UPM00033356","1981-03-15","50.217","31.8","128.0","YAHOTYN, UP","    6",",,I","   10",",,S",,,"  -40",",,S","  -10","H,,S"
"UPM00033356","1981-03-16","50.217","31.8","128.0","YAHOTYN, UP","   12",",,I",,,"   80",",,S",,,"   25","H,,S"
"UPM00033356","1981-03-17","50.217","31.8","128.0","YAHOTYN, UP","    0",",,I",,,"   20",",,S","  -40",",,S","  -18","H,,S"
"UPM00033356","1981-03-18","50.217","31.8","128.0","YAHOTYN, UP","    0",",,I",,,,,,,"   -2","H,,S"
"UPM00033356","1981-03-19","50.217","31.8","128.0","YAHOTYN, UP","   56",",,I",,,,,"    0",",,S","   12","H,,S"
"UPM00033356","1981-03-20","50.217","31.8","128.0","YAHOTYN, UP","   77",",,I",,,,,,,,
"UPM00033356","1981-03-21","50.217","31.8","128.0","YAHOTYN, UP","    0",",,I",,,"   90",",,S","    0",",,S","   25","H,,S"
"UPM00033356","1981-03-22","50.217","31.8","128.0","YAHOTYN, UP","    0",",,I",,,"  140",",,S",,,"   67","H,,S"
"UPM00033356","1981-03-23","50.217","31.8","128.0","YAHOTYN, UP","    0",",,I",,,"  140",",,S",,,"   70","H,,S"
"UPM00033356","1981-03-24","50.217","31.8","128.0","YAHOTYN, UP","    0",",,I",,,,,,,"   70","H,,S"
"UPM00033356","1981-03-25","50.217","31.8","128.0","YAHOTYN, UP","    4",",,I",,,"   80",",,S",,,"   55","H,,S"
"UPM00033356","1981-03-26","50.217","31.8","128.0","YAHOTYN, UP","    0",",,I",,,,,"   30",",,S","   86","H,,S"
"UPM00033356","1981-03-27","50.217","31.8","128.0","YAHOTYN, UP","   25",",,I",,,"  150",",,S","   70",",,S","   98","H,,S"
"UPM00033356","1981-03-28","50.217","31.8","128.0","YAHOTYN, UP","   12",",,I",,,,,,,"   20","H,,S"
"UPM00033356","1981-03-29","50.217","31.8","128.0","YAHOTYN, UP","    0",",,I",,,"   30",",,S","  -30",",,S","   -2","H,,S"
"UPM00033356","1981-03-30","50.217","31.8","128.0","YAHOTYN, UP","    0",",,I",,,,,"  -40",",,S","    0","H,,S"
"UPM00033356","1981-03-31","50.217","31.8","128.0","YAHOTYN, UP","    0",",,I",,,,,"  -30",",,S","    5","H,,S"
"UPM00033356","1981-04-01","50.217","31.8","128.0","YAHOTYN, UP","   19",",,I",,,,,,,"    2","H,,S"
"UPM00033356","1981-04-02","50.217","31.8","128.0","YAHOTYN, UP","   19",",,I",,,"   30",",,S","  -10",",,S","   10","H,,S"
"UPM00033356","1981-04-03","50.217","31.8","128.0","YAHOTYN, UP","    0",",,I",,,,,"  -10",",,S","   18","H,,S"
"UPM00033356","1981-04-04","50.217","31.8","128.0","YAHOTYN, UP","    0",",,I",,,,,,,,
"UPM00033356","1981-04-05","50.217","31.8","128.0","YAHOTYN, UP","    7",",,I",,,,,"    0",",,S","   34","H,,S"
"UPM00033356","1981-04-06","50.217","31.8","128.0","YAHOTYN, UP","    0",",,I",,,"   70",",,S","    0",",,S","   32","H,,S"
"UPM00033356","1981-04-07","50.217","31.8","128.0","YAHOTYN, UP","    0",",,I",,,"  100",",,S",,,"   60","H,,S"
"UPM00033356","1981-04-08","50.217","31.8","128.0","YAHOTYN, UP","    0",",,I",,,"  100",",,S",,,"   65","H,,S"
"UPM00033356","1981-04-09","50.217","31.8","128.0","YAHOTYN, UP","    0",",,I",,,,,,,,
"UPM00033356","1981-04-10","50.217","31.8","128.0","YAHOTYN, UP","    7",",,I",,,"  130",",,S",,,"   80","H,,S"
"UPM00033356","1981-04-11","50.217","31.8","128.0","YAHOTYN, UP","    0",",,I",,,,,,,,
"UPM00033356","1981-04-12","50.217","31.8","128.0","YAHOTYN, UP","    0",",,I",,,"  170",",,S",,,"  105","H,,S"
"UPM00033356","1981-04-13","50.217","31.8","128.0","YAHOTYN, UP","    0",",,I",,,"  200",",,S","   30",",,S","  123","H,,S"
"UPM00033356","1981-04-14","50.217","31.8","128.0","YAHOTYN, UP","    3",",,I",,,,,,,"  107","H,,S"
"UPM00033356","1981-04-15","50.217","31.8","128.0","YAHOTYN, UP","    7",",,I",,,"   60",",,S","   20",",,S","   31","H,,S"
"UPM00033356","1981-04-16","50.217","31.8","128.0","YAHOTYN, UP","   27",",,I",,,"   50",",,S",,,"   18","H,,S"
"UPM00033356","1981-04-17","50.217","31.8","128.0","YAHOTYN, UP","    4",",,I",,,"   30",",,S","  -10",",,S","    7","H,,S"
"UPM00033356","1981-04-18","50.217","31.8","128.0","YAHOTYN, UP","    0",",,I",,,,,"  -50",",,S","   10","H,,S"
"UPM00033356","1981-04-19","50.217","31.8","128.0","YAHOTYN, UP","   31",",,I",,,"   90",",,S","    0",",,S","   28","H,,S"
"UPM00033356","1981-04-20","50.217","31.8","128.0","YAHOTYN, UP","  196",",,I",,,,,"   10",",,S","   18","H,,S"
"UPM00033356","1981-04-21","50.217","31.8","128.0","YAHOTYN, UP","   20",",,I",,,"   80",",,S","   10",",,S","   40","H,,S"
"UPM00033356","1981-04-22","50.217","31.8","128.0","YAHOTYN, UP","    0",",,I",,,"  130",",,S","   20",",,S","   72","H,,S"
"UPM00033356","1981-04-23","50.217","31.8","128.0","YAHOTYN, UP","    0",",,I",,,"   90",",,S","    0",",,S","   45","H,,S"
"UPM00033356","1981-04-24","50.217","31.8","128.0","YAHOTYN, UP","   24",",,I",,,,,,,"   40","H,,S"
"UPM00033356","1981-04-25","50.217","31.8","128.0","YAHOTYN, UP","    0",",,I",,,,,"  -20",",,S","   36","H,,S"
"UPM00033356","1981-04-26","50.217","31.8","128.0","YAHOTYN, UP","    0",",,I",,,"   70",",,S","   30",",,S","   40","H,,S"
"UPM00033356","1981-04-27","50.217","31.8","128.0","YAHOTYN, UP","    6",",,I",,,"  100",",,S","   40",",,S","   62","H,,S"
"UPM00033356","1981-04-28","50.217","31.8","128.0","YAHOTYN, UP","   40",",,I",,,"  100",",,S","   50",",,S","   74","H,,S"
"UPM00033356","1981-04-29","50.217","31.8","128.0","YAHOTYN, UP","    0",",,I",,,,,,,,
"UPM00033356","1981-04-30","50.217","31.8","128.0","YAHOTYN, UP","    0",",,I",,,"  100",",,S","    0",",,S","   50","H,,S"
"UPM00033356","1981-05-01","50.217","31.8","128.0","YAHOTYN, UP","    3",",,I",,,"  120",",,S","   10",",,S","   65","H,,S"
"UPM00033356","1981-05-02","50.217","31.8","128.0","YAHOTYN, UP","   21",",,I",,,"  150",",,S","   70",",,S","   98","H,,S"
"UPM00033356","1981-05-03","50.217","31.8","128.0","YAHOTYN, UP","    0",",,I",,,"  150",",,S",,,"  110","H,,S"
"UPM00033356","1981-05-04","50.217","31.8","128.0","YAHOTYN, UP","   31",",,I",,,"  200",",,S","   80",",,S","  138","H,,S"
"UPM00033356","1981-05-05","50.217","31.8","128.0","YAHOTYN, UP","    7",",,I",,,,,"   90",",,S","  120","H,,S"
"UPM00033356","1981-05-06","50.217","31.8","128.0","YAHOTYN, UP","    8",",,I",,,"  220",",,S","  100",",,S","  158","H,,S"
"UPM00033356","1981-05-07","50.217","31.8","128.0","YAHOTYN, UP","   39",",,I",,,"  220",",,S","  120",",,S","  158","H,,S"
"UPM00033356","1981-05-08","50.217","31.8","128.0","YAHOTYN, UP","    1",",,I",,,"  190",",,S","  110",",,S","  145","H,,S"
"UPM00033356","1981-05-09","50.217","31.8","128.0","YAHOTYN, UP","    8",",,I",,,"  240",",,S",,,"  177","H,,S"
"UPM00033356","1981-05-10","50.217","31.8","128.0","YAHOTYN, UP","    0",",,I",,,,,"  140",",,S","  162","H,,S"
"UPM00033356","1981-05-11","50.217","31.8","128.0","YAHOTYN, UP","    0",",,I",,,"  250",",,S","  140",",,S","  190","H,,S"
"UPM00033356","1981-05-12","50.217","31.8","128.0","YAHOTYN, UP","    0",",,I",,,"  270",",,S",,,"  210","H,,S"
"UPM00033356","1981-05-13","50.217","31.8","128.0","YAHOTYN, UP","    0",",,I",,,"  200",",,S",,,"  130","H,,S"
"UPM00033356","1981-05-14","50.217","31.8","128.0","YAHOTYN, UP","    0",",,I",,,"  150",",,S","   40",",,S","  107","H,,S"
"UPM00033356","1981-05-15","50.217","31.8","128.0","YAHOTYN, UP","    0",",,I",,,,,,,,
"UPM00033356","1981-05-16","50.217","31.8","128.0","YAHOTYN, UP","    0",",,I",,,"  230",",,S","  100",",,S","  150","H,,S"
"UPM00033356","1981-05-17","50.217","31.8","128.0","YAHOTYN, UP","    0",",,I",,,"  200",",,S","   90",",,S","  128","H,,S"
"UPM00033356","1981-05-18","50.217","31.8","128.0","YAHOTYN, UP","    0",",,I",,,"  220",",,S","   50",",,S","  150","H,,S"
"UPM00033356","1981-05-19","50.217","31.8","128.0","YAHOTYN, UP","    0",",,I",,,"  240",",,S","   70",",,S","  132","H,,S"
"UPM00033356","1981-05-20","50.217","31.8","128.0","YAHOTYN, UP","    0",",,I",,,,,,,,
"UPM00033356","1981-05-21","50.217","31.8","128.0","YAHOTYN, UP","    0",",,I",,,,,"   80",",,S","  118","H,,S"
"UPM00033356","1981-05-22","50.217","31.8","128.0","YAHOTYN, UP","    0",",,I",,,"  230",",,S","   80",",,S","  154","H,,S"
"UPM00033356","1981-05-23","50.217","31.8","128.0","YAHOTYN, UP","    1",",,I",,,"  230",",,S","  110",",,S","  144","H,,S"
"UPM00033356","1981-05-24","50.217","31.8","128.0","YAHOTYN, UP","    0",",,I",,,"  240",",,S","  120",",,S","  174","H,,S"
"UPM00033356","1981-05-25","50.217","31.8","128.0","YAHOTYN, UP","    0",",,I",,,"  240",",,S","  110",",,S","  176","H,,S"
"UPM00033356","1981-05-26","50.217","31.8","128.0","YAHOTYN, UP","    0",",,I",,,,,,,,
"UPM00033356","1981-05-27","50.217","31.8","128.0","YAHOTYN, UP","    0",",,I",,,,,"  110",",,S","  182","H,,S"
"UPM00033356","1981-05-28","50.217","31.8","128.0","YAHOTYN, UP","    0",",,I",,,,,"  120",",,S","  210","H,,S"
"UPM00033356","1981-05-29","50.217","31.8","128.0","YAHOTYN, UP","    1",",,I",,,"  290",",,S","  140",",,S","  202","H,,S"
"UPM00033356","1981-05-30","50.217","31.8","128.0","YAHOTYN, UP","   32",",,I",,,"  230",",,S","  120",",,S","  170","H,,S"
"UPM00033356","1981-05-31","50.217","31.8","128.0","YAHOTYN, UP","    0",",,I",,,"  230",",,S","   90",",,S","  163","H,,S"
"UPM00033356","1981-06-01","50.217","31.8","128.0","YAHOTYN, UP","    0",",,I",,,"  230",",,S","  120",",,S","  174","H,,S"
"UPM00033356","1981-06-02","50.217","31.8","128.0","YAHOTYN, UP","    0",",,I",,,"  240",",,S",,,"  184","H,,S"
"UPM00033356","1981-06-03","50.217","31.8","128.0","YAHOTYN, UP","    0",",,I",,,"  260",",,S","  100",",,S","  178","H,,S"
"UPM00033356","1981-06-04","50.217","31.8","128.0","YAHOTYN, UP","    0",",,I",,,"  290",",,S","  130",",,S","  210","H,,S"
"UPM00033356","1981-06-05","50.217","31.8","128.0","YAHOTYN, UP","    0",",,I",,,"  310",",,S","  180",",,S","  226","H,,S"
"UPM00033356","1981-06-06","50.217","31.8","128.0","YAHOTYN, UP","    0",",,I",,,,,,,,
"UPM00033356","1981-06-07","50.217","31.8","128.0","YAHOTYN, UP","    0",",,I",,,"  280",",,S","  140",",,S","  206","H,,S"
"UPM00033356","1981-06-08","50.217","31.8","128.0","YAHOTYN, UP","    0",",,I",,,,,"  150",",,S","  222","H,,S"
"UPM00033356","1981-06-09","50.217","31.8","128.0","YAHOTYN, UP","    0",",,I",,,"  320",",,S","  150",",,S","  228","H,,S"
"UPM00033356","1981-06-10","50.217","31.8","128.0","YAHOTYN, UP","    0",",,I",,,"  320",",,S","  170",",,S","  225","H,,S"
"UPM00033356","1981-06-11","50.217","31.8","128.0","YAHOTYN, UP","    1",",,I",,,,,"  170",",,S","  240","H,,S"
"UPM00033356","1981-06-12","50.217","31.8","128.0","YAHOTYN, UP","    0",",,I",,,"  300",",,S","  180",",,S","  236","H,,S"
"UPM00033356","1981-06-13","50.217","31.8","128.0","YAHOTYN, UP","    4",",,I",,,,,,,,
"UPM00033356","1981-06-14","50.217","31.8","128.0","YAHOTYN, UP","    0",",,I",,,,,,,,
"UPM00033356","1981-06-15","50.217","31.8","128.0","YAHOTYN, UP","    0",",,I",,,"  200",",,S",,,"  130","H,,S"
"UPM00033356","1981-06-16","50.217","31.8","128.0","YAHOTYN, UP","   14",",,I",,,"  220",",,S","   10",",,S","  150","H,,S"
"UPM00033356","1981-06-17","50.217","31.8","128.0","YAHOTYN, UP","   40",",,I",,,"  170",",,S","  130",",,S","  152","H,,S"
"UPM00033356","1981-06-18","50.217","31.8","128.0","YAHOTYN, UP","    1",",,I",,,,,"   90",",,S","  150","H,,S"
"UPM00033356","1981-06-19","50.217","31.8","128.0","YAHOTYN, UP","    0",",,I",,,"  280",",,S","  160",",,S","  218","H,,S"
"UPM00033356","1981-06-20","50.217","31.8","128.0","YAHOTYN, UP","    0",",,I",,,"  220",",,S","  160",",,S","  198","H,,S"
"UPM00033356","1981-06-21","50.217","31.8","128.0","YAHOTYN, UP","    7",",,I",,,,,,,,
"UPM00033356","1981-06-22","50.217","31.8","128.0","YAHOTYN, UP","    0",",,I",,,"  330",",,S","  170",",,S","  263","H,,S"
"UPM00033356","1981-06-23","50.217","31.8","128.0","YAHOTYN, UP","   17",",,I",,,,,,,,
"UPM00033356","1981-06-24","50.217","31.8","128.0","YAHOTYN, UP","   45",",,I",,,"  320",",,S","  190",",,S","  255","H,,S"
"UPM00033356","1981-06-25","50.217","31.8","128.0","YAHOTYN, UP","  203",",,I",,,"  300",",,S","  170",",,S","  212","H,,S"
"UPM00033356","1981-06-26","50.217","31.8","128.0","YAHOTYN, UP","    8",",,I",,,"  260",",,S","  170",",,S","  217","H,,S"
"UPM00033356","1981-06-27","50.217","31.8","128.0","YAHOTYN, UP","    0",",,I",,,,,,,,
"UPM00033356","1981-06-28","50.217","31.8","128.0","YAHOTYN, UP","  119",",,I",,,"  260",",,S","  180",",,S","  212","H,,S"
"UPM00033356","1981-06-29","50.217","31.8","128.0","YAHOTYN, UP","   26",",,I",,,"  300",",,S","  180",",,S","  232","H,,S"
"UPM00033356","1981-06-30","50.217","31.8","128.0","YAHOTYN, UP","    0",",,I",,,"  320",",,S",,,"  242","H,,S"
"UPM00033356","1981-07-01","50.217","31.8","128.0","YAHOTYN, UP","   63",",,I",,,,,,,"  160","H,,S"
"UPM00033356","1981-07-02","50.217","31.8","128.0","YAHOTYN, UP","    0",",,I",,,,,"  120",",,S","  155","H,,S"
"UPM00033356","1981-07-03","50.217","31.8","128.0","YAHOTYN, UP","    0",",,I",,,,,"  120",",,S","  178","H,,S"
"UPM00033356","1981-07-04","50.217","31.8","128.0","YAHOTYN, UP","    0",",,I",,,"  260",",,S",,,"  206","H,,S"
"UPM00033356","1981-07-05","50.217","31.8","128.0","YAHOTYN, UP","    0",",,I",,,"  290",",,S","  140",",,S","  217","H,,S"
"UPM00033356","1981-07-06","50.217","31.8","128.0","YAHOTYN, UP","  174",",,I",,,"  220",",,S","  170",",,S","  185","H,,S"
"UPM00033356","1981-07-07","50.217","31.8","128.0","YAHOTYN, UP","   99",",,I",,,,,"  130",",,S","  195","H,,S"
"UPM00033356","1981-07-08","50.217","31.8","128.0","YAHOTYN, UP","   22",",,I",,,"  250",",,S","  180",",,S","  195","H,,S"
"UPM00033356","1981-07-09","50.217","31.8","128.0","YAHOTYN, UP","  182",",,I",,,"  210",",,S","  170",",,S","  188","H,,S"
"UPM00033356","1981-07-10","50.217","31.8","128.0","YAHOTYN, UP","   13",",,I",,,"  220",",,S","  170",",,S","  198","H,,S"
"UPM00033356","1981-07-11","50.217","31.8","128.0","YAHOTYN, UP","    0",",,I",,,"  250",",,S","  170",",,S","  202","H,,S"
"UPM00033356","1981-07-12","50.217","31.8","128.0","YAHOTYN, UP","    0",",,I",,,"  250",",,S","  130",",,S","  196","H,,S"
"UPM00033356","1981-07-13","50.217","31.8","128.0","YAHOTYN, UP","    0",",,I",,,"  270",",,S","  130",",,S","  202","H,,S"
"UPM00033356","1981-07-14","50.217","31.8","128.0","YAHOTYN, UP","    0",",,I",,,"  280",",,S",,,"  223","H,,S"
"UPM00033356","1981-07-15","50.217","31.8","128.0","YAHOTYN, UP","    0",",,I",,,,,"  140",",,S","  192","H,,S"
"UPM00033356","1981-07-16","50.217","31.8","128.0","YAHOTYN, UP","    0",",,I",,,"  260",",,S","  160",",,S","  203","H,,S"
"UPM00033356","1981-07-17","50.217","31.8","128.0","YAHOTYN, UP","    0",",,I",,,"  260",",,S","  160",",,S","  202","H,,S"
"UPM00033356","1981-07-18","50.217","31.8","128.0","YAHOTYN, UP","    0",",,I",,,"  280",",,S","  130",",,S","  212","H,,S"
"UPM00033356","1981-07-19","50.217","31.8","128.0","YAHOTYN, UP","    0",",,I",,,"  310",",,S","  180",",,S","  242","H,,S"
"UPM00033356","1981-07-20","50.217","31.8","128.0","YAHOTYN, UP","    0",",,I",,,"  330",",,S","  190",",,S","  262","H,,S"
"UPM00033356","1981-07-21","50.217","31.8","128.0","YAHOTYN, UP","   37",",,I",,,"  320",",,S","  200",",,S","  250","H,,S"
"UPM00033356","1981-07-22","50.217","31.8","128.0","YAHOTYN, UP","   87",",,I",,,"  210",",,S",,,"  168","H,,S"
"UPM00033356","1981-07-23","50.217","31.8","128.0","YAHOTYN, UP","    0",",,I",,,"  260",",,S","  120",",,S","  194","H,,S"
"UPM00033356","1981-07-24","50.217","31.8","128.0","YAHOTYN, UP","    0",",,I",,,"  280",",,S","  150",",,S","  218","H,,S"
"UPM00033356","1981-07-25","50.217","31.8","128.0","YAHOTYN, UP","    0",",,I",,,"  290",",,S","  160",",,S","  208","H,,S"
"UPM00033356","1981-07-26","50.217","31.8","128.0","YAHOTYN, UP","    0",",,I",,,"  300",",,S","  160",",,S","  228","H,,S"
"UPM00033356","1981-07-27","50.217","31.8","128.0","YAHOTYN, UP","    0",",,I",,,"  320",",,S","  170",",,S","  254","H,,S"
"UPM00033356","1981-07-28","50.217","31.8","128.0","YAHOTYN, UP","    0",",,I",,,"  330",",,S","  190",",,S","  262","H,,S"
"UPM00033356","1981-07-29","50.217","31.8","128.0","YAHOTYN, UP","    0",",,I",,,,,,,"  240","H,,S"
"UPM00033356","1981-07-30","50.217","31.8","128.0","YAHOTYN, UP","    0",",,I",,,"  250",",,S","  140",",,S","  205","H,,S"
"UPM00033356","1981-07-31","50.217","31.8","128.0","YAHOTYN, UP","   61",",,I",,,"  210",",,S","  130",",,S","  176","H,,S"
"UPM00033356","1981-08-01","50.217","31.8","128.0","YAHOTYN, UP","   27",",,I",,,"  220",",,S","  140",",,S","  172","H,,S"
"UPM00033356","1981-08-02","50.217","31.8","128.0","YAHOTYN, UP","    3",",,I",,,,,"  130",",,S","  188","H,,S"
"UPM00033356","1981-08-03","50.217","31.8","128.0","YAHOTYN, UP","    1",",,I",,,"  270",",,S","  150",",,S","  218","H,,S"
"UPM00033356","1981-08-04","50.217","31.8","128.0","YAHOTYN, UP","    0",",,I",,,"  240",",,S","  170",",,S","  190","H,,S"
"UPM00033356","1981-08-05","50.217","31.8","128.0","YAHOTYN, UP","    0",",,I",,,,,,,"  207","H,,S"
"UPM00033356","1981-08-06","50.217","31.8","128.0","YAHOTYN, UP","    0",",,I",,,"  280",",,S","  150",",,S","  222","H,,S"
"UPM00033356","1981-08-07","50.217","31.8","128.0","YAHOTYN, UP","    0",",,I",,,"  280",",,S","  150",",,S","  215","H,,S"
"UPM00033356","1981-08-08","50.217","31.8","128.0","YAHOTYN, UP","    0",",,I",,,,,"  140",",,S","  188","H,,S"
"UPM00033356","1981-08-09","50.217","31.8","128.0","YAHOTYN, UP","    0",",,I",,,"  300",",,S","  140",",,S","  220","H,,S"
"UPM00033356","1981-08-10","50.217","31.8","128.0","YAHOTYN, UP","   84",",,I",,,,,"  170",",,S","  242","H,,S"
"UPM00033356","1981-08-11","50.217","31.8","128.0","YAHOTYN, UP","   56",",,I",,,"  320",",,S","  160",",,S","  218","H,,S"
"UPM00033356","1981-08-12","50.217","31.8","128.0","YAHOTYN, UP","    4",",,I",,,"  250",",,S",,,"  202","H,,S"
"UPM00033356","1981-08-13","50.217","31.8","128.0","YAHOTYN, UP","    1",",,I",,,,,,,,
"UPM00033356","1981-08-14","50.217","31.8","128.0","YAHOTYN, UP","    0",",,I",,,"  240",",,S","  110",",,S","  170","H,,S"
"UPM00033356","1981-08-15","50.217","31.8","128.0","YAHOTYN, UP","    0",",,I",,,"  260",",,S","  120",",,S","  188","H,,S"
"UPM00033356","1981-08-16","50.217","31.8","128.0","YAHOTYN, UP","    0",",,I",,,"  260",",,S","  130",",,S","  202","H,,S"
"UPM00033356","1981-08-17","50.217","31.8","128.0","YAHOTYN, UP","    0",",,I",,,"  320",",,S","  140",",,S","  237","H,,S"
"UPM00033356","1981-08-18","50.217","31.8","128.0","YAHOTYN, UP","    0",",,I",,,"  260",",,S",,,"  190","H,,S"
"UPM00033356","1981-08-19","50.217","31.8","128.0","YAHOTYN, UP","    0",",,I",,,"  210",",,S","  110",",,S","  170","H,,S"
"UPM00033356","1981-08-20","50.217","31.8","128.0","YAHOTYN, UP","    0",",,I",,,"  270",",,S","  100",",,S","  172","H,,S"
"UPM00033356","1981-08-21","50.217","31.8","128.0","YAHOTYN, UP","    0",",,I",,,"  310",",,S","  120",",,S","  210","H,,S"
"UPM00033356","1981-08-22","50.217","31.8","128.0","YAHOTYN, UP","   26",",,I",,,"  300",",,S","  150",",,S","  202","H,,S"
"UPM00033356","1981-08-23","50.217","31.8","128.0","YAHOTYN, UP","    0",",,I",,,"  200",",,S",,,"  160","H,,S"
"UPM00033356","1981-08-24","50.217","31.8","128.0","YAHOTYN, UP","    0",",,I",,,"  210",",,S","   90",",,S","  162","H,,S"
"UPM00033356","1981-08-25","50.217","31.8","128.0","YAHOTYN, UP","  162",",,I",,,"  160",",,S","  140",",,S","  146","H,,S"
"UPM00033356","1981-08-26","50.217","31.8","128.0","YAHOTYN, UP","   38",",,I",,,"  150",",,S","  120",",,S","  134","H,,S"
"UPM00033356","1981-08-27","50.217","31.8","128.0","YAHOTYN, UP","   26",",,I",,,"  180",",,S","   90",",,S","  129","H,,S"
"UPM00033356","1981-08-28","50.217","31.8","128.0","YAHOTYN, UP","    0",",,I",,,"  160",",,S","   60",",,S","  107","H,,S"
"UPM00033356","1981-08-29","50.217","31.8","128.0","YAHOTYN, UP","   18",",,I",,,"  160",",,S","   60",",,S","   94","H,,S"
"UPM00033356","1981-08-30","50.217","31.8","128.0","YAHOTYN, UP","    6",",,I",,,,,,,,
"UPM00033356","1981-08-31","50.217","31.8","128.0","YAHOTYN, UP","   14",",,I",,,"  210",",,S","   80",",,S","  143","H,,S"
"UPM00033356","1981-09-01","50.217","31.8","128.0","YAHOTYN, UP","    0",",,I",,,"  230",",,S","  120",",,S","  178","H,,S"
"UPM00033356","1981-09-02","50.217","31.8","128.0","YAHOTYN, UP","    0",",,I",,,"  250",",,S","  110",",,S","  168","H,,S"
"UPM00033356","1981-09-03","50.217","31.8","128.0","YAHOTYN, UP","    9",",,I",,,"  190",",,S","  120",",,S","  146","H,,S"
"UPM00033356","1981-09-04","50.217","31.8","128.0","YAHOTYN, UP","    0",",,I",,,"  200",",,S","  100",",,S","  150","H,,S"
"UPM00033356","1981-09-05","50.217","31.8","128.0","YAHOTYN, UP","    0",",,I",,,"  190",",,S","   80",",,S","  122","H,,S"
"UPM00033356","1981-09-06","50.217","31.8","128.0","YAHOTYN, UP","    0",",,I",,,,,"   60",",,S","  110","H,,S"
"UPM00033356","1981-09-07","50.217","31.8","128.0","YAHOTYN, UP","    0",",,I",,,"  210",",,S","   80",",,S","  135","H,,S"
"UPM00033356","1981-09-08","50.217","31.8","128.0","YAHOTYN, UP","    0",",,I",,,"  200",",,S","   60",",,S","  132","H,,S"
"UPM00033356","1981-09-09","50.217","31.8","128.0","YAHOTYN, UP","    0",",,I",,,"  230",",,S",,,"  166","H,,S"
"UPM00033356","1981-09-10","50.217","31.8","128.0","YAHOTYN, UP","    0",",,I",,,"  230",",,S","   80",",,S","  155","H,,S"
"UPM00033356","1981-09-11","50.217","31.8","128.0","YAHOTYN, UP","    0",",,I",,,"  220",",,S","  100",",,S","  174","H,,S"
"UPM00033356","1981-09-12","50.217","31.8","128.0","YAHOTYN, UP","   12",",,I",,,"  230",",,S","   90",",,S","  146","H,,S"
"UPM00033356","1981-09-13","50.217","31.8","128.0","YAHOTYN, UP","    0",",,I",,,"  160",",,S","  100",",,S","  118","H,,S"
"UPM00033356","1981-09-14","50.217","31.8","128.0","YAHOTYN, UP","    0",",,I",,,"  190",",,S","   70",",,S","  135","H,,S"
"UPM00033356","1981-09-15","50.217","31.8","128.0","YAHOTYN, UP","   24",",,I",,,"  170",",,S","   50",",,S","  124","H,,S"
"UPM00033356","1981-09-16","50.217","31.8","128.0","YAHOTYN, UP","  194",",,I",,,"  170",",,S","  110",",,S","  137","H,,S"
"UPM00033356","1981-09-17","50.217","31.8","128.0","YAHOTYN, UP","  151",",,I",,,,,,,"   74","H,,S"
"UPM00033356","1981-09-18","50.217","31.8","128.0","YAHOTYN, UP","   29",",,I",,,"   80",",,S","   40",",,S","   61","H,,S"
"UPM00033356","1981-09-19","50.217","31.8","128.0","YAHOTYN, UP","   34",",,I",,,"  120",",,S",,,"   90","H,,S"
"UPM00033356","1981-09-20","50.217","31.8","128.0","YAHOTYN, UP","    0",",,I",,,"  120",",,S","   50",",,S","   91","H,,S"
"UPM00033356","1981-09-21","50.217","31.8","128.0","YAHOTYN, UP","    0",",,I",,,"  160",",,S","   90",",,S","  118","H,,S"
"UPM00033356","1981-09-22","50.217","31.8","128.0","YAHOTYN, UP","    0",",,I",,,"  260",",,S","  110",",,S","  185","H,,S"
"UPM00033356","1981-09-23","50.217","31.8","128.0","YAHOTYN, UP","    0",",,I",,,"  240",",,S","  140",",,S","  192","H,,S"
"UPM00033356","1981-09-24","50.217","31.8","128.0","YAHOTYN, UP","    0",",,I",,,"  190",",,S","  130",",,S","  152","H,,S"
"UPM00033356","1981-09-25","50.217","31.8","128.0","YAHOTYN, UP","    0",",,I",,,"  190",",,S","   70",",,S","  133","H,,S"
"UPM00033356","1981-09-26","50.217","31.8","128.0","YAHOTYN, UP","    0",",,I",,,"  220",",,S","  100",",,S","  152","H,,S"
"UPM00033356","1981-09-27","50.217","31.8","128.0","YAHOTYN, UP","    0",",,I",,,"  240",",,S","  120",",,S","  160","H,,S"
"UPM00033356","1981-09-28","50.217","31.8","128.0","YAHOTYN, UP","    0",",,I",,,"  240",",,S","  110",",,S","  167","H,,S"
"UPM00033356","1981-09-29","50.217","31.8","128.0","YAHOTYN, UP","    0",",,I",,,"  240",",,S","  100",",,S","  154","H,,S"
"UPM00033356","1981-09-30","50.217","31.8","128.0","YAHOTYN, UP","    0",",,I",,,"  240",",,S","  100",",,S","  152","H,,S"
"UPM00033356","1981-10-01","50.217","31.8","128.0","YAHOTYN, UP","    0",",,I",,,,,"   90",",,S","  143","H,,S"
"UPM00033356","1981-10-02","50.217","31.8","128.0","YAHOTYN, UP","    0",",,I",,,"  190",",,S","   70",",,S","  138","H,,S"
"UPM00033356","1981-10-03","50.217","31.8","128.0","YAHOTYN, UP","    0",",,I",,,,,"  120",",,S","  137","H,,S"
"UPM00033356","1981-10-04","50.217","31.8","128.0","YAHOTYN, UP","   31",",,I",,,"  220",",,S","  110",",,S","  158","H,,S"
"UPM00033356","1981-10-05","50.217","31.8","128.0","YAHOTYN, UP","    3",",,I",,,,,"  120",",,S","  155","H,,S"
"UPM00033356","1981-10-06","50.217","31.8","128.0","YAHOTYN, UP","    4",",,I",,,,,,,"  130","H,,S"
"UPM00033356","1981-10-07","50.217","31.8","128.0","YAHOTYN, UP","    0",",,I",,,,,"   50",",,S","   98","H,,S"
"UPM00033356","1981-10-08","50.217","31.8","128.0","YAHOTYN, UP","   85",",,I",,,,,,,"  124","H,,S"
"UPM00033356","1981-10-09","50.217","31.8","128.0","YAHOTYN, UP","    0",",,I",,,"  180",",,S","   40",",,S","  105","H,,S"
"UPM00033356","1981-10-10","50.217","31.8","128.0","YAHOTYN, UP","    0",",,I",,,,,,,"  122","H,,S"
"UPM00033356","1981-10-11","50.217","31.8","128.0","YAHOTYN, UP","    0",",,I",,,,,"   90",",,S","  107","H,,S"
"UPM00033356","1981-10-12","50.217","31.8","128.0","YAHOTYN, UP","  421",",,I",,,,,,,,
"UPM00033356","1981-10-13","50.217","31.8","128.0","YAHOTYN, UP","  109",",,I",,,"  110",",,S",,,"   84","H,,S"
"UPM00033356","1981-10-14","50.217","31.8","128.0","YAHOTYN, UP","  133",",,I",,,,,,,"   72","H,,S"
"UPM00033356","1981-10-15","50.217","31.8","128.0","YAHOTYN, UP","    0",",,I",,,"  110",",,S",,,"   63","H,,S"
"UPM00033356","1981-10-16","50.217","31.8","128.0","YAHOTYN, UP","  129",",,I",,,,,"   60",",,S","   62","H,,S"
"UPM00033356","1981-10-17","50.217","31.8","128.0","YAHOTYN, UP","    0",",,I",,,,,,,"   52","H,,S"
"UPM00033356","1981-10-18","50.217","31.8","128.0","YAHOTYN, UP","    0",",,I",,,"  100",",,S","    0",",,S","   55","H,,S"
"UPM00033356","1981-10-19","50.217","31.8","128.0","YAHOTYN, UP","   91",",,I",,,,,,,"   68","H,,S"
"UPM00033356","1981-10-20","50.217","31.8","128.0","YAHOTYN, UP","    0",",,I",,,,,"  -20",",,S","   36","H,,S"
"UPM00033356","1981-10-21","50.217","31.8","128.0","YAHOTYN, UP","    0",",,I",,,,,"   30",",,S","   77","H,,S"
"UPM00033356","1981-10-22","50.217","31.8","128.0","YAHOTYN, UP","    0",",,I",,,"  130",",,S",,,"   90","H,,S"
"UPM00033356","1981-10-23","50.217","31.8","128.0","YAHOTYN, UP","    0",",,I",,,,,"   80",",,S","   88","H,,S"
"UPM00033356","1981-10-24","50.217","31.8","128.0","YAHOTYN, UP","    0",",,I",,,"  120",",,S",,,"  104","H,,S"
"UPM00033356","1981-10-25","50.217","31.8","128.0","YAHOTYN, UP","   96",",,I",,,"  130",",,S",,,"   99","H,,S"
"UPM00033356","1981-10-26","50.217","31.8","128.0","YAHOTYN, UP","   17",",,I",,,,,"   50",",,S","   56","H,,S"
"UPM00033356","1981-10-27","50.217","31.8","128.0","YAHOTYN, UP","    0",",,I",,,"  100",",,S","    0",",,S","   42","H,,S"
"UPM00033356","1981-10-28","50.217","31.8","128.0","YAHOTYN, UP","   11",",,I",,,,,,,,
"UPM00033356","1981-10-29","50.217","31.8","128.0","YAHOTYN, UP","    1",",,I",,,,,,,"   73","H,,S"
"UPM00033356","1981-10-30","50.217","31.8","128.0","YAHOTYN, UP","    0",",,I",,,"  110",",,S","    0",",,S","   48","H,,S"
"UPM00033356","1981-10-31","50.217","31.8","128.0","YAHOTYN, UP","    0",",,I",,,"  100",",,S",,,"   60","H,,S"
"UPM00033356","1981-11-01","50.217","31.8","128.0","YAHOTYN, UP","   15",",,I",,,,,,,"   67","H,,S"
"UPM00033356","1981-11-02","50.217","31.8","128.0","YAHOTYN, UP","    4",",,I",,,,,,,"   50","H,,S"
"UPM00033356","1981-11-03","50.217","31.8","128.0","YAHOTYN, UP","  146",",,I",,,,,,,"   42","H,,S"
"UPM00033356","1981-11-04","50.217","31.8","128.0","YAHOTYN, UP","    0",",,I",,,,,,,,
"UPM00033356","1981-11-05","50.217","31.8","128.0","YAHOTYN, UP","    4",",,I",,,,,,,,
"UPM00033356","1981-11-06","50.217","31.8","128.0","YAHOTYN, UP","    0",",,I",,,"   60",",,S","   30",",,S","   40","H,,S"
"UPM00033356","1981-11-07","50.217","31.8","128.0","YAHOTYN, UP","   22",",,I",,,"   60",",,S",,,"   36","H,,S"
"UPM00033356","1981-11-08","50.217","31.8","128.0","YAHOTYN, UP","   55",",,I","   10",",,S",,,"    0",",,S","    7","H,,S"
"UPM00033356","1981-11-09","50.217","31.8","128.0","YAHOTYN, UP","    0",",,I",,,"   30",",,S","  -40",",,S","   -5","H,,S"
"UPM00033356","1981-11-10","50.217","31.8","128.0","YAHOTYN, UP","   97",",,I","   10",",,S",,,"    0",",,S","    3","H,,S"
"UPM00033356","1981-11-11","50.217","31.8","128.0","YAHOTYN, UP","   29",",,I","   10",",,S","   20",",,S","    0",",,S","   16","H,,S"
"UPM00033356","1981-11-12","50.217","31.8","128.0","YAHOTYN, UP","   15",",,I",,,"   10",",,S",,,"    5","H,,S"
"UPM00033356","1981-11-13","50.217","31.8","128.0","YAHOTYN, UP","    3",",,I",,,,,,,"   -7","H,,S"
"UPM00033356","1981-11-14","50.217","31.8","128.0","YAHOTYN, UP","    7",",,I","   10",",,S",,,,,"   -8","H,,S"
"UPM00033356","1981-11-15","50.217","31.8","128.0","YAHOTYN, UP","    0",",,I",,,,,,,"    5","H,,S"
"UPM00033356","1981-11-16","50.217","31.8","128.0","YAHOTYN, UP","    0",",,I","   10",",,S",,,,,"  -12","H,,S"
"UPM00033356","1981-11-17","50.217","31.8","128.0","YAHOTYN, UP","   28",",,I","   10",",,S","  -20",",,S","  -40",",,S","  -33","H,,S"
"UPM00033356","1981-11-18","50.217","31.8","128.0","YAHOTYN, UP","    0",",,I",,,,,"  -20",",,S","  -12","H,,S"
"UPM00033356","1981-11-19","50.217","31.8","128.0","YAHOTYN, UP","    0",",,I","   51",",,S","    0",",,S","  -30",",,S","   -8","H,,S"
"UPM00033356","1981-11-20","50.217","31.8","128.0","YAHOTYN, UP","    0",",,I","   41",",,S",,,"    0",",,S","    3","H,,S"
"UPM00033356","1981-11-21","50.217","31.8","128.0","YAHOTYN, UP","   36",",,I","   30",",,S","   40",",,S","    0",",,S","   12","H,,S"
"UPM00033356","1981-11-22","50.217","31.8","128.0","YAHOTYN, UP","    0",",,I",,,"   40",",,S",,,"   28","H,,S"
"UPM00033356","1981-11-23","50.217","31.8","128.0","YAHOTYN, UP","   12",",,I",,,"   80",",,S","   20",",,S","   48","H,,S"
"UPM00033356","1981-11-24","50.217","31.8","128.0","YAHOTYN, UP","    0",",,I",,,,,,,"   76","H,,S"
"UPM00033356","1981-11-25","50.217","31.8","128.0","YAHOTYN, UP","    0",",,I",,,,,,,"   48","H,,S"
"UPM00033356","1981-11-26","50.217","31.8","128.0","YAHOTYN, UP","    0",",,I",,,"   30",",,S",,,"   10","H,,S"
"UPM00033356","1981-11-27","50.217","31.8","128.0","YAHOTYN, UP","    0",",,I",,,"   40",",,S","  -20",",,S","   -3","H,,S"
"UPM00033356","1981-11-28","50.217","31.8","128.0","YAHOTYN, UP","    0",",,I",,,,,,,"  -24","H,,S"
"UPM00033356","1981-11-29","50.217","31.8","128.0","YAHOTYN, UP","   32",",,I",,,,,"  -20",",,S","   16","H,,S"
"UPM00033356","1981-11-30","50.217","31.8","128.0","YAHOTYN, UP","   55",",,I",,,"   40",",,S",,,"   32","H,,S"
"UPM00033356","1981-12-01","50.217","31.8","128.0","YAHOTYN, UP","   77",",,I",,,"   40",",,S",,,"    7","H,,S"
"UPM00033356","1981-12-02","50.217","31.8","128.0","YAHOTYN, UP","    8",",,I",,,"   50",",,S","  -30",",,S","    8","H,,S"
"UPM00033356","1981-12-03","50.217","31.8","128.0","YAHOTYN, UP","   26",",,I",,,"   40",",,S","   20",",,S","   35","H,,S"
"UPM00033356","1981-12-04","50.217","31.8","128.0","YAHOTYN, UP","    6",",,I",,,,,,,"   20","H,,S"
"UPM00033356","1981-12-05","50.217","31.8","128.0","YAHOTYN, UP","   20",",,I",,,,,,,,
"UPM00033356","1981-12-06","50.217","31.8","128.0","YAHOTYN, UP","    3",",,I",,,,,,,"  -28","H,,S"
"UPM00033356","1981-12-07","50.217","31.8","128.0","YAHOTYN, UP","    0",",,I","   20",",,S",,,"  -60",",,S","  -32","H,,S"
"UPM00033356","1981-12-08","50.217","31.8","128.0","YAHOTYN, UP","    4",",,I",,,"   10",",,S",,,"    6","H,,S"
"UPM00033356","1981-12-09","50.217","31.8","128.0","YAHOTYN, UP","    0",",,I",,,,,,,,
"UPM00033356","1981-12-10","50.217","31.8","128.0","YAHOTYN, UP","    0",",,I",,,"   20",",,S",,,"  -10","H,,S"
"UPM00033356","1981-12-11","50.217","31.8","128.0","YAHOTYN, UP","   60",",,I",,,,,,,"  -43","H,,S"
"UPM00033356","1981-12-12","50.217","31.8","128.0","YAHOTYN, UP","   18",",,I","   51",",,S",,," -110",",,S","   -6","H,,S"
"UPM00033356","1981-12-13","50.217","31.8","128.0","YAHOTYN, UP","   56",",,I",,,,,,,,
"UPM00033356","1981-12-14","50.217","31.8","128.0","YAHOTYN, UP","   78",",,I","   89",",,S",,,,,"  -40","H,,S"
"UPM00033356","1981-12-15","50.217","31.8","128.0","YAHOTYN, UP","    0",",,I",,,"  -30",",,S",,,"  -60","H,,S"
"UPM00033356","1981-12-16","50.217","31.8","128.0","YAHOTYN, UP","    0",",,I","   89",",,S",,,"  -60",",,S","  -44","H,,S"
"UPM00033356","1981-12-17","50.217","31.8","128.0","YAHOTYN, UP","    0",",,I","   89",",,S","  -20",",,S","  -90",",,S","  -28","H,,S"
"UPM00033356","1981-12-18","50.217","31.8","128.0","YAHOTYN, UP","   38",",,I","   99",",,S",,,,,"  -40","H,,S"
"UPM00033356","1981-12-19","50.217","31.8","128.0","YAHOTYN, UP","    0",",,I",,,"  -30",",,S",,,"  -57","H,,S"
"UPM00033356","1981-12-20","50.217","31.8","128.0","YAHOTYN, UP","   11",",,I",,,"   10",",,S",,,"  -32","H,,S"
"UPM00033356","1981-12-21","50.217","31.8","128.0","YAHOTYN, UP","  137",",,I",,,,,,,"  -53","H,,S"
"UPM00033356","1981-12-22","50.217","31.8","128.0","YAHOTYN, UP","    0",",,I","  191",",,S",,,,,"  -91","H,,S"
"UPM00033356","1981-12-23","50.217","31.8","128.0","YAHOTYN, UP","    0",",,I",,,"  -20",",,S",,,"  -38","H,,S"
"UPM00033356","1981-12-24","50.217","31.8","128.0","YAHOTYN, UP","    0",",,I",,,"    0",",,S",,,"  -22","H,,S"
"UPM00033356","1981-12-25","50.217","31.8","128.0","YAHOTYN, UP","    4",",,I","  191",",,S",,,"    0",",,S","    7","H,,S"
"UPM00033356","1981-12-26","50.217","31.8","128.0","YAHOTYN, UP","   45",",,I",,,,,"    0",",,S","   10","H,,S"
"UPM00033356","1981-12-27","50.217","31.8","128.0","YAHOTYN, UP","    2",",,I","   89",",,S",,,,,"    3","H,,S"
"UPM00033356","1981-12-28","50.217","31.8","128.0","YAHOTYN, UP","    6",",,I",,,,,,,"    0","H,,S"
"UPM00033356","1981-12-29","50.217","31.8","128.0","YAHOTYN, UP","    0",",,I",,,,,"  -10",",,S","   -3","H,,S"
"UPM00033356","1981-12-30","50.217","31.8","128.0","YAHOTYN, UP","   16",",,I",,,,,,,,
"UPM00033356","1981-12-31","50.217","31.8","128.0","YAHOTYN, UP","   61",",,I","   30",",,S",,,"    0",",,S","   12","H,,S"
"UPM00033356","1982-01-01","50.217","31.8","128.0","YAHOTYN, UP","   15",",,I",,,,,,,,
"UPM00033356","1982-01-02","50.217","31.8","128.0","YAHOTYN, UP","    0",",,I",,,"   20",",,S",,,"   14","H,,S"
"UPM00033356","1982-01-03","50.217","31.8","128.0","YAHOTYN, UP","    0",",,I",,,,,,,,
"UPM00033356","1982-01-04","50.217","31.8","128.0","YAHOTYN, UP","   38",",,I","   71",",,S",,,"  -26",",,S","    7","H,,S"
"UPM00033356","1982-01-05","50.217","31.8","128.0","YAHOTYN, UP","    2",",,I",,,,,,,,
"UPM00033356","1982-01-06","50.217","31.8","128.0","YAHOTYN, UP","   18",",,I",,,,,,,,
"UPM00033356","1982-01-07","50.217","31.8","128.0","YAHOTYN, UP","   64",",,I",,,,,,,,
"UPM00033356","1982-01-08","50.217","31.8","128.0","YAHOTYN, UP","   11",",,I",,,,,,,,
"UPM00033356","1982-01-09","50.217","31.8","128.0","YAHOTYN, UP","   12",",,I",,,,,,,,
"UPM00033356","1982-01-10","50.217","31.8","128.0","YAHOTYN, UP","    1",",,I",,,,,,,,
"UPM00033356","1982-01-11","50.217","31.8","128.0","YAHOTYN, UP","    0",",,I",,,,,,,,
"UPM00033356","1982-01-12","50.217","31.8","128.0","YAHOTYN, UP","    0",",,I",,,,,,,,
"UPM00033356","1982-01-13","50.217","31.8","128.0","YAHOTYN, UP","    2",",,I",,,,,,,,
"UPM00033356","1982-01-14","50.217","31.8","128.0","YAHOTYN, UP","    0",",,I",,,,,,,,
"UPM00033356","1982-01-15","50.217","31.8","128.0","YAHOTYN, UP","    0",",,I",,,,,,,,
"UPM00033356","1982-01-16","50.217","31.8","128.0","YAHOTYN, UP","    0",",,I",,,,,,,,
"UPM00033356","1982-01-17","50.217","31.8","128.0","YAHOTYN, UP","    0",",,I",,,,,,,,
"UPM00033356","1982-01-18","50.217","31.8","128.0","YAHOTYN, UP","    0",",,I",,,,,,,,
"UPM00033356","1982-01-19","50.217","31.8","128.0","YAHOTYN, UP","    0",",,I",,,,,,,,
"UPM00033356","1982-01-20","50.217","31.8","128.0","YAHOTYN, UP","    1",",,I",,,,,,,,
"UPM00033356","1982-01-21","50.217","31.8","128.0","YAHOTYN, UP","    0",",,I",,,,,,,,
"UPM00033356","1982-01-22","50.217","31.8","128.0","YAHOTYN, UP","    0",",,I",,,,,,,,
"UPM00033356","1982-01-23","50.217","31.8","128.0","YAHOTYN, UP","    0",",,I",,,,,,,,
"UPM00033356","1982-01-24","50.217","31.8","128.0","YAHOTYN, UP","    7",",,I",,,,,,,,
"UPM00033356","1982-01-25","50.217","31.8","128.0","YAHOTYN, UP","    1",",,I",,,,,,,,
"UPM00033356","1982-01-26","50.217","31.8","128.0","YAHOTYN, UP","    0",",,I",,,,,,,,
"UPM00033356","1982-01-27","50.217","31.8","128.0","YAHOTYN, UP","    0",",,I",,,,,,,,
"UPM00033356","1982-01-28","50.217","31.8","128.0","YAHOTYN, UP","    0",",,I",,,,,,,,
"UPM00033356","1982-01-29","50.217","31.8","128.0","YAHOTYN, UP","    0",",,I",,,,,,,,
"UPM00033356","1982-01-30","50.217","31.8","128.0","YAHOTYN, UP","   40",",,I",,,,,,,,
"UPM00033356","1982-01-31","50.217","31.8","128.0","YAHOTYN, UP","    9",",,I",,,,,,,,
"UPM00033356","1982-02-01","50.217","31.8","128.0","YAHOTYN, UP","    8",",,I",,,,,,,,
"UPM00033356","1982-02-02","50.217","31.8","128.0","YAHOTYN, UP","    2",",,I",,,,,,,,
"UPM00033356","1982-02-03","50.217","31.8","128.0","YAHOTYN, UP","    2",",,I",,,,,,,,
"UPM00033356","1982-02-04","50.217","31.8","128.0","YAHOTYN, UP","    1",",,I",,,,,,,,
"UPM00033356","1982-02-05","50.217","31.8","128.0","YAHOTYN, UP","    1",",,I",,,,,,,,
"UPM00033356","1982-02-06","50.217","31.8","128.0","YAHOTYN, UP","    1",",,I","   71",",,S",,,,,"  -82","H,,S"
"UPM00033356","1982-02-07","50.217","31.8","128.0","YAHOTYN, UP","   37",",,I",,,,,,,"  -49","H,,S"
"UPM00033356","1982-02-08","50.217","31.8","128.0","YAHOTYN, UP","   13",",,I","   71",",,S",,,"    5",",,S","    9","H,,S"
"UPM00033356","1982-02-09","50.217","31.8","128.0","YAHOTYN, UP","    0",",,I",,,,,,,,
"UPM00033356","1982-02-10","50.217","31.8","128.0","YAHOTYN, UP","    0",",,I",,,,,,,,
"UPM00033356","1982-02-11","50.217","31.8","128.0","YAHOTYN, UP","    0",",,I",,,,,,,,
"UPM00033356","1982-02-12","50.217","31.8","128.0","YAHOTYN, UP","    0",",,I",,,,,,,,
"UPM00033356","1982-02-13","50.217","31.8","128.0","YAHOTYN, UP","    0",",,I",,,,,,,,
"UPM00033356","1982-02-14","50.217","31.8","128.0","YAHOTYN, UP","    0",",,I",,,,,,,,
"UPM00033356","1982-02-15","50.217","31.8","128.0","YAHOTYN, UP","    0",",,I",,,,,,,,
"UPM00033356","1982-02-16","50.217","31.8","128.0","YAHOTYN, UP","    0",",,I",,,,,,,,
"UPM00033356","1982-02-17","50.217","31.8","128.0","YAHOTYN, UP","    0",",,I",,,,,,,,
"UPM00033356","1982-02-18","50.217","31.8","128.0","YAHOTYN, UP","    0",",,I",,,,,,,,
"UPM00033356","1982-02-19","50.217","31.8","128.0","YAHOTYN, UP","    5",",,I",,,,,,,,
"UPM00033356","1982-02-20","50.217","31.8","128.0","YAHOTYN, UP","    3",",,I",,,,,,,,
"UPM00033356","1982-02-21","50.217","31.8","128.0","YAHOTYN, UP","    0",",,I",,,,,,,,
"UPM00033356","1982-02-22","50.217","31.8","128.0","YAHOTYN, UP","    1",",,I",,,,,,,,
"UPM00033356","1982-02-23","50.217","31.8","128.0","YAHOTYN, UP","    0",",,I",,,,,,,,
"UPM00033356","1982-02-24","50.217","31.8","128.0","YAHOTYN, UP","    0",",,I",,,,,,,,
"UPM00033356","1982-02-25","50.217","31.8","128.0","YAHOTYN, UP","    1",",,I",,,,,,,,
"UPM00033356","1982-02-26","50.217","31.8","128.0","YAHOTYN, UP","   87",",,I",,,,,,,,
"UPM00033356","1982-02-27","50.217","31.8","128.0","YAHOTYN, UP","   50",",,I",,,,,,,,
"UPM00033356","1982-02-28","50.217","31.8","128.0","YAHOTYN, UP","    0",",,I",,,,,,,,
"UPM00033356","1982-03-01","50.217","31.8","128.0","YAHOTYN, UP","    0",",,I",,,,,,,,
"UPM00033356","1982-03-02","50.217","31.8","128.0","YAHOTYN, UP","    8",",,I",,,,,,,,
"UPM00033356","1982-03-03","50.217","31.8","128.0","YAHOTYN, UP","    0",",,I",,,,,,,,
"UPM00033356","1982-03-04","50.217","31.8","128.0","YAHOTYN, UP","    0",",,I",,,,,,,,
"UPM00033356","1982-03-05","50.217","31.8","128.0","YAHOTYN, UP","    0",",,I",,,,,,,,
"UPM00033356","1982-03-06","50.217","31.8","128.0","YAHOTYN, UP","    0",",,I",,,,,,,,
"UPM00033356","1982-03-07","50.217","31.8","128.0","YAHOTYN, UP","    0",",,I",,,,,,,,
"UPM00033356","1982-03-08","50.217","31.8","128.0","YAHOTYN, UP","    0",",,I",,,,,,,,
"UPM00033356","1982-03-09","50.217","31.8","128.0","YAHOTYN, UP","    0",",,I",,,,,,,,
"UPM00033356","1982-03-10","50.217","31.8","128.0","YAHOTYN, UP","    0",",,I",,,,,,,,
"UPM00033356","1982-03-11","50.217","31.8","128.0","YAHOTYN, UP","    0",",,I",,,,,,,,
"UPM00033356","1982-03-12","50.217","31.8","128.0","YAHOTYN, UP","    0",",,I",,,,,,,,
"UPM00033356","1982-03-13","50.217","31.8","128.0","YAHOTYN, UP","   26",",,I",,,,,,,,
"UPM00033356","1982-03-14","50.217","31.8","128.0","YAHOTYN, UP","    0",",,I",,,,,,,,
"UPM00033356","1982-03-15","50.217","31.8","128.0","YAHOTYN, UP","    0",",,I",,,,,,,,
"UPM00033356","1982-03-16","50.217","31.8","128.0","YAHOTYN, UP","    0",",,I",,,,,,,,
"UPM00033356","1982-03-17","50.217","31.8","128.0","YAHOTYN, UP","    0",",,I",,,,,,,,
"UPM00033356","1982-03-18","50.217","31.8","128.0","YAHOTYN, UP","    0",",,I",,,,,,,,
"UPM00033356","1982-03-19","50.217","31.8","128.0","YAHOTYN, UP","    0",",,I",,,,,,,,
"UPM00033356","1982-03-20","50.217","31.8","128.0","YAHOTYN, UP","    0",",,I",,,,,,,,
"UPM00033356","1982-03-21","50.217","31.8","128.0","YAHOTYN, UP","    0",",,I",,,,,,,,
"UPM00033356","1982-03-22","50.217","31.8","128.0","YAHOTYN, UP","    0",",,I",,,,,,,,
"UPM00033356","1982-03-23","50.217","31.8","128.0","YAHOTYN, UP","    0",",,I",,,,,,,,
"UPM00033356","1982-03-24","50.217","31.8","128.0","YAHOTYN, UP","    0",",,I",,,,,,,,
"UPM00033356","1982-03-25","50.217","31.8","128.0","YAHOTYN, UP","    0",",,I",,,,,,,,
"UPM00033356","1982-03-26","50.217","31.8","128.0","YAHOTYN, UP","    0",",,I",,,,,,,,
"UPM00033356","1982-03-27","50.217","31.8","128.0","YAHOTYN, UP","    0",",,I",,,,,,,,
"UPM00033356","1982-03-28","50.217","31.8","128.0","YAHOTYN, UP","    0",",,I",,,,,,,,
"UPM00033356","1982-03-29","50.217","31.8","128.0","YAHOTYN, UP","    0",",,I",,,,,,,,
"UPM00033356","1982-03-30","50.217","31.8","128.0","YAHOTYN, UP","    0",",,I",,,,,,,,
"UPM00033356","1982-03-31","50.217","31.8","128.0","YAHOTYN, UP","    0",",,I",,,,,,,,
"UPM00033356","1982-04-01","50.217","31.8","128.0","YAHOTYN, UP","    0",",,I",,,,,,,,
"UPM00033356","1982-04-02","50.217","31.8","128.0","YAHOTYN, UP","    0",",,I",,,,,,,,
"UPM00033356","1982-04-03","50.217","31.8","128.0","YAHOTYN, UP","    0",",,I",,,,,,,,
"UPM00033356","1982-04-04","50.217","31.8","128.0","YAHOTYN, UP","    0",",,I",,,,,,,,
"UPM00033356","1982-04-05","50.217","31.8","128.0","YAHOTYN, UP","    9",",,I",,,,,,,,
"UPM00033356","1982-04-06","50.217","31.8","128.0","YAHOTYN, UP","    0",",,I",,,,,,,,
"UPM00033356","1982-04-07","50.217","31.8","128.0","YAHOTYN, UP","    0",",,I",,,,,,,,
"UPM00033356","1982-04-08","50.217","31.8","128.0","YAHOTYN, UP","    0",",,I",,,,,,,,
"UPM00033356","1982-04-09","50.217","31.8","128.0","YAHOTYN, UP","   66",",,I",,,,,,,,
"UPM00033356","1982-04-10","50.217","31.8","128.0","YAHOTYN, UP","    0",",,I",,,,,,,,
"UPM00033356","1982-04-11","50.217","31.8","128.0","YAHOTYN, UP","   58",",,I",,,,,,,,
"UPM00033356","1982-04-12","50.217","31.8","128.0","YAHOTYN, UP","    0",",,I",,,,,,,,
"UPM00033356","1982-04-13","50.217","31.8","128.0","YAHOTYN, UP","   63",",,I",,,,,,,,
"UPM00033356","1982-04-14","50.217","31.8","128.0","YAHOTYN, UP","   55",",,I",,,,,"    4",",,S","   40","H,,S"
"UPM00033356","1982-04-15","50.217","31.8","128.0","YAHOTYN, UP","  130",",,I",,,,,,,,
"UPM00033356","1982-04-16","50.217","31.8","128.0","YAHOTYN, UP","    0",",,I",,,,,,,,
"UPM00033356","1982-04-17","50.217","31.8","128.0","YAHOTYN, UP","  167",",,I",,,,,,,,
"UPM00033356","1982-04-18","50.217","31.8","128.0","YAHOTYN, UP","    0",",,I",,,,,,,,
"UPM00033356","1982-04-19","50.217","31.8","128.0","YAHOTYN, UP","   44",",,I",,,,,,,,
"UPM00033356","1982-04-20","50.217","31.8","128.0","YAHOTYN, UP","   35",",,I",,,,,,,,
"UPM00033356","1982-04-21","50.217","31.8","128.0","YAHOTYN, UP","    1",",,I",,,,,,,,
"UPM00033356","1982-04-22","50.217","31.8","128.0","YAHOTYN, UP","    0",",,I",,,,,,,,
"UPM00033356","1982-04-23","50.217","31.8","128.0","YAHOTYN, UP","   46",",,I",,,,,,,,
"UPM00033356","1982-04-24","50.217","31.8","128.0","YAHOTYN, UP","   95",",,I",,,,,,,,
"UPM00033356","1982-04-25","50.217","31.8","128.0","YAHOTYN, UP","  111",",,I",,,,,,,,
"UPM00033356","1982-04-26","50.217","31.8","128.0","YAHOTYN, UP","   26",",,I",,,,,,,,
"UPM00033356","1982-04-27","50.217","31.8","128.0","YAHOTYN, UP","    3",",,I",,,,,,,,
"UPM00033356","1982-04-28","50.217","31.8","128.0","YAHOTYN, UP","    0",",,I",,,,,,,,
"UPM00033356","1982-04-29","50.217","31.8","128.0","YAHOTYN, UP","    0",",,I",,,,,,,,
"UPM00033356","1982-04-30","50.217","31.8","128.0","YAHOTYN, UP","  101",",,I",,,,,,,,
"UPM00033356","1982-05-01","50.217","31.8","128.0","YAHOTYN, UP","   35",",,I",,,,,,,,
"UPM00033356","1982-05-02","50.217","31.8","128.0","YAHOTYN, UP","    0",",,I",,,,,,,,
"UPM00033356","1982-05-03","50.217","31.8","128.0","YAHOTYN, UP","    0",",,I",,,,,,,,
"UPM00033356","1982-05-04","50.217","31.8","128.0","YAHOTYN, UP","    0",",,I",,,,,,,,
"UPM00033356","1982-05-05","50.217","31.8","128.0","YAHOTYN, UP","    0",",,I",,,,,,,,
"UPM00033356","1982-05-06","50.217","31.8","128.0","YAHOTYN, UP","    0",",,I",,,,,,,,
"UPM00033356","1982-05-07","50.217","31.8","128.0","YAHOTYN, UP","    0",",,I",,,,,,,,
"UPM00033356","1982-05-08","50.217","31.8","128.0","YAHOTYN, UP","   12",",,I",,,,,,,,
"UPM00033356","1982-05-09","50.217","31.8","128.0","YAHOTYN, UP","    0",",,I",,,,,,,,
"UPM00033356","1982-05-10","50.217","31.8","128.0","YAHOTYN, UP","    3",",,I",,,,,,,,
"UPM00033356","1982-05-11","50.217","31.8","128.0","YAHOTYN, UP","    0",",,I",,,,,,,,
"UPM00033356","1982-05-12","50.217","31.8","128.0","YAHOTYN, UP","    0",",,I",,,,,,,,
"UPM00033356","1982-05-13","50.217","31.8","128.0","YAHOTYN, UP","    0",",,I",,,,,,,,
"UPM00033356","1982-05-14","50.217","31.8","128.0","YAHOTYN, UP","    0",",,I",,,,,,,,
"UPM00033356","1982-05-15","50.217","31.8","128.0","YAHOTYN, UP","    0",",,I",,,,,,,,
"UPM00033356","1982-05-16","50.217","31.8","128.0","YAHOTYN, UP","    0",",,I",,,,,,,,
"UPM00033356","1982-05-17","50.217","31.8","128.0","YAHOTYN, UP","    0",",,I",,,,,,,,
"UPM00033356","1982-05-18","50.217","31.8","128.0","YAHOTYN, UP","    0",",,I",,,,,,,,
"UPM00033356","1982-05-19","50.217","31.8","128.0","YAHOTYN, UP","    0",",,I",,,,,,,,
"UPM00033356","1982-05-20","50.217","31.8","128.0","YAHOTYN, UP","    0",",,I",,,,,,,,
"UPM00033356","1982-05-21","50.217","31.8","128.0","YAHOTYN, UP","    0",",,I",,,,,,,,
"UPM00033356","1982-05-22","50.217","31.8","128.0","YAHOTYN, UP","    0",",,I",,,,,,,,
"UPM00033356","1982-05-23","50.217","31.8","128.0","YAHOTYN, UP","   92",",,I",,,,,,,,
"UPM00033356","1982-05-24","50.217","31.8","128.0","YAHOTYN, UP","    3",",,I",,,,,,,,
"UPM00033356","1982-05-25","50.217","31.8","128.0","YAHOTYN, UP","    0",",,I",,,,,,,,
"UPM00033356","1982-05-26","50.217","31.8","128.0","YAHOTYN, UP","    0",",,I",,,,,,,,
"UPM00033356","1982-05-27","50.217","31.8","128.0","YAHOTYN, UP","    0",",,I",,,,,,,,
"UPM00033356","1982-05-28","50.217","31.8","128.0","YAHOTYN, UP","    0",",,I",,,,,,,,
"UPM00033356","1982-05-29","50.217","31.8","128.0","YAHOTYN, UP","    0",",,I",,,,,,,,
"UPM00033356","1982-05-30","50.217","31.8","128.0","YAHOTYN, UP","    0",",,I",,,,,,,,
"UPM00033356","1982-05-31","50.217","31.8","128.0","YAHOTYN, UP","    0",",,I",,,,,,,,
"UPM00033356","1982-06-01","50.217","31.8","128.0","YAHOTYN, UP","    0",",,I",,,,,,,,
"UPM00033356","1982-06-02","50.217","31.8","128.0","YAHOTYN, UP","    0",",,I",,,,,,,,
"UPM00033356","1982-06-03","50.217","31.8","128.0","YAHOTYN, UP","    0",",,I",,,,,,,,
"UPM00033356","1982-06-04","50.217","31.8","128.0","YAHOTYN, UP","    0",",,I",,,,,,,,
"UPM00033356","1982-06-05","50.217","31.8","128.0","YAHOTYN, UP","    0",",,I",,,,,,,,
"UPM00033356","1982-06-06","50.217","31.8","128.0","YAHOTYN, UP","    0",",,I",,,,,,,,
"UPM00033356","1982-06-07","50.217","31.8","128.0","YAHOTYN, UP","   21",",,I",,,,,,,,
"UPM00033356","1982-06-08","50.217","31.8","128.0","YAHOTYN, UP","    0",",,I",,,,,,,,
"UPM00033356","1982-06-09","50.217","31.8","128.0","YAHOTYN, UP","    0",",,I",,,,,,,,
"UPM00033356","1982-06-10","50.217","31.8","128.0","YAHOTYN, UP","   14",",,I",,,,,,,,
"UPM00033356","1982-06-11","50.217","31.8","128.0","YAHOTYN, UP","   20",",,I",,,,,,,,
"UPM00033356","1982-06-12","50.217","31.8","128.0","YAHOTYN, UP","    0",",,I",,,,,,,,
"UPM00033356","1982-06-13","50.217","31.8","128.0","YAHOTYN, UP","   59",",,I",,,,,,,,
"UPM00033356","1982-06-14","50.217","31.8","128.0","YAHOTYN, UP","   85",",,I",,,,,,,,
"UPM00033356","1982-06-15","50.217","31.8","128.0","YAHOTYN, UP","   21",",,I",,,,,,,,
"UPM00033356","1982-06-16","50.217","31.8","128.0","YAHOTYN, UP","   25",",,I",,,,,,,,
"UPM00033356","1982-06-17","50.217","31.8","128.0","YAHOTYN, UP","    0",",,I",,,,,,,,
"UPM00033356","1982-06-18","50.217","31.8","128.0","YAHOTYN, UP","    0",",,I",,,,,,,,
"UPM00033356","1982-06-19","50.217","31.8","128.0","YAHOTYN, UP","   28",",,I",,,,,,,,
"UPM00033356","1982-06-20","50.217","31.8","128.0","YAHOTYN, UP","  202",",,I",,,"  200",",,S",,,"  129","H,,S"
"UPM00033356","1982-06-21","50.217","31.8","128.0","YAHOTYN, UP","    0",",,I",,,,,"  123",",,S","  148","H,,S"
"UPM00033356","1982-06-22","50.217","31.8","128.0","YAHOTYN, UP","    6",",,I",,,"  218",",,S",,,"  137","H,,S"
"UPM00033356","1982-06-23","50.217","31.8","128.0","YAHOTYN, UP","    0",",,I",,,"  226",",,S",,,"  174","H,,S"
"UPM00033356","1982-06-24","50.217","31.8","128.0","YAHOTYN, UP","  120",",,I",,,,,"  152",",,S","  164","H,,S"
"UPM00033356","1982-06-25","50.217","31.8","128.0","YAHOTYN, UP","    0",",,I",,,"  213",",,S","  144",",,S","  171","H,,S"
"UPM00033356","1982-06-26","50.217","31.8","128.0","YAHOTYN, UP","    0",",,I",,,"  209",",,S",,,"  167","H,,S"
"UPM00033356","1982-06-27","50.217","31.8","128.0","YAHOTYN, UP","    0",",,I",,,"  207",",,S","  101",",,S","  162","H,,S"
"UPM00033356","1982-06-28","50.217","31.8","128.0","YAHOTYN, UP","    0",",,I",,,"  258",",,S",,,"  191","H,,S"
"UPM00033356","1982-06-29","50.217","31.8","128.0","YAHOTYN, UP","  272",",,I",,,,,,,"  172","H,,S"
"UPM00033356","1982-06-30","50.217","31.8","128.0","YAHOTYN, UP","    0",",,I",,,,,"  130",",,S","  151","H,,S"
"UPM00033356","1982-07-01","50.217","31.8","128.0","YAHOTYN, UP","  203",",,I",,,"  196",",,S","  141",",,S","  153","H,,S"
"UPM00033356","1982-07-02","50.217","31.8","128.0","YAHOTYN, UP","    0",",,I",,,"  231",",,S",,,"  147","H,,S"
"UPM00033356","1982-07-03","50.217","31.8","128.0","YAHOTYN, UP","    0",",,I",,,"  184",",,S",,,"  150","H,,S"
"UPM00033356","1982-07-04","50.217","31.8","128.0","YAHOTYN, UP","    0",",,I",,,,,"  124",",,S","  143","H,,S"
"UPM00033356","1982-07-05","50.217","31.8","128.0","YAHOTYN, UP","  136",",,I",,,,,,,,
"UPM00033356","1982-07-06","50.217","31.8","128.0","YAHOTYN, UP","    1",",,I",,,,,,,,
"UPM00033356","1982-07-07","50.217","31.8","128.0","YAHOTYN, UP","    0",",,I",,,,,,,,
"UPM00033356","1982-07-08","50.217","31.8","128.0","YAHOTYN, UP","    0",",,I",,,,,,,,
"UPM00033356","1982-07-09","50.217","31.8","128.0","YAHOTYN, UP","   46",",,I",,,,,,,,
"UPM00033356","1982-07-10","50.217","31.8","128.0","YAHOTYN, UP","   31",",,I",,,,,,,,
"UPM00033356","1982-07-11","50.217","31.8","128.0","YAHOTYN, UP","   13",",,I",,,,,,,,
"UPM00033356","1982-07-12","50.217","31.8","128.0","YAHOTYN, UP","    0",",,I",,,,,,,,
"UPM00033356","1982-07-13","50.217","31.8","128.0","YAHOTYN, UP","    0",",,I",,,,,,,,
"UPM00033356","1982-07-14","50.217","31.8","128.0","YAHOTYN, UP","    0",",,I",,,,,,,,
"UPM00033356","1982-07-15","50.217","31.8","128.0","YAHOTYN, UP","    0",",,I",,,,,"  170",",,S","  204","H,,S"
"UPM00033356","1982-07-16","50.217","31.8","128.0","YAHOTYN, UP","   14",",,I",,,,,,,,
"UPM00033356","1982-07-17","50.217","31.8","128.0","YAHOTYN, UP","    0",",,I",,,,,,,,
"UPM00033356","1982-07-18","50.217","31.8","128.0","YAHOTYN, UP","    0",",,I",,,,,,,,
"UPM00033356","1982-07-19","50.217","31.8","128.0","YAHOTYN, UP","    0",",,I",,,,,,,,
"UPM00033356","1982-07-20","50.217","31.8","128.0","YAHOTYN, UP","    0",",,I",,,,,,,,
"UPM00033356","1982-07-21","50.217","31.8","128.0","YAHOTYN, UP","    0",",,I",,,,,,,,
"UPM00033356","1982-07-22","50.217","31.8","128.0","YAHOTYN, UP","    0",",,I",,,,,,,,
"UPM00033356","1982-07-23","50.217","31.8","128.0","YAHOTYN, UP","    1",",,I",,,,,,,,
"UPM00033356","1982-07-24","50.217","31.8","128.0","YAHOTYN, UP","    0",",,I",,,,,,,,
"UPM00033356","1982-07-25","50.217","31.8","128.0","YAHOTYN, UP","    0",",,I",,,,,,,,
"UPM00033356","1982-07-26","50.217","31.8","128.0","YAHOTYN, UP","    0",",,I",,,,,,,,
"UPM00033356","1982-07-27","50.217","31.8","128.0","YAHOTYN, UP","    0",",,I",,,,,,,,
"UPM00033356","1982-07-28","50.217","31.8","128.0","YAHOTYN, UP","    0",",,I",,,,,,,,
"UPM00033356","1982-07-29","50.217","31.8","128.0","YAHOTYN, UP","   52",",,I",,,,,,,,
"UPM00033356","1982-07-30","50.217","31.8","128.0","YAHOTYN, UP","   67",",,I",,,,,,,,
"UPM00033356","1982-07-31","50.217","31.8","128.0","YAHOTYN, UP","   24",",,I",,,,,,,,
"UPM00033356","1982-08-01","50.217","31.8","128.0","YAHOTYN, UP","    1",",,I",,,,,,,,
"UPM00033356","1982-08-02","50.217","31.8","128.0","YAHOTYN, UP","   96",",,I",,,,,,,,
"UPM00033356","1982-08-03","50.217","31.8","128.0","YAHOTYN, UP","  162",",,I",,,,,,,,
"UPM00033356","1982-08-04","50.217","31.8","128.0","YAHOTYN, UP","    8",",,I",,,,,,,,
"UPM00033356","1982-08-05","50.217","31.8","128.0","YAHOTYN, UP","    0",",,I",,,,,,,,
"UPM00033356","1982-08-06","50.217","31.8","128.0","YAHOTYN, UP","   79",",,I",,,,,,,,
"UPM00033356","1982-08-07","50.217","31.8","128.0","YAHOTYN, UP","    0",",,I",,,,,,,,
"UPM00033356","1982-08-08","50.217","31.8","128.0","YAHOTYN, UP","    0",",,I",,,,,,,,
"UPM00033356","1982-08-09","50.217","31.8","128.0","YAHOTYN, UP","    0",",,I",,,,,,,,
"UPM00033356","1982-08-10","50.217","31.8","128.0","YAHOTYN, UP","    3",",,I",,,,,,,,
"UPM00033356","1982-08-11","50.217","31.8","128.0","YAHOTYN, UP","   70",",,I",,,,,,,,
"UPM00033356","1982-08-12","50.217","31.8","128.0","YAHOTYN, UP","    0",",,I",,,,,,,,
"UPM00033356","1982-08-13","50.217","31.8","128.0","YAHOTYN, UP","    0",",,I",,,,,,,,
"UPM00033356","1982-08-14","50.217","31.8","128.0","YAHOTYN, UP","    0",",,I",,,,,,,,
"UPM00033356","1982-08-15","50.217","31.8","128.0","YAHOTYN, UP","    0",",,I",,,,,,,,
"UPM00033356","1982-08-16","50.217","31.8","128.0","YAHOTYN, UP","    0",",,I",,,"  260",",,S","  106",",,S","  215","H,,S"
"UPM00033356","1982-08-17","50.217","31.8","128.0","YAHOTYN, UP","  100",",,I",,,"  212",",,S",,,"  178","H,,S"
"UPM00033356","1982-08-18","50.217","31.8","128.0","YAHOTYN, UP","    0",",,I",,,,,"  100",",,S","  174","H,,S"
"UPM00033356","1982-08-19","50.217","31.8","128.0","YAHOTYN, UP","    0",",,I",,,,,,,,
"UPM00033356","1982-08-20","50.217","31.8","128.0","YAHOTYN, UP","    0",",,I",,,,,,,,
"UPM00033356","1982-08-21","50.217","31.8","128.0","YAHOTYN, UP","    0",",,I",,,,,,,,
"UPM00033356","1982-08-22","50.217","31.8","128.0","YAHOTYN, UP","    0",",,I",,,,,,,,
"UPM00033356","1982-08-23","50.217","31.8","128.0","YAHOTYN, UP","   61",",,I",,,,,,,,
"UPM00033356","1982-08-24","50.217","31.8","128.0","YAHOTYN, UP","   16",",,I",,,,,,,,
"UPM00033356","1982-08-25","50.217","31.8","128.0","YAHOTYN, UP","    0",",,I",,,,,,,,
"UPM00033356","1982-08-26","50.217","31.8","128.0","YAHOTYN, UP","    0",",,I",,,,,,,,
"UPM00033356","1982-08-27","50.217","31.8","128.0","YAHOTYN, UP","    0",",,I",,,,,,,,
"UPM00033356","1982-08-28","50.217","31.8","128.0","YAHOTYN, UP","    0",",,I",,,,,,,,
"UPM00033356","1982-08-29","50.217","31.8","128.0","YAHOTYN, UP","    0",",,I",,,,,,,,
"UPM00033356","1982-08-30","50.217","31.8","128.0","YAHOTYN, UP","    0",",,I",,,,,,,,
"UPM00033356","1982-08-31","50.217","31.8","128.0","YAHOTYN, UP","    0",",,I",,,,,,,,
"UPM00033356","1982-09-01","50.217","31.8","128.0","YAHOTYN, UP","    8",",,I",,,,,,,,
"UPM00033356","1982-09-02","50.217","31.8","128.0","YAHOTYN, UP","    0",",,I",,,,,,,,
"UPM00033356","1982-09-03","50.217","31.8","128.0","YAHOTYN, UP","   72",",,I",,,,,,,,
"UPM00033356","1982-09-04","50.217","31.8","128.0","YAHOTYN, UP","    0",",,I",,,,,,,,
"UPM00033356","1982-09-05","50.217","31.8","128.0","YAHOTYN, UP","    0",",,I",,,,,,,,
"UPM00033356","1982-09-06","50.217","31.8","128.0","YAHOTYN, UP","    0",",,I",,,,,,,,
"UPM00033356","1982-09-07","50.217","31.8","128.0","YAHOTYN, UP","    0",",,I",,,,,,,,
"UPM00033356","1982-09-08","50.217","31.8","128.0","YAHOTYN, UP","    0",",,I",,,,,,,,
"UPM00033356","1982-09-09","50.217","31.8","128.0","YAHOTYN, UP","    0",",,I",,,,,,,,
"UPM00033356","1982-09-10","50.217","31.8","128.0","YAHOTYN, UP","  113",",,I",,,,,,,,
"UPM00033356","1982-09-11","50.217","31.8","128.0","YAHOTYN, UP","    0",",,I",,,,,,,,
"UPM00033356","1982-09-12","50.217","31.8","128.0","YAHOTYN, UP","    0",",,I",,,,,,,,
"UPM00033356","1982-09-13","50.217","31.8","128.0","YAHOTYN, UP","    0",",,I",,,,,,,,
"UPM00033356","1982-09-14","50.217","31.8","128.0","YAHOTYN, UP","    0",",,I",,,,,,,,
"UPM00033356","1982-09-15","50.217","31.8","128.0","YAHOTYN, UP","    0",",,I",,,,,,,,
"UPM00033356","1982-09-16","50.217","31.8","128.0","YAHOTYN, UP","    0",",,I",,,,,,,,
"UPM00033356","1982-09-17","50.217","31.8","128.0","YAHOTYN, UP","    0",",,I",,,,,,,,
"UPM00033356","1982-09-18","50.217","31.8","128.0","YAHOTYN, UP","    0",",,I",,,,,,,,
"UPM00033356","1982-09-19","50.217","31.8","128.0","YAHOTYN, UP","    0",",,I",,,,,,,,
"UPM00033356","1982-09-20","50.217","31.8","128.0","YAHOTYN, UP","    0",",,I",,,,,,,,
"UPM00033356","1982-09-21","50.217","31.8","128.0","YAHOTYN, UP","    0",",,I",,,,,,,,
"UPM00033356","1982-09-22","50.217","31.8","128.0","YAHOTYN, UP","    0",",,I",,,,,,,,
"UPM00033356","1982-09-23","50.217","31.8","128.0","YAHOTYN, UP","    0",",,I",,,,,,,,
"UPM00033356","1982-09-24","50.217","31.8","128.0","YAHOTYN, UP","    0",",,I",,,,,,,,
"UPM00033356","1982-09-25","50.217","31.8","128.0","YAHOTYN, UP","   50",",,I",,,,,,,,
"UPM00033356","1982-09-26","50.217","31.8","128.0","YAHOTYN, UP","    0",",,I",,,,,,,,
"UPM00033356","1982-09-27","50.217","31.8","128.0","YAHOTYN, UP","    0",",,I",,,,,,,,
"UPM00033356","1982-09-28","50.217","31.8","128.0","YAHOTYN, UP","    0",",,I",,,,,,,,
"UPM00033356","1982-09-29","50.217","31.8","128.0","YAHOTYN, UP","    0",",,I",,,,,,,,
"UPM00033356","1982-09-30","50.217","31.8","128.0","YAHOTYN, UP","    0",",,I",,,,,,,,
"UPM00033356","1982-10-01","50.217","31.8","128.0","YAHOTYN, UP","    0",",,I",,,,,,,,
"UPM00033356","1982-10-02","50.217","31.8","128.0","YAHOTYN, UP","    7",",,I",,,,,,,,
"UPM00033356","1982-10-03","50.217","31.8","128.0","YAHOTYN, UP","   12",",,I",,,,,,,,
"UPM00033356","1982-10-04","50.217","31.8","128.0","YAHOTYN, UP","    0",",,I",,,,,,,,
"UPM00033356","1982-10-05","50.217","31.8","128.0","YAHOTYN, UP","    0",",,I",,,,,,,,
"UPM00033356","1982-10-06","50.217","31.8","128.0","YAHOTYN, UP","    0",",,I",,,,,,,,
"UPM00033356","1982-10-07","50.217","31.8","128.0","YAHOTYN, UP","    0",",,I",,,,,,,,
"UPM00033356","1982-10-08","50.217","31.8","128.0","YAHOTYN, UP","   27",",,I",,,,,,,,
"UPM00033356","1982-10-09","50.217","31.8","128.0","YAHOTYN, UP","   14",",,I",,,,,,,,
"UPM00033356","1982-10-10","50.217","31.8","128.0","YAHOTYN, UP","    0",",,I",,,,,,,,
"UPM00033356","1982-10-11","50.217","31.8","128.0","YAHOTYN, UP","    0",",,I",,,"  106",",,S",,,"   89","H,,S"
"UPM00033356","1982-10-12","50.217","31.8","128.0","YAHOTYN, UP","    0",",,I",,,"  123",",,S",,,"   71","H,,S"
"UPM00033356","1982-10-13","50.217","31.8","128.0","YAHOTYN, UP","    9",",,I",,,,,,,,
"UPM00033356","1982-10-14","50.217","31.8","128.0","YAHOTYN, UP","    0",",,I",,,,,,,,
"UPM00033356","1982-10-15","50.217","31.8","128.0","YAHOTYN, UP","    1",",,I",,,,,,,,
"UPM00033356","1982-10-16","50.217","31.8","128.0","YAHOTYN, UP","   82",",,I",,,,,,,,
"UPM00033356","1982-10-17","50.217","31.8","128.0","YAHOTYN, UP","    0",",,I",,,,,,,,
"UPM00033356","1982-10-18","50.217","31.8","128.0","YAHOTYN, UP","    0",",,I",,,"   57",",,S",,,"   32","H,,S"
"UPM00033356","1982-10-19","50.217","31.8","128.0","YAHOTYN, UP","    0",",,I",,,,,"   -3",",,S","    8","H,,S"
"UPM00033356","1982-10-20","50.217","31.8","128.0","YAHOTYN, UP","    0",",,I",,,,,"  -36",",,S","   -9","H,,S"
"UPM00033356","1982-10-21","50.217","31.8","128.0","YAHOTYN, UP","    0",",,I",,,,,"  -56",",,S","   40","H,,S"
"UPM00033356","1982-10-22","50.217","31.8","128.0","YAHOTYN, UP","    0",",,I",,,,,,,,
"UPM00033356","1982-10-23","50.217","31.8","128.0","YAHOTYN, UP","    0",",,I",,,,,,,,
"UPM00033356","1982-10-24","50.217","31.8","128.0","YAHOTYN, UP","    0",",,I",,,,,,,,
"UPM00033356","1982-10-25","50.217","31.8","128.0","YAHOTYN, UP","    0",",,I",,,"  132",",,S",,,"   70","H,,S"
"UPM00033356","1982-10-26","50.217","31.8","128.0","YAHOTYN, UP","    0",",,I",,,,,,,,
"UPM00033356","1982-10-27","50.217","31.8","128.0","YAHOTYN, UP","    0",",,I",,,,,"   90",",,S","   95","H,,S"
"UPM00033356","1982-10-28","50.217","31.8","128.0","YAHOTYN, UP","    0",",,I",,,,,"   35",",,S","   53","H,,S"
"UPM00033356","1982-10-29","50.217","31.8","128.0","YAHOTYN, UP","    0",",,I",,,,,,,"   76","H,,S"
"UPM00033356","1982-10-30","50.217","31.8","128.0","YAHOTYN, UP","    0",",,I",,,,,"   10",",,S","   19","H,,S"
"UPM00033356","1982-10-31","50.217","31.8","128.0","YAHOTYN, UP","    0",",,I",,,,,,,,
"UPM00033356","1982-11-01","50.217","31.8","128.0","YAHOTYN, UP","    0",",,I",,,,,,,,
"UPM00033356","1982-11-02","50.217","31.8","128.0","YAHOTYN, UP","    1",",,I",,,,,,,,
"UPM00033356","1982-11-03","50.217","31.8","128.0","YAHOTYN, UP","    0",",,I",,,,,,,,
"UPM00033356","1982-11-04","50.217","31.8","128.0","YAHOTYN, UP","    0",",,I",,,,,,,,
"UPM00033356","1982-11-05","50.217","31.8","128.0","YAHOTYN, UP","    0",",,I",,,,,,,,
"UPM00033356","1982-11-06","50.217","31.8","128.0","YAHOTYN, UP","    0",",,I",,,,,,,,
"UPM00033356","1982-11-07","50.217","31.8","128.0","YAHOTYN, UP","    0",",,I",,,,,,,,
"UPM00033356","1982-11-08","50.217","31.8","128.0","YAHOTYN, UP","    0",",,I",,,,,,,,
"UPM00033356","1982-11-09","50.217","31.8","128.0","YAHOTYN, UP","    0",",,I",,,,,,,,
"UPM00033356","1982-11-10","50.217","31.8","128.0","YAHOTYN, UP","    0",",,I",,,,,,,,
"UPM00033356","1982-11-11","50.217","31.8","128.0","YAHOTYN, UP","    0",",,I",,,,,,,,
"UPM00033356","1982-11-12","50.217","31.8","128.0","YAHOTYN, UP","    0",",,I",,,,,,,,
"UPM00033356","1982-11-13","50.217","31.8","128.0","YAHOTYN, UP","    0",",,I",,,,,,,,
"UPM00033356","1982-11-14","50.217","31.8","128.0","YAHOTYN, UP","    0",",,I",,,,,,,,
"UPM00033356","1982-11-15","50.217","31.8","128.0","YAHOTYN, UP","    0",",,I",,,,,,,,
"UPM00033356","1982-11-16","50.217","31.8","128.0","YAHOTYN, UP","   36",",,I",,,,,,,,
"UPM00033356","1982-11-17","50.217","31.8","128.0","YAHOTYN, UP","   81",",,I",,,,,,,,
"UPM00033356","1982-11-18","50.217","31.8","128.0","YAHOTYN, UP","   34",",,I",,,,,,,,
"UPM00033356","1982-11-19","50.217","31.8","128.0","YAHOTYN, UP","   78",",,I",,,,,,,,
"UPM00033356","1982-11-20","50.217","31.8","128.0","YAHOTYN, UP","    0",",,I",,,,,,,,
"UPM00033356","1982-11-21","50.217","31.8","128.0","YAHOTYN, UP","    0",",,I",,,,,,,,
"UPM00033356","1982-11-22","50.217","31.8","128.0","YAHOTYN, UP","    0",",,I",,,,,,,,
"UPM00033356","1982-11-23","50.217","31.8","128.0","YAHOTYN, UP","    0",",,I",,,,,,,,
"UPM00033356","1982-11-24","50.217","31.8","128.0","YAHOTYN, UP","    0",",,I",,,,,,,,
"UPM00033356","1982-11-25","50.217","31.8","128.0","YAHOTYN, UP","    0",",,I",,,,,,,,
"UPM00033356","1982-11-26","50.217","31.8","128.0","YAHOTYN, UP","    0",",,I",,,,,,,,
"UPM00033356","1982-11-27","50.217","31.8","128.0","YAHOTYN, UP","    0",",,I",,,,,,,,
"UPM00033356","1982-11-28","50.217","31.8","128.0","YAHOTYN, UP","    0",",,I",,,,,,,,
"UPM00033356","1982-11-29","50.217","31.8","128.0","YAHOTYN, UP","    0",",,I",,,,,,,,
"UPM00033356","1982-11-30","50.217","31.8","128.0","YAHOTYN, UP","    0",",,I",,,,,,,,
"UPM00033356","1982-12-01","50.217","31.8","128.0","YAHOTYN, UP","    1",",,I",,,,,,,,
"UPM00033356","1982-12-02","50.217","31.8","128.0","YAHOTYN, UP","    0",",,I",,,,,,,,
"UPM00033356","1982-12-03","50.217","31.8","128.0","YAHOTYN, UP","    0",",,I",,,,,,,,
"UPM00033356","1982-12-04","50.217","31.8","128.0","YAHOTYN, UP","    0",",,I",,,,,,,,
"UPM00033356","1982-12-05","50.217","31.8","128.0","YAHOTYN, UP","    1",",,I",,,,,,,,
"UPM00033356","1982-12-06","50.217","31.8","128.0","YAHOTYN, UP","    0",",,I",,,,,,,,
"UPM00033356","1982-12-07","50.217","31.8","128.0","YAHOTYN, UP","    6",",,I",,,,,,,,
"UPM00033356","1982-12-08","50.217","31.8","128.0","YAHOTYN, UP","    0",",,I",,,,,,,,
"UPM00033356","1982-12-09","50.217","31.8","128.0","YAHOTYN, UP","   27",",,I",,,,,,,,
"UPM00033356","1982-12-10","50.217","31.8","128.0","YAHOTYN, UP","   12",",,I",,,,,,,,
"UPM00033356","1982-12-11","50.217","31.8","128.0","YAHOTYN, UP","    0",",,I",,,,,,,,
"UPM00033356","1982-12-12","50.217","31.8","128.0","YAHOTYN, UP","    0",",,I",,,,,,,,
"UPM00033356","1982-12-13","50.217","31.8","128.0","YAHOTYN, UP","  137",",,I",,,,,,,,
"UPM00033356","1982-12-14","50.217","31.8","128.0","YAHOTYN, UP","    0",",,I",,,,,,,,
"UPM00033356","1982-12-15","50.217","31.8","128.0","YAHOTYN, UP","    0",",,I",,,,,,,,
"UPM00033356","1982-12-16","50.217","31.8","128.0","YAHOTYN, UP","   31",",,I",,,,,,,,
"UPM00033356","1982-12-17","50.217","31.8","128.0","YAHOTYN, UP","   50",",,I",,,,,,,,
"UPM00033356","1982-12-18","50.217","31.8","128.0","YAHOTYN, UP","    0",",,I",,,,,,,,
"UPM00033356","1982-12-19","50.217","31.8","128.0","YAHOTYN, UP","  103",",,I",,,,,,,,
"UPM00033356","1982-12-20","50.217","31.8","128.0","YAHOTYN, UP","    6",",,I",,,,,,,,
"UPM00033356","1982-12-21","50.217","31.8","128.0","YAHOTYN, UP","    0",",,I",,,,,,,,
"UPM00033356","1982-12-22","50.217","31.8","128.0","YAHOTYN, UP","    0",",,I",,,,,,,,
"UPM00033356","1982-12-23","50.217","31.8","128.0","YAHOTYN, UP","    0",",,I",,,,,,,,
"UPM00033356","1982-12-24","50.217","31.8","128.0","YAHOTYN, UP","    0",",,I",,,,,,,,
"UPM00033356","1982-12-25","50.217","31.8","128.0","YAHOTYN, UP","    0",",,I",,,,,,,,
"UPM00033356","1982-12-26","50.217","31.8","128.0","YAHOTYN, UP","    1",",,I",,,,,,,,
"UPM00033356","1982-12-27","50.217","31.8","128.0","YAHOTYN, UP","    0",",,I",,,,,,,,
"UPM00033356","1982-12-28","50.217","31.8","128.0","YAHOTYN, UP","   44",",,I",,,,,,,,
"UPM00033356","1982-12-29","50.217","31.8","128.0","YAHOTYN, UP","    5",",,I",,,,,,,,
"UPM00033356","1982-12-30","50.217","31.8","128.0","YAHOTYN, UP","    2",",,I",,,,,,,,
"UPM00033356","1982-12-31","50.217","31.8","128.0","YAHOTYN, UP","   35",",,I",,,,,,,,
"UPM00033356","1983-01-01","50.217","31.8","128.0","YAHOTYN, UP","    7",",,I",,,,,,,,
"UPM00033356","1983-01-02","50.217","31.8","128.0","YAHOTYN, UP","    0",",,I",,,,,,,,
"UPM00033356","1983-01-03","50.217","31.8","128.0","YAHOTYN, UP","    6",",,I",,,,,,,,
"UPM00033356","1983-01-04","50.217","31.8","128.0","YAHOTYN, UP","    5",",,I",,,,,,,,
"UPM00033356","1983-01-05","50.217","31.8","128.0","YAHOTYN, UP","    5",",,I",,,,,,,,
"UPM00033356","1983-01-06","50.217","31.8","128.0","YAHOTYN, UP","    4",",,I",,,,,,,,
"UPM00033356","1983-01-07","50.217","31.8","128.0","YAHOTYN, UP","    7",",,I",,,,,,,,
"UPM00033356","1983-01-08","50.217","31.8","128.0","YAHOTYN, UP","    0",",,I",,,,,,,,
"UPM00033356","1983-01-09","50.217","31.8","128.0","YAHOTYN, UP","   15",",,I",,,,,,,,
"UPM00033356","1983-01-10","50.217","31.8","128.0","YAHOTYN, UP","    0",",,I",,,,,,,,
"UPM00033356","1983-01-11","50.217","31.8","128.0","YAHOTYN, UP","    5",",,I",,,,,,,,
"UPM00033356","1983-01-12","50.217","31.8","128.0","YAHOTYN, UP","    4",",,I",,,,,,,,
"UPM00033356","1983-01-13","50.217","31.8","128.0","YAHOTYN, UP","    0",",,I",,,,,,,,
"UPM00033356","1983-01-14","50.217","31.8","128.0","YAHOTYN, UP","    0",",,I",,,,,,,,
"UPM00033356","1983-01-15","50.217","31.8","128.0","YAHOTYN, UP","    0",",,I",,,,,,,,
"UPM00033356","1983-01-16","50.217","31.8","128.0","YAHOTYN, UP","   70",",,I",,,,,,,,
"UPM00033356","1983-01-17","50.217","31.8","128.0","YAHOTYN, UP","    2",",,I",,,,,,,,
"UPM00033356","1983-01-18","50.217","31.8","128.0","YAHOTYN, UP","   12",",,I",,,,,,,,
"UPM00033356","1983-01-19","50.217","31.8","128.0","YAHOTYN, UP","   20",",,I",,,,,,,,
"UPM00033356","1983-01-20","50.217","31.8","128.0","YAHOTYN, UP","    2",",,I",,,,,,,,
"UPM00033356","1983-01-21","50.217","31.8","128.0","YAHOTYN, UP","    2",",,I",,,,,,,,
"UPM00033356","1983-01-22","50.217","31.8","128.0","YAHOTYN, UP","   17",",,I",,,,,,,,
"UPM00033356","1983-01-23","50.217","31.8","128.0","YAHOTYN, UP","    0",",,I",,,,,,,,
"UPM00033356","1983-01-24","50.217","31.8","128.0","YAHOTYN, UP","    2",",,I",,,,,,,,
"UPM00033356","1983-01-25","50.217","31.8","128.0","YAHOTYN, UP","    0",",,I",,,,,,,,
"UPM00033356","1983-01-26","50.217","31.8","128.0","YAHOTYN, UP","   16",",,I",,,,,,,,
"UPM00033356","1983-01-27","50.217","31.8","128.0","YAHOTYN, UP","    0",",,I",,,,,,,,
"UPM00033356","1983-01-28","50.217","31.8","128.0","YAHOTYN, UP","   19",",,I",,,,,,,,
"UPM00033356","1983-01-29","50.217","31.8","128.0","YAHOTYN, UP","    3",",,I",,,,,,,,
"UPM00033356","1983-01-30","50.217","31.8","128.0","YAHOTYN, UP","    5",",,I",,,,,,,"   32","H,,S"
"UPM00033356","1983-01-31","50.217","31.8","128.0","YAHOTYN, UP","   30",",,I",,,,,,,,
"UPM00033356","1983-02-01","50.217","31.8","128.0","YAHOTYN, UP","   11",",,I",,,,,,,,
"UPM00033356","1983-02-02","50.217","31.8","128.0","YAHOTYN, UP","    6",",,I",,,,,,,,
"UPM00033356","1983-02-03","50.217","31.8","128.0","YAHOTYN, UP","    4",",,I",,,,,,,,
"UPM00033356","1983-02-04","50.217","31.8","128.0","YAHOTYN, UP","    0",",,I",,,,,,,,
"UPM00033356","1983-02-05","50.217","31.8","128.0","YAHOTYN, UP","   93",",,I",,,,,,,,
"UPM00033356","1983-02-06","50.217","31.8","128.0","YAHOTYN, UP","    4",",,I",,,,,,,,
"UPM00033356","1983-02-07","50.217","31.8","128.0","YAHOTYN, UP","    0",",,I",,,,,,,,
"UPM00033356","1983-02-08","50.217","31.8","128.0","YAHOTYN, UP","   63",",,I",,,,,,,,
"UPM00033356","1983-02-09","50.217","31.8","128.0","YAHOTYN, UP","   23",",,I",,,,,,,,
"UPM00033356","1983-02-10","50.217","31.8","128.0","YAHOTYN, UP","   25",",,I",,,"   15",",,S",,,"    2","H,,S"
"UPM00033356","1983-02-11","50.217","31.8","128.0","YAHOTYN, UP","    6",",,I",,,,,,,,
"UPM00033356","1983-02-12","50.217","31.8","128.0","YAHOTYN, UP","   29",",,I",,,,,,,,
"UPM00033356","1983-02-13","50.217","31.8","128.0","YAHOTYN, UP","   30",",,I",,,,,,,,
"UPM00033356","1983-02-14","50.217","31.8","128.0","YAHOTYN, UP","   14",",,I",,,,,,,,
"UPM00033356","1983-02-15","50.217","31.8","128.0","YAHOTYN, UP","    0",",,I",,,,,,,,
"UPM00033356","1983-02-16","50.217","31.8","128.0","YAHOTYN, UP","    6",",,I",,,,,,,,
"UPM00033356","1983-02-17","50.217","31.8","128.0","YAHOTYN, UP","   11",",,I",,,,,,,,
"UPM00033356","1983-02-18","50.217","31.8","128.0","YAHOTYN, UP","    0",",,I",,,,,,,,
"UPM00033356","1983-02-19","50.217","31.8","128.0","YAHOTYN, UP","    5",",,I",,,,,,,,
"UPM00033356","1983-02-20","50.217","31.8","128.0","YAHOTYN, UP","   45",",,I",,,,,,,,
"UPM00033356","1983-02-21","50.217","31.8","128.0","YAHOTYN, UP","   16",",,I",,,,,,,,
"UPM00033356","1983-02-22","50.217","31.8","128.0","YAHOTYN, UP","    5",",,I",,,,,,,,
"UPM00033356","1983-02-23","50.217","31.8","128.0","YAHOTYN, UP","    2",",,I",,,,,,,,
"UPM00033356","1983-02-24","50.217","31.8","128.0","YAHOTYN, UP","    0",",,I",,,,,,,,
"UPM00033356","1983-02-25","50.217","31.8","128.0","YAHOTYN, UP","    0",",,I",,,,,,,,
"UPM00033356","1983-02-26","50.217","31.8","128.0","YAHOTYN, UP","    0",",,I",,,,,,,,
"UPM00033356","1983-02-27","50.217","31.8","128.0","YAHOTYN, UP","    0",",,I",,,,,,,,
"UPM00033356","1983-02-28","50.217","31.8","128.0","YAHOTYN, UP","    2",",,I",,,,,,,,
"UPM00033356","1983-03-01","50.217","31.8","128.0","YAHOTYN, UP","    0",",,I",,,,,,,,
"UPM00033356","1983-03-02","50.217","31.8","128.0","YAHOTYN, UP","    0",",,I",,,,,,,,
"UPM00033356","1983-03-03","50.217","31.8","128.0","YAHOTYN, UP","    0",",,I",,,,,,,,
"UPM00033356","1983-03-04","50.217","31.8","128.0","YAHOTYN, UP","    2",",,I",,,,,,,,
"UPM00033356","1983-03-05","50.217","31.8","128.0","YAHOTYN, UP","   21",",,I",,,,,,,,
"UPM00033356","1983-03-06","50.217","31.8","128.0","YAHOTYN, UP","   16",",,I",,,,,,,,
"UPM00033356","1983-03-07","50.217","31.8","128.0","YAHOTYN, UP","   49",",,I",,,,,,,,
"UPM00033356","1983-03-08","50.217","31.8","128.0","YAHOTYN, UP","    4",",,I",,,,,,,,
"UPM00033356","1983-03-09","50.217","31.8","128.0","YAHOTYN, UP","   17",",,I",,,,,,,,
"UPM00033356","1983-03-10","50.217","31.8","128.0","YAHOTYN, UP","   11",",,I",,,,,,,,
"UPM00033356","1983-03-11","50.217","31.8","128.0","YAHOTYN, UP","  107",",,I",,,,,,,,
"UPM00033356","1983-03-12","50.217","31.8","128.0","YAHOTYN, UP","    5",",,I",,,,,,,,
"UPM00033356","1983-03-13","50.217","31.8","128.0","YAHOTYN, UP","    0",",,I",,,,,,,,
"UPM00033356","1983-03-14","50.217","31.8","128.0","YAHOTYN, UP","    0",",,I",,,,,,,,
"UPM00033356","1983-03-15","50.217","31.8","128.0","YAHOTYN, UP","    0",",,I",,,,,,,,
"UPM00033356","1983-03-16","50.217","31.8","128.0","YAHOTYN, UP","    0",",,I",,,,,,,,
"UPM00033356","1983-03-17","50.217","31.8","128.0","YAHOTYN, UP","    0",",,I",,,,,,,,
"UPM00033356","1983-03-18","50.217","31.8","128.0","YAHOTYN, UP","    0",",,I",,,,,,,,
"UPM00033356","1983-03-19","50.217","31.8","128.0","YAHOTYN, UP","    0",",,I",,,,,,,,
"UPM00033356","1983-03-20","50.217","31.8","128.0","YAHOTYN, UP","    0",",,I",,,,,,,,
"UPM00033356","1983-03-21","50.217","31.8","128.0","YAHOTYN, UP","   37",",,I",,,,,,,,
"UPM00033356","1983-03-22","50.217","31.8","128.0","YAHOTYN, UP","    0",",,I",,,,,,,,
"UPM00033356","1983-03-23","50.217","31.8","128.0","YAHOTYN, UP","  129",",,I",,,,,,,,
"UPM00033356","1983-03-24","50.217","31.8","128.0","YAHOTYN, UP","    0",",,I",,,,,,,,
"UPM00033356","1983-03-25","50.217","31.8","128.0","YAHOTYN, UP","    0",",,I",,,,,,,,
"UPM00033356","1983-03-26","50.217","31.8","128.0","YAHOTYN, UP","    0",",,I",,,,,,,,
"UPM00033356","1983-03-27","50.217","31.8","128.0","YAHOTYN, UP","    0",",,I",,,,,,,,
"UPM00033356","1983-03-28","50.217","31.8","128.0","YAHOTYN, UP","   11",",,I",,,,,,,,
"UPM00033356","1983-03-29","50.217","31.8","128.0","YAHOTYN, UP","    7",",,I",,,,,,,,
"UPM00033356","1983-03-30","50.217","31.8","128.0","YAHOTYN, UP","    0",",,I",,,,,,,,
"UPM00033356","1983-03-31","50.217","31.8","128.0","YAHOTYN, UP","    0",",,I",,,,,,,,
"UPM00033356","1983-04-01","50.217","31.8","128.0","YAHOTYN, UP","    0",",,I",,,,,,,,
"UPM00033356","1983-04-02","50.217","31.8","128.0","YAHOTYN, UP","    0",",,I",,,,,,,,
"UPM00033356","1983-04-03","50.217","31.8","128.0","YAHOTYN, UP","   30",",,I",,,,,,,,
"UPM00033356","1983-04-04","50.217","31.8","128.0","YAHOTYN, UP","   49",",,I",,,,,,,,
"UPM00033356","1983-04-05","50.217","31.8","128.0","YAHOTYN, UP","   36",",,I",,,,,,,,
"UPM00033356","1983-04-06","50.217","31.8","128.0","YAHOTYN, UP","   58",",,I",,,,,,,,
"UPM00033356","1983-04-07","50.217","31.8","128.0","YAHOTYN, UP","    0",",,I",,,,,,,,
"UPM00033356","1983-04-08","50.217","31.8","128.0","YAHOTYN, UP","    0",",,I",,,,,,,,
"UPM00033356","1983-04-09","50.217","31.8","128.0","YAHOTYN, UP","    0",",,I",,,,,,,,
"UPM00033356","1983-04-10","50.217","31.8","128.0","YAHOTYN, UP","   25",",,I",,,,,,,,
"UPM00033356","1983-04-11","50.217","31.8","128.0","YAHOTYN, UP","    0",",,I",,,,,,,,
"UPM00033356","1983-04-12","50.217","31.8","128.0","YAHOTYN, UP","    0",",,I",,,,,,,,
"UPM00033356","1983-04-13","50.217","31.8","128.0","YAHOTYN, UP","    0",",,I",,,,,,,,
"UPM00033356","1983-04-14","50.217","31.8","128.0","YAHOTYN, UP","   42",",,I",,,,,,,,
"UPM00033356","1983-04-15","50.217","31.8","128.0","YAHOTYN, UP","   60",",,I",,,,,,,,
"UPM00033356","1983-04-16","50.217","31.8","128.0","YAHOTYN, UP","    0",",,I",,,,,,,,
"UPM00033356","1983-04-17","50.217","31.8","128.0","YAHOTYN, UP","    4",",,I",,,,,,,,
"UPM00033356","1983-04-18","50.217","31.8","128.0","YAHOTYN, UP","   24",",,I",,,,,,,,
"UPM00033356","1983-04-19","50.217","31.8","128.0","YAHOTYN, UP","    0",",,I",,,,,,,,
"UPM00033356","1983-04-20","50.217","31.8","128.0","YAHOTYN, UP","    0",",,I",,,,,,,,
"UPM00033356","1983-04-21","50.217","31.8","128.0","YAHOTYN, UP","    0",",,I",,,,,,,,
"UPM00033356","1983-04-22","50.217","31.8","128.0","YAHOTYN, UP","    0",",,I",,,,,,,,
"UPM00033356","1983-04-23","50.217","31.8","128.0","YAHOTYN, UP","    0",",,I",,,,,,,,
"UPM00033356","1983-04-24","50.217","31.8","128.0","YAHOTYN, UP","    0",",,I",,,,,,,,
"UPM00033356","1983-04-25","50.217","31.8","128.0","YAHOTYN, UP","    0",",,I",,,,,,,,
"UPM00033356","1983-04-26","50.217","31.8","128.0","YAHOTYN, UP","    0",",,I",,,,,,,,
"UPM00033356","1983-04-27","50.217","31.8","128.0","YAHOTYN, UP","    8",",,I",,,,,,,,
"UPM00033356","1983-04-28","50.217","31.8","128.0","YAHOTYN, UP","   13",",,I",,,,,,,,
"UPM00033356","1983-04-29","50.217","31.8","128.0","YAHOTYN, UP","    0",",,I",,,,,,,,
"UPM00033356","1983-04-30","50.217","31.8","128.0","YAHOTYN, UP","   80",",,I",,,,,,,,
"UPM00033356","1983-05-01","50.217","31.8","128.0","YAHOTYN, UP","    0",",,I",,,,,,,,
"UPM00033356","1983-05-02","50.217","31.8","128.0","YAHOTYN, UP","   17",",,I",,,,,,,,
"UPM00033356","1983-05-03","50.217","31.8","128.0","YAHOTYN, UP","  125",",,I",,,,,,,,
"UPM00033356","1983-05-04","50.217","31.8","128.0","YAHOTYN, UP","   26",",,I",,,,,,,,
"UPM00033356","1983-05-05","50.217","31.8","128.0","YAHOTYN, UP","    0",",,I",,,,,,,,
"UPM00033356","1983-05-06","50.217","31.8","128.0","YAHOTYN, UP","    0",",,I",,,,,,,,
"UPM00033356","1983-05-07","50.217","31.8","128.0","YAHOTYN, UP","    0",",,I",,,,,,,,
"UPM00033356","1983-05-08","50.217","31.8","128.0","YAHOTYN, UP","    7",",,I",,,,,,,,
"UPM00033356","1983-05-09","50.217","31.8","128.0","YAHOTYN, UP","    0",",,I",,,,,,,,
"UPM00033356","1983-05-10","50.217","31.8","128.0","YAHOTYN, UP","    0",",,I",,,,,,,,
"UPM00033356","1983-05-11","50.217","31.8","128.0","YAHOTYN, UP","    0",",,I",,,,,,,,
"UPM00033356","1983-05-12","50.217","31.8","128.0","YAHOTYN, UP","    0",",,I",,,,,,,,
"UPM00033356","1983-05-13","50.217","31.8","128.0","YAHOTYN, UP","    1",",,I",,,,,,,,
"UPM00033356","1983-05-14","50.217","31.8","128.0","YAHOTYN, UP","    0",",,I",,,,,,,,
"UPM00033356","1983-05-15","50.217","31.8","128.0","YAHOTYN, UP","    0",",,I",,,,,,,,
"UPM00033356","1983-05-16","50.217","31.8","128.0","YAHOTYN, UP","    0",",,I",,,,,,,,
"UPM00033356","1983-05-17","50.217","31.8","128.0","YAHOTYN, UP","    0",",,I",,,,,,,,
"UPM00033356","1983-05-18","50.217","31.8","128.0","YAHOTYN, UP","    0",",,I",,,,,,,,
"UPM00033356","1983-05-19","50.217","31.8","128.0","YAHOTYN, UP","    0",",,I",,,,,,,,
"UPM00033356","1983-05-20","50.217","31.8","128.0","YAHOTYN, UP","    0",",,I",,,,,,,,
"UPM00033356","1983-05-21","50.217","31.8","128.0","YAHOTYN, UP","    0",",,I",,,,,,,,
"UPM00033356","1983-05-22","50.217","31.8","128.0","YAHOTYN, UP","    0",",,I",,,,,,,,
"UPM00033356","1983-05-23","50.217","31.8","128.0","YAHOTYN, UP","    0",",,I",,,,,,,,
"UPM00033356","1983-05-24","50.217","31.8","128.0","YAHOTYN, UP","    0",",,I",,,,,,,,
"UPM00033356","1983-05-25","50.217","31.8","128.0","YAHOTYN, UP","    0",",,I",,,,,,,,
"UPM00033356","1983-05-26","50.217","31.8","128.0","YAHOTYN, UP","   55",",,I",,,,,,,,
"UPM00033356","1983-05-27","50.217","31.8","128.0","YAHOTYN, UP","   12",",,I",,,,,,,,
"UPM00033356","1983-05-28","50.217","31.8","128.0","YAHOTYN, UP","    0",",,I",,,,,,,,
"UPM00033356","1983-05-29","50.217","31.8","128.0","YAHOTYN, UP","    0",",,I",,,,,,,,
"UPM00033356","1983-05-30","50.217","31.8","128.0","YAHOTYN, UP","    0",",,I",,,,,,,,
"UPM00033356","1983-05-31","50.217","31.8","128.0","YAHOTYN, UP","   12",",,I",,,,,,,,
"UPM00033356","1983-07-01","50.217","31.8","128.0","YAHOTYN, UP","    0",",,I",,,,,,,,
"UPM00033356","1983-07-02","50.217","31.8","128.0","YAHOTYN, UP","   36",",,I",,,,,,,,
"UPM00033356","1983-07-03","50.217","31.8","128.0","YAHOTYN, UP","    0",",,I",,,,,,,,
"UPM00033356","1983-07-04","50.217","31.8","128.0","YAHOTYN, UP","    0",",,I",,,,,,,,
"UPM00033356","1983-07-05","50.217","31.8","128.0","YAHOTYN, UP","    0",",,I",,,,,,,,
"UPM00033356","1983-07-06","50.217","31.8","128.0","YAHOTYN, UP","    0",",,I",,,,,,,,
"UPM00033356","1983-07-07","50.217","31.8","128.0","YAHOTYN, UP","    0",",,I",,,,,,,,
"UPM00033356","1983-07-08","50.217","31.8","128.0","YAHOTYN, UP","    0",",,I",,,,,,,,
"UPM00033356","1983-07-09","50.217","31.8","128.0","YAHOTYN, UP","    0",",,I",,,,,,,,
"UPM00033356","1983-07-10","50.217","31.8","128.0","YAHOTYN, UP","    0",",,I",,,,,,,,
"UPM00033356","1983-07-11","50.217","31.8","128.0","YAHOTYN, UP","    0",",,I",,,,,,,,
"UPM00033356","1983-07-12","50.217","31.8","128.0","YAHOTYN, UP","    0",",,I",,,,,,,,
"UPM00033356","1983-07-13","50.217","31.8","128.0","YAHOTYN, UP","   14",",,I",,,,,,,,
"UPM00033356","1983-07-14","50.217","31.8","128.0","YAHOTYN, UP","    4",",,I",,,,,,,,
"UPM00033356","1983-07-15","50.217","31.8","128.0","YAHOTYN, UP","    0",",,I",,,,,,,,
"UPM00033356","1983-07-16","50.217","31.8","128.0","YAHOTYN, UP","    0",",,I",,,,,,,,
"UPM00033356","1983-07-17","50.217","31.8","128.0","YAHOTYN, UP","    0",",,I",,,,,,,,
"UPM00033356","1983-07-18","50.217","31.8","128.0","YAHOTYN, UP","    0",",,I",,,,,,,,
"UPM00033356","1983-07-19","50.217","31.8","128.0","YAHOTYN, UP","    0",",,I",,,,,,,,
"UPM00033356","1983-07-20","50.217","31.8","128.0","YAHOTYN, UP","    0",",,I",,,,,,,,
"UPM00033356","1983-07-21","50.217","31.8","128.0","YAHOTYN, UP","   11",",,I",,,,,,,,
"UPM00033356","1983-07-22","50.217","31.8","128.0","YAHOTYN, UP","   23",",,I",,,,,,,,
"UPM00033356","1983-07-23","50.217","31.8","128.0","YAHOTYN, UP","    3",",,I",,,,,,,,
"UPM00033356","1983-07-24","50.217","31.8","128.0","YAHOTYN, UP","   12",",,I",,,,,,,,
"UPM00033356","1983-07-25","50.217","31.8","128.0","YAHOTYN, UP","    0",",,I",,,,,,,,
"UPM00033356","1983-07-26","50.217","31.8","128.0","YAHOTYN, UP","   76",",,I",,,,,,,,
"UPM00033356","1983-07-27","50.217","31.8","128.0","YAHOTYN, UP","    0",",,I",,,,,,,,
"UPM00033356","1983-07-28","50.217","31.8","128.0","YAHOTYN, UP","    0",",,I",,,,,,,,
"UPM00033356","1983-07-29","50.217","31.8","128.0","YAHOTYN, UP","    3",",,I",,,,,,,,
"UPM00033356","1983-07-30","50.217","31.8","128.0","YAHOTYN, UP","   17",",,I",,,,,,,,
"UPM00033356","1983-07-31","50.217","31.8","128.0","YAHOTYN, UP","    0",",,I",,,,,,,,
"UPM00033356","1983-08-01","50.217","31.8","128.0","YAHOTYN, UP","    0",",,I",,,,,,,,
"UPM00033356","1983-08-02","50.217","31.8","128.0","YAHOTYN, UP","    0",",,I",,,,,,,,
"UPM00033356","1983-08-03","50.217","31.8","128.0","YAHOTYN, UP","    0",",,I",,,,,,,,
"UPM00033356","1983-08-04","50.217","31.8","128.0","YAHOTYN, UP","    0",",,I",,,,,,,,
"UPM00033356","1983-08-05","50.217","31.8","128.0","YAHOTYN, UP","    0",",,I",,,,,,,,
"UPM00033356","1983-08-06","50.217","31.8","128.0","YAHOTYN, UP","    0",",,I",,,,,,,,
"UPM00033356","1983-08-07","50.217","31.8","128.0","YAHOTYN, UP","    0",",,I",,,,,,,,
"UPM00033356","1983-08-08","50.217","31.8","128.0","YAHOTYN, UP","    0",",,I",,,,,,,,
"UPM00033356","1983-08-09","50.217","31.8","128.0","YAHOTYN, UP","   45",",,I",,,,,,,,
"UPM00033356","1983-08-10","50.217","31.8","128.0","YAHOTYN, UP","  157",",,I",,,,,,,,
"UPM00033356","1983-08-11","50.217","31.8","128.0","YAHOTYN, UP","  224",",,I",,,,,,,,
"UPM00033356","1983-08-12","50.217","31.8","128.0","YAHOTYN, UP","   54",",,I",,,,,,,,
"UPM00033356","1983-08-13","50.217","31.8","128.0","YAHOTYN, UP","   39",",,I",,,,,,,,
"UPM00033356","1983-08-14","50.217","31.8","128.0","YAHOTYN, UP","   20",",,I",,,,,,,,
"UPM00033356","1983-08-15","50.217","31.8","128.0","YAHOTYN, UP","    0",",,I",,,,,,,,
"UPM00033356","1983-08-16","50.217","31.8","128.0","YAHOTYN, UP","    0",",,I",,,,,,,,
"UPM00033356","1983-08-17","50.217","31.8","128.0","YAHOTYN, UP","    0",",,I",,,,,,,,
"UPM00033356","1983-08-18","50.217","31.8","128.0","YAHOTYN, UP","    0",",,I",,,,,,,,
"UPM00033356","1983-08-19","50.217","31.8","128.0","YAHOTYN, UP","    0",",,I",,,,,,,,
"UPM00033356","1983-08-20","50.217","31.8","128.0","YAHOTYN, UP","    0",",,I",,,,,,,,
"UPM00033356","1983-08-21","50.217","31.8","128.0","YAHOTYN, UP","    0",",,I",,,,,,,,
"UPM00033356","1983-08-22","50.217","31.8","128.0","YAHOTYN, UP","    0",",,I",,,,,,,,
"UPM00033356","1983-08-23","50.217","31.8","128.0","YAHOTYN, UP","    0",",,I",,,,,,,,
"UPM00033356","1983-08-24","50.217","31.8","128.0","YAHOTYN, UP","    0",",,I",,,,,,,,
"UPM00033356","1983-08-25","50.217","31.8","128.0","YAHOTYN, UP","    0",",,I",,,,,,,,
"UPM00033356","1983-08-26","50.217","31.8","128.0","YAHOTYN, UP","    0",",,I",,,,,,,,
"UPM00033356","1983-08-27","50.217","31.8","128.0","YAHOTYN, UP","  102",",,I",,,,,,,,
"UPM00033356","1983-08-28","50.217","31.8","128.0","YAHOTYN, UP","    0",",,I",,,,,,,,
"UPM00033356","1983-08-29","50.217","31.8","128.0","YAHOTYN, UP","    0",",,I",,,,,,,,
"UPM00033356","1983-08-30","50.217","31.8","128.0","YAHOTYN, UP","    0",",,I",,,,,,,,
"UPM00033356","1983-08-31","50.217","31.8","128.0","YAHOTYN, UP","    0",",,I",,,,,,,,
"UPM00033356","1983-09-01","50.217","31.8","128.0","YAHOTYN, UP","    0",",,I",,,,,,,,
"UPM00033356","1983-09-02","50.217","31.8","128.0","YAHOTYN, UP","    0",",,I",,,,,,,,
"UPM00033356","1983-09-03","50.217","31.8","128.0","YAHOTYN, UP","    0",",,I",,,,,,,,
"UPM00033356","1983-09-04","50.217","31.8","128.0","YAHOTYN, UP","    0",",,I",,,,,,,,
"UPM00033356","1983-09-05","50.217","31.8","128.0","YAHOTYN, UP","    0",",,I",,,,,,,,
"UPM00033356","1983-09-06","50.217","31.8","128.0","YAHOTYN, UP","    0",",,I",,,,,,,,
"UPM00033356","1983-09-07","50.217","31.8","128.0","YAHOTYN, UP","    0",",,I",,,,,,,,
"UPM00033356","1983-09-08","50.217","31.8","128.0","YAHOTYN, UP","   81",",,I",,,,,,,,
"UPM00033356","1983-09-09","50.217","31.8","128.0","YAHOTYN, UP","    0",",,I",,,,,,,,
"UPM00033356","1983-09-10","50.217","31.8","128.0","YAHOTYN, UP","    8",",,I",,,,,,,,
"UPM00033356","1983-09-11","50.217","31.8","128.0","YAHOTYN, UP","    4",",,I",,,,,,,,
"UPM00033356","1983-09-12","50.217","31.8","128.0","YAHOTYN, UP","    0",",,I",,,,,,,,
"UPM00033356","1983-09-13","50.217","31.8","128.0","YAHOTYN, UP","    0",",,I",,,,,,,,
"UPM00033356","1983-09-14","50.217","31.8","128.0","YAHOTYN, UP","   30",",,I",,,,,,,,
"UPM00033356","1983-09-15","50.217","31.8","128.0","YAHOTYN, UP","    0",",,I",,,,,,,,
"UPM00033356","1983-09-16","50.217","31.8","128.0","YAHOTYN, UP","    0",",,I",,,,,,,,
"UPM00033356","1983-09-17","50.217","31.8","128.0","YAHOTYN, UP","    0",",,I",,,,,,,,
"UPM00033356","1983-09-18","50.217","31.8","128.0","YAHOTYN, UP","    0",",,I",,,,,,,,
"UPM00033356","1983-09-19","50.217","31.8","128.0","YAHOTYN, UP","    0",",,I",,,,,,,,
"UPM00033356","1983-09-20","50.217","31.8","128.0","YAHOTYN, UP","    0",",,I",,,,,,,,
"UPM00033356","1983-09-21","50.217","31.8","128.0","YAHOTYN, UP","    0",",,I",,,,,,,,
"UPM00033356","1983-09-22","50.217","31.8","128.0","YAHOTYN, UP","    0",",,I",,,,,,,,
"UPM00033356","1983-09-23","50.217","31.8","128.0","YAHOTYN, UP","    9",",,I",,,,,,,,
"UPM00033356","1983-09-24","50.217","31.8","128.0","YAHOTYN, UP","    4",",,I",,,,,,,,
"UPM00033356","1983-09-25","50.217","31.8","128.0","YAHOTYN, UP","    0",",,I",,,,,,,,
"UPM00033356","1983-09-26","50.217","31.8","128.0","YAHOTYN, UP","    0",",,I",,,,,,,,
"UPM00033356","1983-09-27","50.217","31.8","128.0","YAHOTYN, UP","    0",",,I",,,,,,,,
"UPM00033356","1983-09-28","50.217","31.8","128.0","YAHOTYN, UP","    0",",,I",,,,,,,,
"UPM00033356","1983-09-29","50.217","31.8","128.0","YAHOTYN, UP","    0",",,I",,,,,,,,
"UPM00033356","1983-09-30","50.217","31.8","128.0","YAHOTYN, UP","    0",",,I",,,,,,,,
"UPM00033356","1983-10-01","50.217","31.8","128.0","YAHOTYN, UP","   40",",,I",,,,,,,,
"UPM00033356","1983-10-02","50.217","31.8","128.0","YAHOTYN, UP","    0",",,I",,,,,,,"   54","H,,S"
"UPM00033356","1983-10-03","50.217","31.8","128.0","YAHOTYN, UP","   11",",,I",,,,,,,,
"UPM00033356","1983-10-04","50.217","31.8","128.0","YAHOTYN, UP","    6",",,I",,,,,,,,
"UPM00033356","1983-10-05","50.217","31.8","128.0","YAHOTYN, UP","    7",",,I",,,,,,,,
"UPM00033356","1983-10-06","50.217","31.8","128.0","YAHOTYN, UP","   41",",,I",,,,,,,,
"UPM00033356","1983-10-07","50.217","31.8","128.0","YAHOTYN, UP","   43",",,I",,,,,,,,
"UPM00033356","1983-10-08","50.217","31.8","128.0","YAHOTYN, UP","    0",",,I",,,,,,,,
"UPM00033356","1983-10-09","50.217","31.8","128.0","YAHOTYN, UP","    0",",,I",,,,,,,,
"UPM00033356","1983-10-10","50.217","31.8","128.0","YAHOTYN, UP","   52",",,I",,,,,,,,
"UPM00033356","1983-10-11","50.217","31.8","128.0","YAHOTYN, UP","    0",",,I",,,,,,,,
"UPM00033356","1983-10-12","50.217","31.8","128.0","YAHOTYN, UP","   18",",,I",,,,,,,,
"UPM00033356","1983-10-13","50.217","31.8","128.0","YAHOTYN, UP","   41",",,I",,,,,,,,
"UPM00033356","1983-10-14","50.217","31.8","128.0","YAHOTYN, UP","    0",",,I",,,,,,,,
"UPM00033356","1983-10-15","50.217","31.8","128.0","YAHOTYN, UP","    0",",,I",,,,,,,,
"UPM00033356","1983-10-16","50.217","31.8","128.0","YAHOTYN, UP","    0",",,I",,,,,,,,
"UPM00033356","1983-10-17","50.217","31.8","128.0","YAHOTYN, UP","    0",",,I",,,,,,,,
"UPM00033356","1983-10-18","50.217","31.8","128.0","YAHOTYN, UP","    0",",,I",,,,,,,,
"UPM00033356","1983-10-19","50.217","31.8","128.0","YAHOTYN, UP","    0",",,I",,,,,,,,
"UPM00033356","1983-10-20","50.217","31.8","128.0","YAHOTYN, UP","    0",",,I",,,,,,,,
"UPM00033356","1983-10-21","50.217","31.8","128.0","YAHOTYN, UP","    0",",,I",,,,,,,,
"UPM00033356","1983-10-22","50.217","31.8","128.0","YAHOTYN, UP","    0",",,I",,,,,,,,
"UPM00033356","1983-10-23","50.217","31.8","128.0","YAHOTYN, UP","    0",",,I",,,,,,,,
"UPM00033356","1983-10-24","50.217","31.8","128.0","YAHOTYN, UP","    0",",,I",,,,,,,,
"UPM00033356","1983-10-25","50.217","31.8","128.0","YAHOTYN, UP","    0",",,I",,,,,,,,
"UPM00033356","1983-10-26","50.217","31.8","128.0","YAHOTYN, UP","    0",",,I",,,,,,,,
"UPM00033356","1983-10-27","50.217","31.8","128.0","YAHOTYN, UP","    2",",,I",,,,,,,,
"UPM00033356","1983-10-28","50.217","31.8","128.0","YAHOTYN, UP","    0",",,I",,,,,,,,
"UPM00033356","1983-10-29","50.217","31.8","128.0","YAHOTYN, UP","    0",",,I",,,,,,,,
"UPM00033356","1983-10-30","50.217","31.8","128.0","YAHOTYN, UP","    0",",,I",,,,,,,,
"UPM00033356","1983-10-31","50.217","31.8","128.0","YAHOTYN, UP","    0",",,I",,,,,,,,
"UPM00033356","1983-11-01","50.217","31.8","128.0","YAHOTYN, UP","    0",",,I",,,,,,,,
"UPM00033356","1983-11-02","50.217","31.8","128.0","YAHOTYN, UP","    0",",,I",,,,,,,,
"UPM00033356","1983-11-03","50.217","31.8","128.0","YAHOTYN, UP","    0",",,I",,,,,,,,
"UPM00033356","1983-11-04","50.217","31.8","128.0","YAHOTYN, UP","    0",",,I",,,,,,,,
"UPM00033356","1983-11-05","50.217","31.8","128.0","YAHOTYN, UP","    0",",,I",,,,,,,,
"UPM00033356","1983-11-06","50.217","31.8","128.0","YAHOTYN, UP","    0",",,I",,,,,,,,
"UPM00033356","1983-11-07","50.217","31.8","128.0","YAHOTYN, UP","    0",",,I",,,,,,,,
"UPM00033356","1983-11-08","50.217","31.8","128.0","YAHOTYN, UP","    0",",,I",,,,,,,,
"UPM00033356","1983-11-09","50.217","31.8","128.0","YAHOTYN, UP","    0",",,I",,,,,,,,
"UPM00033356","1983-11-10","50.217","31.8","128.0","YAHOTYN, UP","    1",",,I",,,,,,,,
"UPM00033356","1983-11-11","50.217","31.8","128.0","YAHOTYN, UP","  125",",,I",,,,,,,,
"UPM00033356","1983-11-12","50.217","31.8","128.0","YAHOTYN, UP","   30",",,I",,,,,,,,
"UPM00033356","1983-11-13","50.217","31.8","128.0","YAHOTYN, UP","    0",",,I",,,,,,,,
"UPM00033356","1983-11-14","50.217","31.8","128.0","YAHOTYN, UP","    4",",,I",,,,,,,,
"UPM00033356","1983-11-15","50.217","31.8","128.0","YAHOTYN, UP","    0",",,I",,,,,,,,
"UPM00033356","1983-11-16","50.217","31.8","128.0","YAHOTYN, UP","    0",",,I",,,,,,,,
"UPM00033356","1983-11-17","50.217","31.8","128.0","YAHOTYN, UP","   22",",,I",,,,,,,,
"UPM00033356","1983-11-18","50.217","31.8","128.0","YAHOTYN, UP","    5",",,I",,,,,,,,
"UPM00033356","1983-11-19","50.217","31.8","128.0","YAHOTYN, UP","    0",",,I",,,,,,,,
"UPM00033356","1983-11-20","50.217","31.8","128.0","YAHOTYN, UP","    0",",,I",,,,,,,,
"UPM00033356","1983-11-21","50.217","31.8","128.0","YAHOTYN, UP","    0",",,I",,,,,,,,
"UPM00033356","1983-11-22","50.217","31.8","128.0","YAHOTYN, UP","    4",",,I",,,,,,,,
"UPM00033356","1983-11-23","50.217","31.8","128.0","YAHOTYN, UP","    5",",,I",,,,,,,,
"UPM00033356","1983-11-24","50.217","31.8","128.0","YAHOTYN, UP","    1",",,I",,,,,,,,
"UPM00033356","1983-11-25","50.217","31.8","128.0","YAHOTYN, UP","    0",",,I",,,,,,,,
"UPM00033356","1983-11-26","50.217","31.8","128.0","YAHOTYN, UP","    0",",,I",,,,,,,,
"UPM00033356","1983-11-27","50.217","31.8","128.0","YAHOTYN, UP","    0",",,I",,,,,,,,
"UPM00033356","1983-11-28","50.217","31.8","128.0","YAHOTYN, UP","    0",",,I",,,,,,,,
"UPM00033356","1983-11-29","50.217","31.8","128.0","YAHOTYN, UP","  163",",,I",,,,,,,,
"UPM00033356","1983-11-30","50.217","31.8","128.0","YAHOTYN, UP","   12",",,I",,,,,,,,
"UPM00033356","1983-12-01","50.217","31.8","128.0","YAHOTYN, UP","    2",",,I",,,,,,,,
"UPM00033356","1983-12-02","50.217","31.8","128.0","YAHOTYN, UP","    0",",,I",,,,,,,,
"UPM00033356","1983-12-03","50.217","31.8","128.0","YAHOTYN, UP","    0",",,I",,,,,,,,
"UPM00033356","1983-12-04","50.217","31.8","128.0","YAHOTYN, UP","    0",",,I",,,,,,,,
"UPM00033356","1983-12-05","50.217","31.8","128.0","YAHOTYN, UP","    0",",,I",,,,,,,,
"UPM00033356","1983-12-06","50.217","31.8","128.0","YAHOTYN, UP","    0",",,I",,,,,,,,
"UPM00033356","1983-12-07","50.217","31.8","128.0","YAHOTYN, UP","    0",",,I",,,,,,,,
"UPM00033356","1983-12-08","50.217","31.8","128.0","YAHOTYN, UP","    0",",,I",,,,,,,,
"UPM00033356","1983-12-09","50.217","31.8","128.0","YAHOTYN, UP","    0",",,I",,,,,,,,
"UPM00033356","1983-12-10","50.217","31.8","128.0","YAHOTYN, UP","    0",",,I",,,,,,,,
"UPM00033356","1983-12-11","50.217","31.8","128.0","YAHOTYN, UP","    0",",,I",,,,,,,,
"UPM00033356","1983-12-12","50.217","31.8","128.0","YAHOTYN, UP","    0",",,I",,,,,,,,
"UPM00033356","1983-12-13","50.217","31.8","128.0","YAHOTYN, UP","    0",",,I",,,,,,,,
"UPM00033356","1983-12-14","50.217","31.8","128.0","YAHOTYN, UP","    0",",,I",,,,,,,,
"UPM00033356","1983-12-15","50.217","31.8","128.0","YAHOTYN, UP","    5",",,I",,,,,,,,
"UPM00033356","1983-12-16","50.217","31.8","128.0","YAHOTYN, UP","    6",",,I",,,,,,,,
"UPM00033356","1983-12-17","50.217","31.8","128.0","YAHOTYN, UP","    1",",,I",,,,,,,,
"UPM00033356","1983-12-18","50.217","31.8","128.0","YAHOTYN, UP","    0",",,I",,,,,,,,
"UPM00033356","1983-12-19","50.217","31.8","128.0","YAHOTYN, UP","    0",",,I",,,,,,,,
"UPM00033356","1983-12-20","50.217","31.8","128.0","YAHOTYN, UP","    0",",,I",,,,,,,,
"UPM00033356","1983-12-21","50.217","31.8","128.0","YAHOTYN, UP","    4",",,I",,,,,,,,
"UPM00033356","1983-12-22","50.217","31.8","128.0","YAHOTYN, UP","   33",",,I",,,,,,,,
"UPM00033356","1983-12-23","50.217","31.8","128.0","YAHOTYN, UP","    3",",,I",,,,,,,,
"UPM00033356","1983-12-24","50.217","31.8","128.0","YAHOTYN, UP","  129",",,I",,,,,,,,
"UPM00033356","1983-12-25","50.217","31.8","128.0","YAHOTYN, UP","    8",",,I",,,,,,,"   18","H,,S"
"UPM00033356","1983-12-26","50.217","31.8","128.0","YAHOTYN, UP","   57",",,I",,,,,"   42",",,S","   47","H,,S"
"UPM00033356","1983-12-27","50.217","31.8","128.0","YAHOTYN, UP","   14",",,I",,,"   49",",,S",,,"   31","H,,S"
"UPM00033356","1983-12-28","50.217","31.8","128.0","YAHOTYN, UP","    8",",,I",,,,,"  -11",",,S","   17","H,,S"
"UPM00033356","1983-12-29","50.217","31.8","128.0","YAHOTYN, UP","    0",",,I",,,,,,,,
"UPM00033356","1983-12-30","50.217","31.8","128.0","YAHOTYN, UP","    0",",,I",,,,,,,,
"UPM00033356","1983-12-31","50.217","31.8","128.0","YAHOTYN, UP","    0",",,I",,,,,,,,
"UPM00033356","1984-01-01","50.217","31.8","128.0","YAHOTYN, UP","   43",",,I",,,,,,,,
"UPM00033356","1984-01-02","50.217","31.8","128.0","YAHOTYN, UP","    7",",,I",,,,,,,,
"UPM00033356","1984-01-03","50.217","31.8","128.0","YAHOTYN, UP","    0",",,I",,,,,,,,
"UPM00033356","1984-01-04","50.217","31.8","128.0","YAHOTYN, UP","    0",",,I",,,,,,,,
"UPM00033356","1984-01-05","50.217","31.8","128.0","YAHOTYN, UP","   12",",,I",,,,,,,,
"UPM00033356","1984-01-06","50.217","31.8","128.0","YAHOTYN, UP","    0",",,I",,,,,,,,
"UPM00033356","1984-01-07","50.217","31.8","128.0","YAHOTYN, UP","    0",",,I",,,,,,,,
"UPM00033356","1984-01-08","50.217","31.8","128.0","YAHOTYN, UP","    1",",,I",,,,,,,,
"UPM00033356","1984-01-09","50.217","31.8","128.0","YAHOTYN, UP","    0","T,,I",,,,,,,,
"UPM00033356","1984-01-10","50.217","31.8","128.0","YAHOTYN, UP","   25",",,I",,,,,,,,
"UPM00033356","1984-01-11","50.217","31.8","128.0","YAHOTYN, UP","    0","T,,I",,,,,,,,
"UPM00033356","1984-01-12","50.217","31.8","128.0","YAHOTYN, UP","    0",",,I",,,,,,,,
"UPM00033356","1984-01-13","50.217","31.8","128.0","YAHOTYN, UP","    0",",,I",,,,,,,,
"UPM00033356","1984-01-14","50.217","31.8","128.0","YAHOTYN, UP","    2",",,I",,,,,,,,
"UPM00033356","1984-01-15","50.217","31.8","128.0","YAHOTYN, UP","   17",",,I",,,,,,,,
"UPM00033356","1984-01-16","50.217","31.8","128.0","YAHOTYN, UP","    0",",,I",,,,,,,,
"UPM00033356","1984-01-17","50.217","31.8","128.0","YAHOTYN, UP","    0",",,I",,,,,,,,
"UPM00033356","1984-01-18","50.217","31.8","128.0","YAHOTYN, UP","   25",",,I",,,,,,,,
"UPM00033356","1984-01-19","50.217","31.8","128.0","YAHOTYN, UP","    0","T,,I",,,,,,,,
"UPM00033356","1984-01-20","50.217","31.8","128.0","YAHOTYN, UP","    0",",,I",,,,,,,,
"UPM00033356","1984-01-21","50.217","31.8","128.0","YAHOTYN, UP","   36",",,I",,,,,,,,
"UPM00033356","1984-01-22","50.217","31.8","128.0","YAHOTYN, UP","   34",",,I",,,,,,,,
"UPM00033356","1984-01-23","50.217","31.8","128.0","YAHOTYN, UP","   12",",,I",,,,,,,,
"UPM00033356","1984-01-24","50.217","31.8","128.0","YAHOTYN, UP","    0",",,I",,,,,,,,
"UPM00033356","1984-01-25","50.217","31.8","128.0","YAHOTYN, UP","    0",",,I",,,,,,,,
"UPM00033356","1984-01-26","50.217","31.8","128.0","YAHOTYN, UP","    0","T,,I",,,,,,,,
"UPM00033356","1984-01-27","50.217","31.8","128.0","YAHOTYN, UP","    2",",,I",,,,,,,,
"UPM00033356","1984-01-28","50.217","31.8","128.0","YAHOTYN, UP","    0",",,I",,,,,,,,
"UPM00033356","1984-01-29","50.217","31.8","128.0","YAHOTYN, UP","    0",",,I",,,,,,,,
"UPM00033356","1984-01-30","50.217","31.8","128.0","YAHOTYN, UP","    0",",,I",,,,,,,,
"UPM00033356","1984-01-31","50.217","31.8","128.0","YAHOTYN, UP","    0","T,,I",,,,,,,,
"UPM00033356","1984-02-01","50.217","31.8","128.0","YAHOTYN, UP","    2",",,I",,,,,,,,
"UPM00033356","1984-02-02","50.217","31.8","128.0","YAHOTYN, UP","    0",",,I",,,,,,,,
"UPM00033356","1984-02-03","50.217","31.8","128.0","YAHOTYN, UP","    0",",,I",,,,,,,,
"UPM00033356","1984-02-04","50.217","31.8","128.0","YAHOTYN, UP","    0",",,I",,,,,,,,
"UPM00033356","1984-02-05","50.217","31.8","128.0","YAHOTYN, UP","   18",",,I",,,,,,,,
"UPM00033356","1984-02-06","50.217","31.8","128.0","YAHOTYN, UP","    3",",,I",,,,,,,,
"UPM00033356","1984-02-07","50.217","31.8","128.0","YAHOTYN, UP","    0",",,I",,,,,,,,
"UPM00033356","1984-02-08","50.217","31.8","128.0","YAHOTYN, UP","   14",",,I",,,,,,,,
"UPM00033356","1984-02-09","50.217","31.8","128.0","YAHOTYN, UP","   30",",,I",,,,,,,,
"UPM00033356","1984-02-10","50.217","31.8","128.0","YAHOTYN, UP","    0",",,I",,,"  -41",",,S",,,"  -48","H,,S"
"UPM00033356","1984-02-11","50.217","31.8","128.0","YAHOTYN, UP","   50",",,I","   30",",,S",,,"  -98",",,S","  -83","H,,S"
"UPM00033356","1984-02-12","50.217","31.8","128.0","YAHOTYN, UP","   57",",,I","   41",",,S","  -61",",,S","  -91",",,S","  -76","H,,S"
"UPM00033356","1984-02-13","50.217","31.8","128.0","YAHOTYN, UP","   28",",,I","   79",",,S","  -84",",,S"," -120",",,S","  -99","H,,S"
"UPM00033356","1984-02-14","50.217","31.8","128.0","YAHOTYN, UP","    4",",,I","   79",",,S","  -63",",,S",,,"  -92","H,,S"
"UPM00033356","1984-02-15","50.217","31.8","128.0","YAHOTYN, UP","    0",",,I",,,,,,,,
"UPM00033356","1984-02-16","50.217","31.8","128.0","YAHOTYN, UP","    2",",,I",,,,,,,,
"UPM00033356","1984-02-17","50.217","31.8","128.0","YAHOTYN, UP","    0",",,I",,,,,,,,
"UPM00033356","1984-02-18","50.217","31.8","128.0","YAHOTYN, UP","    0","T,,I","   79",",,S",,," -116",",,S","  -73","H,,S"
"UPM00033356","1984-02-19","50.217","31.8","128.0","YAHOTYN, UP","    0","T,,I","   79",",,S",,,"  -54",",,S","  -39","H,,S"
"UPM00033356","1984-02-20","50.217","31.8","128.0","YAHOTYN, UP","    0",",,I",,,"  -24",",,S",,,"  -42","H,,S"
"UPM00033356","1984-02-21","50.217","31.8","128.0","YAHOTYN, UP","    2",",,I","   79",",,S","  -40",",,S","  -74",",,S","  -57","H,,S"
"UPM00033356","1984-02-22","50.217","31.8","128.0","YAHOTYN, UP","    1",",,I","   79",",,S","  -18",",,S","  -69",",,S","  -46","H,,S"
"UPM00033356","1984-02-23","50.217","31.8","128.0","YAHOTYN, UP","    0","T,,I",,,"  -20",",,S",,,"  -49","H,,S"
"UPM00033356","1984-02-24","50.217","31.8","128.0","YAHOTYN, UP","    0",",,I",,,"  -18",",,S"," -112",",,S","  -69","H,,S"
"UPM00033356","1984-02-25","50.217","31.8","128.0","YAHOTYN, UP","    2",",,I","   61",",,S","  -20",",,S"," -104",",,S","  -38","H,,S"
"UPM00033356","1984-02-26","50.217","31.8","128.0","YAHOTYN, UP","    0",",,I","   51",",,S","  -29",",,S","  -92",",,S","  -62","H,,S"
"UPM00033356","1984-02-27","50.217","31.8","128.0","YAHOTYN, UP","    0",",,I","   41",",,S",,,"  -92",",,S","  -63","H,,S"
"UPM00033356","1984-02-28","50.217","31.8","128.0","YAHOTYN, UP","    0",",,I","   30",",,S","  -34",",,S","  -78",",,S","  -56","H,,S"
"UPM00033356","1984-02-29","50.217","31.8","128.0","YAHOTYN, UP","    4",",,I",,,"  -19",",,S",,,"  -32","H,,S"
"UPM00033356","1984-03-01","50.217","31.8","128.0","YAHOTYN, UP","    0","T,,I","   41",",,S","   -3",",,S",,,"  -42","H,,S"
"UPM00033356","1984-03-02","50.217","31.8","128.0","YAHOTYN, UP","    0",",,I",,,,,,,"  -23","H,,S"
"UPM00033356","1984-03-03","50.217","31.8","128.0","YAHOTYN, UP","   45",",,I","   51",",,S","   17",",,S","  -18",",,S","    2","H,,S"
"UPM00033356","1984-03-04","50.217","31.8","128.0","YAHOTYN, UP","   40",",,I",,,"   23",",,S",,,"   10","H,,S"
"UPM00033356","1984-03-05","50.217","31.8","128.0","YAHOTYN, UP","   40",",,I",,,"   21",",,S",,,"   12","H,,S"
"UPM00033356","1984-03-06","50.217","31.8","128.0","YAHOTYN, UP","    0",",,I",,,"   12",",,S",,,"   -5","H,,S"
"UPM00033356","1984-03-07","50.217","31.8","128.0","YAHOTYN, UP","    0",",,I",,,,,,,"    2","H,,S"
"UPM00033356","1984-03-08","50.217","31.8","128.0","YAHOTYN, UP","    0",",,I",,,"   21",",,S","  -12",",,S","    2","H,,S"
"UPM00033356","1984-03-09","50.217","31.8","128.0","YAHOTYN, UP","    0","T,,I",,,"   16",",,S",,,"    7","H,,S"
"UPM00033356","1984-03-10","50.217","31.8","128.0","YAHOTYN, UP","    0","T,,I",,,,,"   -7",",,S","    0","H,,S"
"UPM00033356","1984-03-11","50.217","31.8","128.0","YAHOTYN, UP","    0","T,,I",,,"   42",",,S",,,"   14","H,,S"
"UPM00033356","1984-03-12","50.217","31.8","128.0","YAHOTYN, UP","    0",",,I",,,"   40",",,S",,,"   10","H,,S"
"UPM00033356","1984-03-13","50.217","31.8","128.0","YAHOTYN, UP","    0",",,I",,,,,"  -13",",,S","    3","H,,S"
"UPM00033356","1984-03-14","50.217","31.8","128.0","YAHOTYN, UP","    0","T,,I",,,,,"  -12",",,S","   -4","H,,S"
"UPM00033356","1984-03-15","50.217","31.8","128.0","YAHOTYN, UP","    7",",,I",,,"   36",",,S","   -2",",,S","    4","H,,S"
"UPM00033356","1984-03-16","50.217","31.8","128.0","YAHOTYN, UP","    0","T,,I",,,,,,,"   11","H,,S"
"UPM00033356","1984-03-17","50.217","31.8","128.0","YAHOTYN, UP","    5",",,I",,,,,,,"   -2","H,,S"
"UPM00033356","1984-03-18","50.217","31.8","128.0","YAHOTYN, UP","    0",",,I",,,"   -5",",,S","  -68",",,S","  -38","H,,S"
"UPM00033356","1984-03-19","50.217","31.8","128.0","YAHOTYN, UP","    0","T,,I",,,"  -22",",,S","  -64",",,S","  -44","H,,S"
"UPM00033356","1984-03-20","50.217","31.8","128.0","YAHOTYN, UP","    2",",,I",,,"  -23",",,S",,,"  -51","H,,S"
"UPM00033356","1984-03-21","50.217","31.8","128.0","YAHOTYN, UP","    0",",,I",,,"    3",",,S","  -82",",,S","  -49","H,,S"
"UPM00033356","1984-03-22","50.217","31.8","128.0","YAHOTYN, UP","    5",",,I",,,"   -4",",,S","  -30",",,S","  -16","H,,S"
"UPM00033356","1984-03-23","50.217","31.8","128.0","YAHOTYN, UP","    0","T,,I",,,,,"  -15",",,S","    3","H,,S"
"UPM00033356","1984-03-24","50.217","31.8","128.0","YAHOTYN, UP","    1",",,I",,,"   14",",,S","   -5",",,S","    1","H,,S"
"UPM00033356","1984-03-25","50.217","31.8","128.0","YAHOTYN, UP","    0","T,,I",,,,,"   -5",",,S","    4","H,,S"
"UPM00033356","1984-03-26","50.217","31.8","128.0","YAHOTYN, UP","    0",",,I",,,"   24",",,S","   -1",",,S","   10","H,,S"
"UPM00033356","1984-03-27","50.217","31.8","128.0","YAHOTYN, UP","    0",",,I",,,,,,,"   28","H,,S"
"UPM00033356","1984-03-28","50.217","31.8","128.0","YAHOTYN, UP","   27",",,I",,,,,,,,
"UPM00033356","1984-03-29","50.217","31.8","128.0","YAHOTYN, UP","    0",",,I",,,"  148",",,S","   20",",,S","   73","H,,S"
"UPM00033356","1984-03-30","50.217","31.8","128.0","YAHOTYN, UP","    4",",,I",,,"  158",",,S","   30",",,S","   84","H,,S"
"UPM00033356","1984-03-31","50.217","31.8","128.0","YAHOTYN, UP","    0","T,,I",,,"   97",",,S","   36",",,S","   63","H,,S"
"UPM00033356","1984-04-01","50.217","31.8","128.0","YAHOTYN, UP","   34",",,I",,,,,,,"   42","H,,S"
"UPM00033356","1984-04-02","50.217","31.8","128.0","YAHOTYN, UP","    0",",,I",,,"   88",",,S",,,"   46","H,,S"
"UPM00033356","1984-04-03","50.217","31.8","128.0","YAHOTYN, UP","    0",",,I",,,"  120",",,S","    4",",,S","   64","H,,S"
"UPM00033356","1984-04-04","50.217","31.8","128.0","YAHOTYN, UP","    0",",,I",,,,,"   23",",,S","   86","H,,S"
"UPM00033356","1984-04-05","50.217","31.8","128.0","YAHOTYN, UP","    0",",,I",,,,,"   27",",,S","  101","H,,S"
"UPM00033356","1984-04-06","50.217","31.8","128.0","YAHOTYN, UP","    0",",,I",,,,,"   35",",,S","  107","H,,S"
"UPM00033356","1984-04-07","50.217","31.8","128.0","YAHOTYN, UP","    0",",,I",,,"  150",",,S","   37",",,S","  103","H,,S"
"UPM00033356","1984-04-08","50.217","31.8","128.0","YAHOTYN, UP","    0",",,I",,,,,"   37",",,S","  118","H,,S"
"UPM00033356","1984-04-09","50.217","31.8","128.0","YAHOTYN, UP","    0",",,I",,,"  147",",,S","   25",",,S","   87","H,,S"
"UPM00033356","1984-04-10","50.217","31.8","128.0","YAHOTYN, UP","    0",",,I",,,,,,,"   91","H,,S"
"UPM00033356","1984-04-11","50.217","31.8","128.0","YAHOTYN, UP","    0",",,I",,,"  153",",,S","   64",",,S","  102","H,,S"
"UPM00033356","1984-04-12","50.217","31.8","128.0","YAHOTYN, UP","    0",",,I",,,"  171",",,S","   33",",,S","   93","H,,S"
"UPM00033356","1984-04-13","50.217","31.8","128.0","YAHOTYN, UP","    0",",,I",,,"  186",",,S",,,"  109","H,,S"
"UPM00033356","1984-04-14","50.217","31.8","128.0","YAHOTYN, UP","    0",",,I",,,"  173",",,S","   53",",,S","   94","H,,S"
"UPM00033356","1984-04-15","50.217","31.8","128.0","YAHOTYN, UP","    0",",,I",,,"  183",",,S",,,"  118","H,,S"
"UPM00033356","1984-04-16","50.217","31.8","128.0","YAHOTYN, UP","    0",",,I",,,"  195",",,S",,,"  134","H,,S"
"UPM00033356","1984-04-17","50.217","31.8","128.0","YAHOTYN, UP","    0",",,I",,,"  192",",,S","   77",",,S","  121","H,,S"
"UPM00033356","1984-04-18","50.217","31.8","128.0","YAHOTYN, UP","    0","T,,I",,,,,"   76",",,S","  120","H,,S"
"UPM00033356","1984-04-19","50.217","31.8","128.0","YAHOTYN, UP","   79",",,I",,,,,,,"   71","H,,S"
"UPM00033356","1984-04-20","50.217","31.8","128.0","YAHOTYN, UP","    0",",,I",,,"  108",",,S","   21",",,S","   66","H,,S"
"UPM00033356","1984-04-21","50.217","31.8","128.0","YAHOTYN, UP","    0",",,I",,,"  107",",,S","   26",",,S","   62","H,,S"
"UPM00033356","1984-04-22","50.217","31.8","128.0","YAHOTYN, UP","    0",",,I",,,,,"   14",",,S","   71","H,,S"
"UPM00033356","1984-04-23","50.217","31.8","128.0","YAHOTYN, UP","    0",",,I",,,,,"    0",",,S","   77","H,,S"
"UPM00033356","1984-04-24","50.217","31.8","128.0","YAHOTYN, UP","    3",",,I",,,"  140",",,S","   30",",,S","   91","H,,S"
"UPM00033356","1984-04-25","50.217","31.8","128.0","YAHOTYN, UP","    0",",,I",,,"  181",",,S","   75",",,S","  117","H,,S"
"UPM00033356","1984-04-26","50.217","31.8","128.0","YAHOTYN, UP","    0","T,,I",,,"  158",",,S","   30",",,S","   93","H,,S"
"UPM00033356","1984-04-27","50.217","31.8","128.0","YAHOTYN, UP","   50",",,I",,,"   55",",,S","   30",",,S","   38","H,,S"
"UPM00033356","1984-04-28","50.217","31.8","128.0","YAHOTYN, UP","    6",",,I",,,"  164",",,S",,,"  108","H,,S"
"UPM00033356","1984-04-29","50.217","31.8","128.0","YAHOTYN, UP","    0",",,I",,,"  198",",,S","   63",",,S","  123","H,,S"
"UPM00033356","1984-04-30","50.217","31.8","128.0","YAHOTYN, UP","    0",",,I",,,,,,,"   82","H,,S"
"UPM00033356","1984-05-01","50.217","31.8","128.0","YAHOTYN, UP","    0",",,I",,,,,,,,
"UPM00033356","1984-05-02","50.217","31.8","128.0","YAHOTYN, UP","    0",",,I",,,,,"   63",",,S","  140","H,,S"
"UPM00033356","1984-05-03","50.217","31.8","128.0","YAHOTYN, UP","    0",",,I",,,"  234",",,S",,,"  152","H,,S"
"UPM00033356","1984-05-04","50.217","31.8","128.0","YAHOTYN, UP","    0",",,I",,,"  234",",,S","   71",",,S","  148","H,,S"
"UPM00033356","1984-05-05","50.217","31.8","128.0","YAHOTYN, UP","    0",",,I",,,,,,,,
"UPM00033356","1984-05-06","50.217","31.8","128.0","YAHOTYN, UP","    0",",,I",,,"  233",",,S","   77",",,S","  139","H,,S"
"UPM00033356","1984-05-07","50.217","31.8","128.0","YAHOTYN, UP","    0",",,I",,,"  245",",,S","   64",",,S","  162","H,,S"
"UPM00033356","1984-05-08","50.217","31.8","128.0","YAHOTYN, UP","    0","T,,I",,,"  211",",,S","   72",",,S","  154","H,,S"
"UPM00033356","1984-05-09","50.217","31.8","128.0","YAHOTYN, UP","    0",",,I",,,,,"   71",",,S","  158","H,,S"
"UPM00033356","1984-05-10","50.217","31.8","128.0","YAHOTYN, UP","   10",",,I",,,"  124",",,S","   60",",,S","   89","H,,S"
"UPM00033356","1984-05-11","50.217","31.8","128.0","YAHOTYN, UP","    8",",,I",,,"  233",",,S","   91",",,S","  177","H,,S"
"UPM00033356","1984-05-12","50.217","31.8","128.0","YAHOTYN, UP","   34",",,I",,,"  259",",,S",,,"  183","H,,S"
"UPM00033356","1984-05-13","50.217","31.8","128.0","YAHOTYN, UP","  120",",,I",,,"  233",",,S",,,"  185","H,,S"
"UPM00033356","1984-05-14","50.217","31.8","128.0","YAHOTYN, UP","    9",",,I",,,"  287",",,S","  136",",,S","  201","H,,S"
"UPM00033356","1984-05-15","50.217","31.8","128.0","YAHOTYN, UP","    0",",,I",,,"  218",",,S",,,"  182","H,,S"
"UPM00033356","1984-05-16","50.217","31.8","128.0","YAHOTYN, UP","    0","T,,I",,,,,"  145",",,S","  172","H,,S"
"UPM00033356","1984-05-17","50.217","31.8","128.0","YAHOTYN, UP","    4",",,I",,,,,"  129",",,S","  157","H,,S"
"UPM00033356","1984-05-18","50.217","31.8","128.0","YAHOTYN, UP","    1",",,I",,,"  218",",,S",,,"  176","H,,S"
"UPM00033356","1984-05-19","50.217","31.8","128.0","YAHOTYN, UP","   10",",,I",,,"  216",",,S","  116",",,S","  168","H,,S"
"UPM00033356","1984-05-20","50.217","31.8","128.0","YAHOTYN, UP","    4",",,I",,,"  248",",,S","  132",",,S","  192","H,,S"
"UPM00033356","1984-05-21","50.217","31.8","128.0","YAHOTYN, UP","   16",",,I",,,"  307",",,S","  140",",,S","  201","H,,S"
"UPM00033356","1984-05-22","50.217","31.8","128.0","YAHOTYN, UP","    6",",,I",,,"  258",",,S",,,"  194","H,,S"
"UPM00033356","1984-05-23","50.217","31.8","128.0","YAHOTYN, UP","   39",",,I",,,"  247",",,S","  140",",,S","  173","H,,S"
"UPM00033356","1984-05-24","50.217","31.8","128.0","YAHOTYN, UP","    0",",,I",,,,,"  131",",,S","  187","H,,S"
"UPM00033356","1984-05-25","50.217","31.8","128.0","YAHOTYN, UP","   31",",,I",,,"  262",",,S",,,"  196","H,,S"
"UPM00033356","1984-05-26","50.217","31.8","128.0","YAHOTYN, UP","    0",",,I",,,,,"  115",",,S","  165","H,,S"
"UPM00033356","1984-05-27","50.217","31.8","128.0","YAHOTYN, UP","    0","T,,I",,,,,"   98",",,S","  161","H,,S"
"UPM00033356","1984-05-28","50.217","31.8","128.0","YAHOTYN, UP","    0",",,I",,,,,"  114",",,S","  187","H,,S"
"UPM00033356","1984-05-29","50.217","31.8","128.0","YAHOTYN, UP","    0",",,I",,,"  256",",,S",,,"  178","H,,S"
"UPM00033356","1984-05-30","50.217","31.8","128.0","YAHOTYN, UP","   53",",,I",,,,,"  126",",,S","  189","H,,S"
"UPM00033356","1984-05-31","50.217","31.8","128.0","YAHOTYN, UP","   68",",,I",,,,,,,"  204","H,,S"
"UPM00033356","1984-06-01","50.217","31.8","128.0","YAHOTYN, UP","    0",",,I",,,"  238",",,S","  138",",,S","  181","H,,S"
"UPM00033356","1984-06-02","50.217","31.8","128.0","YAHOTYN, UP","  131",",,I",,,,,,,"  152","H,,S"
"UPM00033356","1984-06-03","50.217","31.8","128.0","YAHOTYN, UP","  225",",,I",,,"  205",",,S","  146",",,S","  176","H,,S"
"UPM00033356","1984-06-04","50.217","31.8","128.0","YAHOTYN, UP","    1",",,I",,,,,"  146",",,S","  179","H,,S"
"UPM00033356","1984-06-05","50.217","31.8","128.0","YAHOTYN, UP","    1",",,I",,,"  258",",,S",,,"  200","H,,S"
"UPM00033356","1984-06-06","50.217","31.8","128.0","YAHOTYN, UP","   10",",,I",,,"  257",",,S",,,"  203","H,,S"
"UPM00033356","1984-06-07","50.217","31.8","128.0","YAHOTYN, UP","    0",",,I",,,"  265",",,S","  159",",,S","  201","H,,S"
"UPM00033356","1984-06-08","50.217","31.8","128.0","YAHOTYN, UP","  130",",,I",,,"  228",",,S",,,"  176","H,,S"
"UPM00033356","1984-06-09","50.217","31.8","128.0","YAHOTYN, UP","  213",",,I",,,,,"  119",",,S","  151","H,,S"
"UPM00033356","1984-06-10","50.217","31.8","128.0","YAHOTYN, UP","    4",",,I",,,"  172",",,S","   99",",,S","  126","H,,S"
"UPM00033356","1984-06-11","50.217","31.8","128.0","YAHOTYN, UP","    1",",,I",,,"  174",",,S","   93",",,S","  124","H,,S"
"UPM00033356","1984-06-12","50.217","31.8","128.0","YAHOTYN, UP","    0","T,,I",,,"  134",",,S","   59",",,S","   93","H,,S"
"UPM00033356","1984-06-13","50.217","31.8","128.0","YAHOTYN, UP","    0","T,,I",,,"  153",",,S","   46",",,S","  102","H,,S"
"UPM00033356","1984-06-14","50.217","31.8","128.0","YAHOTYN, UP","    0","T,,I",,,"  190",",,S","   45",",,S","  129","H,,S"
"UPM00033356","1984-06-15","50.217","31.8","128.0","YAHOTYN, UP","   39",",,I",,,"  186",",,S","  115",",,S","  141","H,,S"
"UPM00033356","1984-06-16","50.217","31.8","128.0","YAHOTYN, UP","   51",",,I",,,"  180",",,S",,,"  146","H,,S"
"UPM00033356","1984-06-17","50.217","31.8","128.0","YAHOTYN, UP","    3",",,I",,,"  192",",,S","   82",",,S","  133","H,,S"
"UPM00033356","1984-06-18","50.217","31.8","128.0","YAHOTYN, UP","    6",",,I",,,"  201",",,S","   90",",,S","  139","H,,S"
"UPM00033356","1984-06-19","50.217","31.8","128.0","YAHOTYN, UP","    0","T,,I",,,,,,,"  164","H,,S"
"UPM00033356","1984-06-20","50.217","31.8","128.0","YAHOTYN, UP","    0",",,I",,,"  226",",,S","  111",",,S","  154","H,,S"
"UPM00033356","1984-06-21","50.217","31.8","128.0","YAHOTYN, UP","    1",",,I",,,,,"  139",",,S","  166","H,,S"
"UPM00033356","1984-06-22","50.217","31.8","128.0","YAHOTYN, UP","    0",",,I",,,"  250",",,S","  133",",,S","  192","H,,S"
"UPM00033356","1984-06-23","50.217","31.8","128.0","YAHOTYN, UP","  170",",,I",,,"  268",",,S","  133",",,S","  197","H,,S"
"UPM00033356","1984-06-24","50.217","31.8","128.0","YAHOTYN, UP","  373",",,I",,,,,,,"  163","H,,S"
"UPM00033356","1984-06-25","50.217","31.8","128.0","YAHOTYN, UP","  173",",,I",,,,,,,"  131","H,,S"
"UPM00033356","1984-06-26","50.217","31.8","128.0","YAHOTYN, UP","   22",",,I",,,"  188",",,S","  107",",,S","  145","H,,S"
"UPM00033356","1984-06-27","50.217","31.8","128.0","YAHOTYN, UP","   13",",,I",,,"  184",",,S","  115",",,S","  143","H,,S"
"UPM00033356","1984-06-28","50.217","31.8","128.0","YAHOTYN, UP","    0",",,I",,,"  224",",,S","   96",",,S","  164","H,,S"
"UPM00033356","1984-06-29","50.217","31.8","128.0","YAHOTYN, UP","    0",",,I",,,"  244",",,S","  140",",,S","  191","H,,S"
"UPM00033356","1984-06-30","50.217","31.8","128.0","YAHOTYN, UP","    5",",,I",,,"  201",",,S",,,"  157","H,,S"
"UPM00033356","1984-07-01","50.217","31.8","128.0","YAHOTYN, UP","   95",",,I",,,,,,,"  127","H,,S"
"UPM00033356","1984-07-02","50.217","31.8","128.0","YAHOTYN, UP","   10",",,I",,,"  198",",,S","  102",",,S","  146","H,,S"
"UPM00033356","1984-07-03","50.217","31.8","128.0","YAHOTYN, UP","    8",",,I",,,,,,,"  150","H,,S"
"UPM00033356","1984-07-04","50.217","31.8","128.0","YAHOTYN, UP","    0",",,I",,,,,"  131",",,S","  159","H,,S"
"UPM00033356","1984-07-05","50.217","31.8","128.0","YAHOTYN, UP","  109",",,I",,,,,,,"  158","H,,S"
"UPM00033356","1984-07-06","50.217","31.8","128.0","YAHOTYN, UP","    0","T,,I",,,,,,,"  139","H,,S"
"UPM00033356","1984-07-07","50.217","31.8","128.0","YAHOTYN, UP","    0",",,I",,,"  223",",,S","   96",",,S","  146","H,,S"
"UPM00033356","1984-07-08","50.217","31.8","128.0","YAHOTYN, UP","    0",",,I",,,"  225",",,S",,,"  174","H,,S"
"UPM00033356","1984-07-09","50.217","31.8","128.0","YAHOTYN, UP","   66",",,I",,,,,,,"  149","H,,S"
"UPM00033356","1984-07-10","50.217","31.8","128.0","YAHOTYN, UP","   30",",,I",,,,,"  126",",,S","  148","H,,S"
"UPM00033356","1984-07-11","50.217","31.8","128.0","YAHOTYN, UP","   11",",,I",,,,,"  144",",,S","  169","H,,S"
"UPM00033356","1984-07-12","50.217","31.8","128.0","YAHOTYN, UP","    1",",,I",,,,,"  160",",,S","  209","H,,S"
"UPM00033356","1984-07-13","50.217","31.8","128.0","YAHOTYN, UP","    0",",,I",,,,,,,,
"UPM00033356","1984-07-14","50.217","31.8","128.0","YAHOTYN, UP","    0",",,I",,,,,,,,
"UPM00033356","1984-07-15","50.217","31.8","128.0","YAHOTYN, UP","   12",",,I",,,,,"  174",",,S","  206","H,,S"
"UPM00033356","1984-07-16","50.217","31.8","128.0","YAHOTYN, UP","    8",",,I",,,"  305",",,S","  155",",,S","  212","H,,S"
"UPM00033356","1984-07-17","50.217","31.8","128.0","YAHOTYN, UP","    1",",,I",,,"  263",",,S","  182",",,S","  218","H,,S"
"UPM00033356","1984-07-18","50.217","31.8","128.0","YAHOTYN, UP","   59",",,I",,,,,"  187",",,S","  237","H,,S"
"UPM00033356","1984-07-19","50.217","31.8","128.0","YAHOTYN, UP","  122",",,I",,,"  318",",,S",,,"  187","H,,S"
"UPM00033356","1984-07-20","50.217","31.8","128.0","YAHOTYN, UP","    0",",,I",,,,,,,"  181","H,,S"
"UPM00033356","1984-07-21","50.217","31.8","128.0","YAHOTYN, UP","    0","T,,I",,,,,"  128",",,S","  186","H,,S"
"UPM00033356","1984-07-22","50.217","31.8","128.0","YAHOTYN, UP","    3",",,I",,,,,"  125",",,S","  177","H,,S"
"UPM00033356","1984-07-23","50.217","31.8","128.0","YAHOTYN, UP","    0",",,I",,,"  217",",,S",,,"  171","H,,S"
"UPM00033356","1984-07-24","50.217","31.8","128.0","YAHOTYN, UP","   14",",,I",,,,,"  111",",,S","  148","H,,S"
"UPM00033356","1984-07-25","50.217","31.8","128.0","YAHOTYN, UP","    0",",,I",,,,,"  109",",,S","  151","H,,S"
"UPM00033356","1984-07-26","50.217","31.8","128.0","YAHOTYN, UP","   22",",,I",,,,,"   96",",,S","  143","H,,S"
"UPM00033356","1984-07-27","50.217","31.8","128.0","YAHOTYN, UP","    6",",,I",,,,,,,,
"UPM00033356","1984-07-28","50.217","31.8","128.0","YAHOTYN, UP","   17",",,I",,,,,"  121",",,S","  160","H,,S"
"UPM00033356","1984-07-29","50.217","31.8","128.0","YAHOTYN, UP","    0",",,I",,,"  214",",,S","  112",",,S","  156","H,,S"
"UPM00033356","1984-07-30","50.217","31.8","128.0","YAHOTYN, UP","    6",",,I",,,"  224",",,S","   91",",,S","  143","H,,S"
"UPM00033356","1984-07-31","50.217","31.8","128.0","YAHOTYN, UP","    3",",,I",,,"  223",",,S",,,"  169","H,,S"
"UPM00033356","1984-08-01","50.217","31.8","128.0","YAHOTYN, UP","   24",",,I",,,,,"  152",",,S","  200","H,,S"
"UPM00033356","1984-08-02","50.217","31.8","128.0","YAHOTYN, UP","    1",",,I",,,"  242",",,S","  144",",,S","  196","H,,S"
"UPM00033356","1984-08-03","50.217","31.8","128.0","YAHOTYN, UP","    0",",,I",,,,,"  122",",,S","  197","H,,S"
"UPM00033356","1984-08-04","50.217","31.8","128.0","YAHOTYN, UP","    0",",,I",,,,,"  145",",,S","  192","H,,S"
"UPM00033356","1984-08-05","50.217","31.8","128.0","YAHOTYN, UP","    3",",,I",,,,,"  148",",,S","  202","H,,S"
"UPM00033356","1984-08-06","50.217","31.8","128.0","YAHOTYN, UP","    0",",,I",,,,,"  152",",,S","  212","H,,S"
"UPM00033356","1984-08-07","50.217","31.8","128.0","YAHOTYN, UP","    0",",,I",,,,,"  138",",,S","  197","H,,S"
"UPM00033356","1984-08-08","50.217","31.8","128.0","YAHOTYN, UP","    0",",,I",,,"  261",",,S","  136",",,S","  189","H,,S"
"UPM00033356","1984-08-09","50.217","31.8","128.0","YAHOTYN, UP","    0",",,I",,,"  276",",,S","  145",",,S","  204","H,,S"
"UPM00033356","1984-08-10","50.217","31.8","128.0","YAHOTYN, UP","    0","T,,I",,,"  281",",,S","  143",",,S","  209","H,,S"
"UPM00033356","1984-08-11","50.217","31.8","128.0","YAHOTYN, UP","    0",",,I",,,,,"  149",",,S","  219","H,,S"
"UPM00033356","1984-08-12","50.217","31.8","128.0","YAHOTYN, UP","    0",",,I",,,,,"  160",",,S","  214","H,,S"
"UPM00033356","1984-08-13","50.217","31.8","128.0","YAHOTYN, UP","   32",",,I",,,"  190",",,S",,,"  168","H,,S"
"UPM00033356","1984-08-14","50.217","31.8","128.0","YAHOTYN, UP","    0",",,I",,,"  206",",,S","   98",",,S","  147","H,,S"
"UPM00033356","1984-08-15","50.217","31.8","128.0","YAHOTYN, UP","    6",",,I",,,,,"  136",",,S","  172","H,,S"
"UPM00033356","1984-08-16","50.217","31.8","128.0","YAHOTYN, UP","    0","T,,I",,,,,,,"  144","H,,S"
"UPM00033356","1984-08-17","50.217","31.8","128.0","YAHOTYN, UP","    0",",,I",,,"  223",",,S","   60",",,S","  151","H,,S"
"UPM00033356","1984-08-18","50.217","31.8","128.0","YAHOTYN, UP","    0",",,I",,,,,"   84",",,S","  172","H,,S"
"UPM00033356","1984-08-19","50.217","31.8","128.0","YAHOTYN, UP","    0",",,I",,,"  228",",,S","   97",",,S","  163","H,,S"
"UPM00033356","1984-08-20","50.217","31.8","128.0","YAHOTYN, UP","    0","T,,I",,,,,"  129",",,S","  162","H,,S"
"UPM00033356","1984-08-21","50.217","31.8","128.0","YAHOTYN, UP","    0",",,I",,,"  233",",,S","   98",",,S","  166","H,,S"
"UPM00033356","1984-08-22","50.217","31.8","128.0","YAHOTYN, UP","    0",",,I",,,"  239",",,S","   99",",,S","  176","H,,S"
"UPM00033356","1984-08-23","50.217","31.8","128.0","YAHOTYN, UP","    0","T,,I",,,"  252",",,S","  122",",,S","  182","H,,S"
"UPM00033356","1984-08-24","50.217","31.8","128.0","YAHOTYN, UP","    0",",,I",,,"  234",",,S","  132",",,S","  186","H,,S"
"UPM00033356","1984-08-25","50.217","31.8","128.0","YAHOTYN, UP","    1",",,I",,,,,,,"  191","H,,S"
"UPM00033356","1984-08-26","50.217","31.8","128.0","YAHOTYN, UP","   33",",,I",,,,,"  116",",,S","  156","H,,S"
"UPM00033356","1984-08-27","50.217","31.8","128.0","YAHOTYN, UP","    0",",,I",,,"  167",",,S",,,"  111","H,,S"
"UPM00033356","1984-08-28","50.217","31.8","128.0","YAHOTYN, UP","    0",",,I",,,,,"   22",",,S","  121","H,,S"
"UPM00033356","1984-08-29","50.217","31.8","128.0","YAHOTYN, UP","    0",",,I",,,"  236",",,S","   89",",,S","  164","H,,S"
"UPM00033356","1984-08-30","50.217","31.8","128.0","YAHOTYN, UP","    0",",,I",,,,,"   88",",,S","  175","H,,S"
"UPM00033356","1984-08-31","50.217","31.8","128.0","YAHOTYN, UP","    0",",,I",,,,,"  126",",,S","  156","H,,S"
"UPM00033356","1984-09-01","50.217","31.8","128.0","YAHOTYN, UP","    0",",,I",,,,,"  131",",,S","  189","H,,S"
"UPM00033356","1984-09-02","50.217","31.8","128.0","YAHOTYN, UP","   62",",,I",,,"  235",",,S",,,"  161","H,,S"
"UPM00033356","1984-09-03","50.217","31.8","128.0","YAHOTYN, UP","    0",",,I",,,"  216",",,S","   76",",,S","  127","H,,S"
"UPM00033356","1984-09-04","50.217","31.8","128.0","YAHOTYN, UP","    0",",,I",,,,,"   99",",,S","  189","H,,S"
"UPM00033356","1984-09-05","50.217","31.8","128.0","YAHOTYN, UP","    0",",,I",,,"  261",",,S","  140",",,S","  191","H,,S"
"UPM00033356","1984-09-06","50.217","31.8","128.0","YAHOTYN, UP","    0",",,I",,,,,,,"  222","H,,S"
"UPM00033356","1984-09-07","50.217","31.8","128.0","YAHOTYN, UP","    0",",,I",,,"  254",",,S","  127",",,S","  173","H,,S"
"UPM00033356","1984-09-08","50.217","31.8","128.0","YAHOTYN, UP","    0",",,I",,,,,"   90",",,S","  142","H,,S"
"UPM00033356","1984-09-09","50.217","31.8","128.0","YAHOTYN, UP","   16",",,I",,,,,"  108",",,S","  156","H,,S"
"UPM00033356","1984-09-10","50.217","31.8","128.0","YAHOTYN, UP","    0","T,,I",,,,,"  126",",,S","  157","H,,S"
"UPM00033356","1984-09-11","50.217","31.8","128.0","YAHOTYN, UP","    0",",,I",,,"  259",",,S","   96",",,S","  176","H,,S"
"UPM00033356","1984-09-12","50.217","31.8","128.0","YAHOTYN, UP","   56",",,I",,,,,"   86",",,S","  143","H,,S"
"UPM00033356","1984-09-13","50.217","31.8","128.0","YAHOTYN, UP","   17",",,I",,,"  147",",,S",,,"  114","H,,S"
"UPM00033356","1984-09-14","50.217","31.8","128.0","YAHOTYN, UP","   24",",,I",,,,,"   63",",,S","  102","H,,S"
"UPM00033356","1984-09-15","50.217","31.8","128.0","YAHOTYN, UP","    0",",,I",,,"  163",",,S","   54",",,S","  107","H,,S"
"UPM00033356","1984-09-16","50.217","31.8","128.0","YAHOTYN, UP","    0",",,I",,,,,"   41",",,S","  118","H,,S"
"UPM00033356","1984-09-17","50.217","31.8","128.0","YAHOTYN, UP","    4",",,I",,,,,,,"  143","H,,S"
"UPM00033356","1984-09-18","50.217","31.8","128.0","YAHOTYN, UP","   40",",,I",,,"  207",",,S","   99",",,S","  142","H,,S"
"UPM00033356","1984-09-19","50.217","31.8","128.0","YAHOTYN, UP","   45",",,I",,,"  168",",,S",,,"  139","H,,S"
"UPM00033356","1984-09-20","50.217","31.8","128.0","YAHOTYN, UP","    0",",,I",,,,,"   61",",,S","  111","H,,S"
"UPM00033356","1984-09-21","50.217","31.8","128.0","YAHOTYN, UP","    0","T,,I",,,"  240",",,S","  106",",,S","  171","H,,S"
"UPM00033356","1984-09-22","50.217","31.8","128.0","YAHOTYN, UP","   15",",,I",,,"  205",",,S","  139",",,S","  157","H,,S"
"UPM00033356","1984-09-23","50.217","31.8","128.0","YAHOTYN, UP","  116",",,I",,,,,,,"  172","H,,S"
"UPM00033356","1984-09-24","50.217","31.8","128.0","YAHOTYN, UP","    6",",,I",,,,,"  127",",,S","  157","H,,S"
"UPM00033356","1984-09-25","50.217","31.8","128.0","YAHOTYN, UP","    0",",,I",,,,,"  126",",,S","  181","H,,S"
"UPM00033356","1984-09-26","50.217","31.8","128.0","YAHOTYN, UP","    0",",,I",,,,,"  152",",,S","  194","H,,S"
"UPM00033356","1984-09-27","50.217","31.8","128.0","YAHOTYN, UP","  295",",,I",,,,,"  102",",,S","  116","H,,S"
"UPM00033356","1984-09-28","50.217","31.8","128.0","YAHOTYN, UP","    0",",,I",,,,,"   54",",,S","  107","H,,S"
"UPM00033356","1984-09-29","50.217","31.8","128.0","YAHOTYN, UP","   65",",,I",,,"  138",",,S",,,"  104","H,,S"
"UPM00033356","1984-09-30","50.217","31.8","128.0","YAHOTYN, UP","   78",",,I",,,"  110",",,S","   51",",,S","   89","H,,S"
"UPM00033356","1984-10-01","50.217","31.8","128.0","YAHOTYN, UP","    1",",,I",,,,,"   40",",,S","   71","H,,S"
"UPM00033356","1984-10-02","50.217","31.8","128.0","YAHOTYN, UP","    0",",,I",,,"  174",",,S","   78",",,S","  131","H,,S"
"UPM00033356","1984-10-03","50.217","31.8","128.0","YAHOTYN, UP","    0",",,I",,,"  194",",,S",,,"  134","H,,S"
"UPM00033356","1984-10-04","50.217","31.8","128.0","YAHOTYN, UP","    0",",,I",,,,,,,"  133","H,,S"
"UPM00033356","1984-10-05","50.217","31.8","128.0","YAHOTYN, UP","    4",",,I",,,"  192",",,S","  115",",,S","  151","H,,S"
"UPM00033356","1984-10-06","50.217","31.8","128.0","YAHOTYN, UP","    0",",,I",,,,,,,"  131","H,,S"
"UPM00033356","1984-10-07","50.217","31.8","128.0","YAHOTYN, UP","    0",",,I",,,"  206",",,S","  109",",,S","  159","H,,S"
"UPM00033356","1984-10-08","50.217","31.8","128.0","YAHOTYN, UP","    1",",,I",,,"  196",",,S",,,"  149","H,,S"
"UPM00033356","1984-10-09","50.217","31.8","128.0","YAHOTYN, UP","    0","T,,I",,,"  134",",,S","   87",",,S","  111","H,,S"
"UPM00033356","1984-10-10","50.217","31.8","128.0","YAHOTYN, UP","    0",",,I",,,,,,,"  128","H,,S"
"UPM00033356","1984-10-11","50.217","31.8","128.0","YAHOTYN, UP","    0",",,I",,,,,,,"  127","H,,S"
"UPM00033356","1984-10-12","50.217","31.8","128.0","YAHOTYN, UP","   14",",,I",,,,,"   80",",,S","  132","H,,S"
"UPM00033356","1984-10-13","50.217","31.8","128.0","YAHOTYN, UP","    0",",,I",,,"  106",",,S",,,"   88","H,,S"
"UPM00033356","1984-10-14","50.217","31.8","128.0","YAHOTYN, UP","    7",",,I",,,"   87",",,S","   33",",,S","   66","H,,S"
"UPM00033356","1984-10-15","50.217","31.8","128.0","YAHOTYN, UP","   72",",,I",,,"  105",",,S",,,"   77","H,,S"
"UPM00033356","1984-10-16","50.217","31.8","128.0","YAHOTYN, UP","    0","T,,I",,,"   53",",,S",,,"   28","H,,S"
"UPM00033356","1984-10-17","50.217","31.8","128.0","YAHOTYN, UP","    0","T,,I",,,"   15",",,S",,,"   -7","H,,S"
"UPM00033356","1984-10-18","50.217","31.8","128.0","YAHOTYN, UP","    0",",,I",,,"   88",",,S","  -28",",,S","   27","H,,S"
"UPM00033356","1984-10-19","50.217","31.8","128.0","YAHOTYN, UP","    0",",,I",,,"  143",",,S",,,"   79","H,,S"
"UPM00033356","1984-10-20","50.217","31.8","128.0","YAHOTYN, UP","    0",",,I",,,,,"   44",",,S","  107","H,,S"
"UPM00033356","1984-10-21","50.217","31.8","128.0","YAHOTYN, UP","    0",",,I",,,"  178",",,S","   37",",,S","   85","H,,S"
"UPM00033356","1984-10-22","50.217","31.8","128.0","YAHOTYN, UP","    0",",,I",,,"  137",",,S",,,"   95","H,,S"
"UPM00033356","1984-10-23","50.217","31.8","128.0","YAHOTYN, UP","    0",",,I",,,"  145",",,S","   17",",,S","   93","H,,S"
"UPM00033356","1984-10-24","50.217","31.8","128.0","YAHOTYN, UP","    0",",,I",,,,,,,"  131","H,,S"
"UPM00033356","1984-10-25","50.217","31.8","128.0","YAHOTYN, UP","    0",",,I",,,,,,,"   91","H,,S"
"UPM00033356","1984-10-26","50.217","31.8","128.0","YAHOTYN, UP","    0",",,I",,,,,"   42",",,S","   97","H,,S"
"UPM00033356","1984-10-27","50.217","31.8","128.0","YAHOTYN, UP","    0",",,I",,,"  147",",,S","   61",",,S","  107","H,,S"
"UPM00033356","1984-10-28","50.217","31.8","128.0","YAHOTYN, UP","   16",",,I",,,"  110",",,S",,,"   86","H,,S"
"UPM00033356","1984-10-29","50.217","31.8","128.0","YAHOTYN, UP","    0","T,,I",,,"   58",",,S",,,"   42","H,,S"
"UPM00033356","1984-10-30","50.217","31.8","128.0","YAHOTYN, UP","    0",",,I",,,,,,,"   41","H,,S"
"UPM00033356","1984-10-31","50.217","31.8","128.0","YAHOTYN, UP","    0",",,I",,,"   30",",,S","  -30",",,S","    4","H,,S"
"UPM00033356","1984-11-01","50.217","31.8","128.0","YAHOTYN, UP","    0",",,I",,,"   95",",,S","    6",",,S","   33","H,,S"
"UPM00033356","1984-11-02","50.217","31.8","128.0","YAHOTYN, UP","    0",",,I",,,"  132",",,S",,,"   53","H,,S"
"UPM00033356","1984-11-03","50.217","31.8","128.0","YAHOTYN, UP","    0",",,I",,,,,"  -10",",,S","   54","H,,S"
"UPM00033356","1984-11-04","50.217","31.8","128.0","YAHOTYN, UP","    0",",,I",,,,,,,"   63","H,,S"
"UPM00033356","1984-11-05","50.217","31.8","128.0","YAHOTYN, UP","    0","T,,I",,,,,"  -35",",,S","    7","H,,S"
"UPM00033356","1984-11-06","50.217","31.8","128.0","YAHOTYN, UP","    1",",,I",,,"   40",",,S","   20",",,S","   33","H,,S"
"UPM00033356","1984-11-07","50.217","31.8","128.0","YAHOTYN, UP","    0",",,I",,,"   46",",,S",,,"   36","H,,S"
"UPM00033356","1984-11-08","50.217","31.8","128.0","YAHOTYN, UP","    0",",,I",,,"   55",",,S","   36",",,S","   44","H,,S"
"UPM00033356","1984-11-09","50.217","31.8","128.0","YAHOTYN, UP","    0",",,I",,,"   50",",,S",,,"   40","H,,S"
"UPM00033356","1984-11-10","50.217","31.8","128.0","YAHOTYN, UP","   15",",,I",,,"   63",",,S","   38",",,S","   48","H,,S"
"UPM00033356","1984-11-11","50.217","31.8","128.0","YAHOTYN, UP","  167",",,I",,,,,,,"    2","H,,S"
"UPM00033356","1984-11-12","50.217","31.8","128.0","YAHOTYN, UP","    2",",,I",,,,,,,"  -64","H,,S"
"UPM00033356","1984-11-13","50.217","31.8","128.0","YAHOTYN, UP","    3",",,I",,,"  -65",",,S","  -96",",,S","  -78","H,,S"
"UPM00033356","1984-11-14","50.217","31.8","128.0","YAHOTYN, UP","    0",",,I",,,,,,,"  -83","H,,S"
"UPM00033356","1984-11-15","50.217","31.8","128.0","YAHOTYN, UP","    2",",,I",,,"  -49",",,S"," -105",",,S","  -69","H,,S"
"UPM00033356","1984-11-16","50.217","31.8","128.0","YAHOTYN, UP","    0","T,,I",,,,,,,"  -79","H,,S"
"UPM00033356","1984-11-17","50.217","31.8","128.0","YAHOTYN, UP","    0","T,,I",,,,," -102",",,S","  -72","H,,S"
"UPM00033356","1984-11-18","50.217","31.8","128.0","YAHOTYN, UP","    0","T,,I",,,"  -15",",,S",,,"  -51","H,,S"
"UPM00033356","1984-11-19","50.217","31.8","128.0","YAHOTYN, UP","    0","T,,I",,,"  -20",",,S",,,"  -46","H,,S"
"UPM00033356","1984-11-20","50.217","31.8","128.0","YAHOTYN, UP","    0",",,I",,,,,"  -95",",,S","  -71","H,,S"
"UPM00033356","1984-11-21","50.217","31.8","128.0","YAHOTYN, UP","   26",",,I",,,,,,,"   -8","H,,S"
"UPM00033356","1984-11-22","50.217","31.8","128.0","YAHOTYN, UP","    0",",,I",,,,,"  -10",",,S","   -3","H,,S"
"UPM00033356","1984-11-23","50.217","31.8","128.0","YAHOTYN, UP","    1",",,I",,,,," -141",",,S","   -8","H,,S"
"UPM00033356","1984-11-24","50.217","31.8","128.0","YAHOTYN, UP","   80",",,I","   10",",,S",,,"   -7",",,S","   40","H,,S"
"UPM00033356","1984-11-25","50.217","31.8","128.0","YAHOTYN, UP","    0","T,,I",,,"   90",",,S",,,"   66","H,,S"
"UPM00033356","1984-11-26","50.217","31.8","128.0","YAHOTYN, UP","    0",",,I",,,"   87",",,S","   10",",,S","   39","H,,S"
"UPM00033356","1984-11-27","50.217","31.8","128.0","YAHOTYN, UP","    0",",,I",,,,,"    5",",,S","   19","H,,S"
"UPM00033356","1984-11-28","50.217","31.8","128.0","YAHOTYN, UP","    0",",,I",,,,,,,"   -9","H,,S"
"UPM00033356","1984-11-29","50.217","31.8","128.0","YAHOTYN, UP","    0",",,I",,,,,"  -28",",,S","  -23","H,,S"
"UPM00033356","1984-11-30","50.217","31.8","128.0","YAHOTYN, UP","    0",",,I",,,,,"  -30",",,S","  -14","H,,S"
"UPM00033356","1984-12-01","50.217","31.8","128.0","YAHOTYN, UP","    0",",,I",,,,,,,,
"UPM00033356","1984-12-02","50.217","31.8","128.0","YAHOTYN, UP","    0",",,I",,,,," -100",",,S","  -77","H,,S"
"UPM00033356","1984-12-03","50.217","31.8","128.0","YAHOTYN, UP","    0",",,I",,,"  -57",",,S","  -98",",,S","  -80","H,,S"
"UPM00033356","1984-12-04","50.217","31.8","128.0","YAHOTYN, UP","    0",",,I",,,,," -129",",,S","  -86","H,,S"
"UPM00033356","1984-12-05","50.217","31.8","128.0","YAHOTYN, UP","    0",",,I",,,,," -117",",,S","  -72","H,,S"
"UPM00033356","1984-12-06","50.217","31.8","128.0","YAHOTYN, UP","    0","T,,I",,,,,,,"  -31","H,,S"
"UPM00033356","1984-12-07","50.217","31.8","128.0","YAHOTYN, UP","    0",",,I",,,,,,,"   -2","H,,S"
"UPM00033356","1984-12-08","50.217","31.8","128.0","YAHOTYN, UP","    8",",,I",,,,,,,,
"UPM00033356","1984-12-09","50.217","31.8","128.0","YAHOTYN, UP","    5",",,I",,,,,,,"   13","H,,S"
"UPM00033356","1984-12-10","50.217","31.8","128.0","YAHOTYN, UP","    0","T,,I",,,"   34",",,S","   -1",",,S","   16","H,,S"
"UPM00033356","1984-12-11","50.217","31.8","128.0","YAHOTYN, UP","   57",",,I",,,"   32",",,S",,,"   14","H,,S"
"UPM00033356","1984-12-12","50.217","31.8","128.0","YAHOTYN, UP","   25",",,I","   20",",,S",,,,,"   -6","H,,S"
"UPM00033356","1984-12-13","50.217","31.8","128.0","YAHOTYN, UP","    0",",,I","   10",",,S","  -32",",,S","  -67",",,S","  -50","H,,S"
"UPM00033356","1984-12-14","50.217","31.8","128.0","YAHOTYN, UP","    9",",,I","   10",",,S",,,,,"  -48","H,,S"
"UPM00033356","1984-12-15","50.217","31.8","128.0","YAHOTYN, UP","    6",",,I","   20",",,S","  -47",",,S",,,"  -59","H,,S"
"UPM00033356","1984-12-16","50.217","31.8","128.0","YAHOTYN, UP","    7",",,I","   20",",,S","  -53",",,S",,,"  -84","H,,S"
"UPM00033356","1984-12-17","50.217","31.8","128.0","YAHOTYN, UP","    9",",,I","   20",",,S",,," -127",",,S","  -72","H,,S"
"UPM00033356","1984-12-18","50.217","31.8","128.0","YAHOTYN, UP","   81",",,I",,,"   10",",,S",,,"  -25","H,,S"
"UPM00033356","1984-12-19","50.217","31.8","128.0","YAHOTYN, UP","    0",",,I","   30",",,S",,,"  -55",",,S","  -49","H,,S"
"UPM00033356","1984-12-20","50.217","31.8","128.0","YAHOTYN, UP","    0","T,,I",,,,,,,"  -19","H,,S"
"UPM00033356","1984-12-21","50.217","31.8","128.0","YAHOTYN, UP","    3",",,I",,,,,,," -107","H,,S"
"UPM00033356","1984-12-22","50.217","31.8","128.0","YAHOTYN, UP","    2",",,I","   30",",,S","  -81",",,S"," -143",",,S","  -94","H,,S"
"UPM00033356","1984-12-23","50.217","31.8","128.0","YAHOTYN, UP","    9",",,I",,,"  -55",",,S",,,"  -74","H,,S"
"UPM00033356","1984-12-24","50.217","31.8","128.0","YAHOTYN, UP","    9",",,I","   41",",,S",,,,," -134","H,,S"
"UPM00033356","1984-12-25","50.217","31.8","128.0","YAHOTYN, UP","    4",",,I",,,,,,,,
"UPM00033356","1984-12-26","50.217","31.8","128.0","YAHOTYN, UP","    2",",,I","   41",",,S","  -53",",,S","  -82",",,S","  -67","H,,S"
"UPM00033356","1984-12-27","50.217","31.8","128.0","YAHOTYN, UP","    3",",,I","   41",",,S",,,"  -83",",,S","  -80","H,,S"
"UPM00033356","1984-12-28","50.217","31.8","128.0","YAHOTYN, UP","    2",",,I","   41",",,S",,,,,"  -83","H,,S"
"UPM00033356","1984-12-29","50.217","31.8","128.0","YAHOTYN, UP","    8",",,I","   51",",,S","  -80",",,S"," -102",",,S","  -89","H,,S"
"UPM00033356","1984-12-30","50.217","31.8","128.0","YAHOTYN, UP","    0",",,I",,,,,,,,
"UPM00033356","1984-12-31","50.217","31.8","128.0","YAHOTYN, UP","    0",",,I","   51",",,S",,," -233",",,S"," -154","H,,S"
"UPM00033356","1985-01-01","50.217","31.8","128.0","YAHOTYN, UP","    0","T,,I","   51",",,S",,,,,"  -98","H,,S"
"UPM00033356","1985-01-02","50.217","31.8","128.0","YAHOTYN, UP","    1",",,I","   51",",,S",,," -120",",,S","  -79","H,,S"
"UPM00033356","1985-01-03","50.217","31.8","128.0","YAHOTYN, UP","   80",",,I",,,,,,,"  -80","H,,S"
"UPM00033356","1985-01-04","50.217","31.8","128.0","YAHOTYN, UP","  104",",,I","   71",",,S",,,,," -123","H,,S"
"UPM00033356","1985-01-05","50.217","31.8","128.0","YAHOTYN, UP","    0",",,I","  119",",,S"," -120",",,S"," -183",",,S"," -140","H,,S"
"UPM00033356","1985-01-06","50.217","31.8","128.0","YAHOTYN, UP","   15",",,I",,,"   31",",,S",,,"  -74","H,,S"
"UPM00033356","1985-01-07","50.217","31.8","128.0","YAHOTYN, UP","   32",",,I","  180",",,S","   12",",,S"," -102",",,S","  -49","H,,S"
"UPM00033356","1985-01-08","50.217","31.8","128.0","YAHOTYN, UP","   71",",,I",,,"   14",",,S",,," -119","H,,S"
"UPM00033356","1985-01-09","50.217","31.8","128.0","YAHOTYN, UP","  112",",,I",,,,,,," -114","H,,S"
"UPM00033356","1985-01-10","50.217","31.8","128.0","YAHOTYN, UP","    0","T,,I",,,,,,," -143","H,,S"
"UPM00033356","1985-01-11","50.217","31.8","128.0","YAHOTYN, UP","   80",",,I",,,,,,," -157","H,,S"
"UPM00033356","1985-01-12","50.217","31.8","128.0","YAHOTYN, UP","    3",",,I","  300",",,S"," -114",",,S",,," -140","H,,S"
"UPM00033356","1985-01-13","50.217","31.8","128.0","YAHOTYN, UP","    0","T,,I",,,"  -95",",,S",,," -129","H,,S"
"UPM00033356","1985-01-14","50.217","31.8","128.0","YAHOTYN, UP","    0",",,I","  300",",,S",,," -254",",,S"," -219","H,,S"
"UPM00033356","1985-01-15","50.217","31.8","128.0","YAHOTYN, UP","    0",",,I",,,,,,,,
"UPM00033356","1985-01-16","50.217","31.8","128.0","YAHOTYN, UP","    0","T,,I","  300",",,S",,," -158",",,S"," -110","H,,S"
"UPM00033356","1985-01-17","50.217","31.8","128.0","YAHOTYN, UP","    0","T,,I","  300",",,S",,," -169",",,S"," -142","H,,S"
"UPM00033356","1985-01-18","50.217","31.8","128.0","YAHOTYN, UP","    5",",,I",,,,,,," -162","H,,S"
"UPM00033356","1985-01-19","50.217","31.8","128.0","YAHOTYN, UP","    0",",,I",,,,,,," -138","H,,S"
"UPM00033356","1985-01-20","50.217","31.8","128.0","YAHOTYN, UP","    9",",,I","  300",",,S",,,,,"  -74","H,,S"
"UPM00033356","1985-01-21","50.217","31.8","128.0","YAHOTYN, UP","    0",",,I","  300",",,S",,,,," -192","H,,S"
"UPM00033356","1985-01-22","50.217","31.8","128.0","YAHOTYN, UP","    0",",,I","  300",",,S",,," -236",",,S"," -162","H,,S"
"UPM00033356","1985-01-23","50.217","31.8","128.0","YAHOTYN, UP","    2",",,I","  279",",,S","   26",",,S","  -87",",,S","   14","H,,S"
"UPM00033356","1985-01-24","50.217","31.8","128.0","YAHOTYN, UP","    0",",,I","  249",",,S",,,"   12",",,S","   25","H,,S"
"UPM00033356","1985-01-25","50.217","31.8","128.0","YAHOTYN, UP","    0","T,,I","  170",",,S",,,,,"   -6","H,,S"
"UPM00033356","1985-01-26","50.217","31.8","128.0","YAHOTYN, UP","    0",",,I","  170",",,S","    9",",,S",,,"  -19","H,,S"
"UPM00033356","1985-01-27","50.217","31.8","128.0","YAHOTYN, UP","    0",",,I","  170",",,S","    7",",,S","  -55",",,S","  -21","H,,S"
"UPM00033356","1985-01-28","50.217","31.8","128.0","YAHOTYN, UP","    7",",,I","  150",",,S","   12",",,S",,,"    0","H,,S"
"UPM00033356","1985-01-29","50.217","31.8","128.0","YAHOTYN, UP","    0",",,I","  140",",,S",,," -171",",,S"," -115","H,,S"
"UPM00033356","1985-01-30","50.217","31.8","128.0","YAHOTYN, UP","    0",",,I","  140",",,S",,," -203",",,S"," -119","H,,S"
"UPM00033356","1985-01-31","50.217","31.8","128.0","YAHOTYN, UP","    4",",,I","  140",",,S","   23",",,S","  -71",",,S","   -8","H,,S"
"UPM00033356","1985-02-01","50.217","31.8","128.0","YAHOTYN, UP","    5",",,I",,,,,,,"  -27","H,,S"
"UPM00033356","1985-02-02","50.217","31.8","128.0","YAHOTYN, UP","   33",",,I",,,"   17",",,S",,,"    6","H,,S"
"UPM00033356","1985-02-03","50.217","31.8","128.0","YAHOTYN, UP","    9",",,I","  140",",,S","   -2",",,S",,,"  -14","H,,S"
"UPM00033356","1985-02-04","50.217","31.8","128.0","YAHOTYN, UP","   35",",,I","  170",",,S",,," -114",",,S","  -94","H,,S"
"UPM00033356","1985-02-05","50.217","31.8","128.0","YAHOTYN, UP","    0","T,,I","  170",",,S",,," -133",",,S"," -123","H,,S"
"UPM00033356","1985-02-06","50.217","31.8","128.0","YAHOTYN, UP","    2",",,I","  160",",,S",,," -173",",,S"," -147","H,,S"
"UPM00033356","1985-02-07","50.217","31.8","128.0","YAHOTYN, UP","    0","T,,I","  160",",,S"," -123",",,S"," -201",",,S"," -161","H,,S"
"UPM00033356","1985-02-08","50.217","31.8","128.0","YAHOTYN, UP","    2",",,I","  160",",,S"," -134",",,S"," -177",",,S"," -158","H,,S"
"UPM00033356","1985-02-09","50.217","31.8","128.0","YAHOTYN, UP","    0",",,I",,,,,,," -186","H,,S"
"UPM00033356","1985-02-10","50.217","31.8","128.0","YAHOTYN, UP","   25",",,I","  160",",,S",,," -249",",,S"," -220","H,,S"
"UPM00033356","1985-02-11","50.217","31.8","128.0","YAHOTYN, UP","   67",",,I","  211",",,S"," -129",",,S"," -195",",,S"," -151","H,,S"
"UPM00033356","1985-02-12","50.217","31.8","128.0","YAHOTYN, UP","    0","T,,I","  259",",,S",,," -217",",,S"," -187","H,,S"
"UPM00033356","1985-02-13","50.217","31.8","128.0","YAHOTYN, UP","   56",",,I",,,,,,," -152","H,,S"
"UPM00033356","1985-02-14","50.217","31.8","128.0","YAHOTYN, UP","   30",",,I",,,,,,," -114","H,,S"
"UPM00033356","1985-02-15","50.217","31.8","128.0","YAHOTYN, UP","    0","T,,I","  340",",,S"," -101",",,S",,," -133","H,,S"
"UPM00033356","1985-02-16","50.217","31.8","128.0","YAHOTYN, UP","   28",",,I","  391",",,S",,,,," -126","H,,S"
"UPM00033356","1985-02-17","50.217","31.8","128.0","YAHOTYN, UP","    3",",,I","  399",",,S",,," -233",",,S"," -188","H,,S"
"UPM00033356","1985-02-18","50.217","31.8","128.0","YAHOTYN, UP","    0","T,,I","  399",",,S",,," -270",",,S"," -223","H,,S"
"UPM00033356","1985-02-19","50.217","31.8","128.0","YAHOTYN, UP","   12",",,I","  399",",,S",,," -216",",,S"," -182","H,,S"
"UPM00033356","1985-02-20","50.217","31.8","128.0","YAHOTYN, UP","   10",",,I","  439",",,S",,,,," -198","H,,S"
"UPM00033356","1985-02-21","50.217","31.8","128.0","YAHOTYN, UP","    0",",,I","  439",",,S"," -125",",,S"," -303",",,S"," -223","H,,S"
"UPM00033356","1985-02-22","50.217","31.8","128.0","YAHOTYN, UP","    0",",,I","  439",",,S","  -86",",,S",,," -205","H,,S"
"UPM00033356","1985-02-23","50.217","31.8","128.0","YAHOTYN, UP","    0",",,I",,,"  -86",",,S",,," -133","H,,S"
"UPM00033356","1985-02-24","50.217","31.8","128.0","YAHOTYN, UP","    0",",,I",,,,,,," -161","H,,S"
"UPM00033356","1985-02-25","50.217","31.8","128.0","YAHOTYN, UP","    0",",,I","  429",",,S"," -108",",,S"," -233",",,S"," -144","H,,S"
"UPM00033356","1985-02-26","50.217","31.8","128.0","YAHOTYN, UP","    0",",,I",,," -105",",,S",,," -131","H,,S"
"UPM00033356","1985-02-27","50.217","31.8","128.0","YAHOTYN, UP","    0",",,I","  429",",,S","  -94",",,S"," -167",",,S"," -134","H,,S"
"UPM00033356","1985-02-28","50.217","31.8","128.0","YAHOTYN, UP","    0","T,,I","  429",",,S","  -84",",,S",,," -139","H,,S"
"UPM00033356","1985-03-01","50.217","31.8","128.0","YAHOTYN, UP","    0",",,I","  419",",,S"," -108",",,S"," -235",",,S"," -163","H,,S"
"UPM00033356","1985-03-02","50.217","31.8","128.0","YAHOTYN, UP","    0",",,I","  419",",,S","  -99",",,S"," -248",",,S"," -174","H,,S"
"UPM00033356","1985-03-03","50.217","31.8","128.0","YAHOTYN, UP","    0","T,,I","  419",",,S","  -61",",,S"," -183",",,S"," -109","H,,S"
"UPM00033356","1985-03-04","50.217","31.8","128.0","YAHOTYN, UP","    0",",,I",,,,,,," -113","H,,S"
"UPM00033356","1985-03-05","50.217","31.8","128.0","YAHOTYN, UP","   44",",,I","  429",",,S","  -63",",,S","  -85",",,S","  -74","H,,S"
"UPM00033356","1985-03-06","50.217","31.8","128.0","YAHOTYN, UP","    3",",,I","  439",",,S",,,,," -115","H,,S"
"UPM00033356","1985-03-07","50.217","31.8","128.0","YAHOTYN, UP","    0",",,I","  439",",,S","  -94",",,S"," -189",",,S"," -137","H,,S"
"UPM00033356","1985-03-08","50.217","31.8","128.0","YAHOTYN, UP","    0",",,I","  429",",,S","  -98",",,S"," -210",",,S"," -149","H,,S"
"UPM00033356","1985-03-09","50.217","31.8","128.0","YAHOTYN, UP","    0",",,I","  429",",,S",,," -178",",,S"," -127","H,,S"
"UPM00033356","1985-03-10","50.217","31.8","128.0","YAHOTYN, UP","    0",",,I","  429",",,S",,,,," -108","H,,S"
"UPM00033356","1985-03-11","50.217","31.8","128.0","YAHOTYN, UP","    0",",,I","  429",",,S","  -48",",,S",,," -103","H,,S"
"UPM00033356","1985-03-12","50.217","31.8","128.0","YAHOTYN, UP","    0",",,I","  419",",,S","  -29",",,S"," -178",",,S"," -107","H,,S"
"UPM00033356","1985-03-13","50.217","31.8","128.0","YAHOTYN, UP","    0",",,I","  409",",,S","   20",",,S",,,"  -77","H,,S"
"UPM00033356","1985-03-14","50.217","31.8","128.0","YAHOTYN, UP","    0",",,I","  391",",,S","   24",",,S"," -117",",,S","  -47","H,,S"
"UPM00033356","1985-03-15","50.217","31.8","128.0","YAHOTYN, UP","    0",",,I","  361",",,S",,,"  -56",",,S","  -33","H,,S"
"UPM00033356","1985-03-16","50.217","31.8","128.0","YAHOTYN, UP","    7",",,I","  381",",,S",,,"  -56",",,S","  -21","H,,S"
"UPM00033356","1985-03-17","50.217","31.8","128.0","YAHOTYN, UP","    0","T,,I","  361",",,S","   24",",,S","    2",",,S","   11","H,,S"
"UPM00033356","1985-03-18","50.217","31.8","128.0","YAHOTYN, UP","    0","T,,I","  340",",,S","   18",",,S","    4",",,S","    9","H,,S"
"UPM00033356","1985-03-19","50.217","31.8","128.0","YAHOTYN, UP","    0","T,,I",,,"   17",",,S",,,"    8","H,,S"
"UPM00033356","1985-03-20","50.217","31.8","128.0","YAHOTYN, UP","    0","T,,I","  269",",,S","   20",",,S",,,"    8","H,,S"
"UPM00033356","1985-03-21","50.217","31.8","128.0","YAHOTYN, UP","    0",",,I","  239",",,S","    8",",,S",,,"    3","H,,S"
"UPM00033356","1985-03-22","50.217","31.8","128.0","YAHOTYN, UP","    0",",,I","  201",",,S","   21",",,S","  -36",",,S","  -10","H,,S"
"UPM00033356","1985-03-23","50.217","31.8","128.0","YAHOTYN, UP","    0",",,I","  160",",,S",,,"  -54",",,S","  -13","H,,S"
"UPM00033356","1985-03-24","50.217","31.8","128.0","YAHOTYN, UP","    0",",,I","  140",",,S","   20",",,S","  -66",",,S","  -19","H,,S"
"UPM00033356","1985-03-25","50.217","31.8","128.0","YAHOTYN, UP","    0",",,I","   99",",,S",,,"  -42",",,S","  -11","H,,S"
"UPM00033356","1985-03-26","50.217","31.8","128.0","YAHOTYN, UP","    0","T,,I","   71",",,S","   26",",,S","  -46",",,S","   -7","H,,S"
"UPM00033356","1985-03-27","50.217","31.8","128.0","YAHOTYN, UP","    0",",,I","   61",",,S","   24",",,S","    4",",,S","   13","H,,S"
"UPM00033356","1985-03-28","50.217","31.8","128.0","YAHOTYN, UP","    0",",,I","   41",",,S","   41",",,S","    6",",,S","   19","H,,S"
"UPM00033356","1985-03-29","50.217","31.8","128.0","YAHOTYN, UP","    0","T,,I","   20",",,S",,,,,"   23","H,,S"
"UPM00033356","1985-03-30","50.217","31.8","128.0","YAHOTYN, UP","    0",",,I","   10",",,S","   88",",,S","   -6",",,S","   38","H,,S"
"UPM00033356","1985-03-31","50.217","31.8","128.0","YAHOTYN, UP","    0",",,I",,,"  144",",,S","   24",",,S","   58","H,,S"
"UPM00033356","1985-04-01","50.217","31.8","128.0","YAHOTYN, UP","    0",",,I",,,,,"  -40",",,S","   91","H,,S"
"UPM00033356","1985-04-02","50.217","31.8","128.0","YAHOTYN, UP","    0","T,,I",,,,,,,"   67","H,,S"
"UPM00033356","1985-04-03","50.217","31.8","128.0","YAHOTYN, UP","    0","T,,I",,,,,,,"   70","H,,S"
"UPM00033356","1985-04-04","50.217","31.8","128.0","YAHOTYN, UP","    0",",,I",,,"  126",",,S",,,"   72","H,,S"
"UPM00033356","1985-04-05","50.217","31.8","128.0","YAHOTYN, UP","    0",",,I",,,,,"   36",",,S","  104","H,,S"
"UPM00033356","1985-04-06","50.217","31.8","128.0","YAHOTYN, UP","    0",",,I",,,"  172",",,S","   46",",,S","  103","H,,S"
"UPM00033356","1985-04-07","50.217","31.8","128.0","YAHOTYN, UP","    7",",,I",,,,,,,"  114","H,,S"
"UPM00033356","1985-04-08","50.217","31.8","128.0","YAHOTYN, UP","    0","T,,I",,,,,"   85",",,S","  109","H,,S"
"UPM00033356","1985-04-09","50.217","31.8","128.0","YAHOTYN, UP","   50",",,I",,,,,"   59",",,S","  102","H,,S"
"UPM00033356","1985-04-10","50.217","31.8","128.0","YAHOTYN, UP","   10",",,I",,,"  104",",,S","   51",",,S","   79","H,,S"
"UPM00033356","1985-04-11","50.217","31.8","128.0","YAHOTYN, UP","    0",",,I",,,"   59",",,S",,,"   38","H,,S"
"UPM00033356","1985-04-12","50.217","31.8","128.0","YAHOTYN, UP","    0",",,I",,,"   99",",,S","  -35",",,S","   36","H,,S"
"UPM00033356","1985-04-13","50.217","31.8","128.0","YAHOTYN, UP","    0",",,I",,,,,"   -6",",,S","   64","H,,S"
"UPM00033356","1985-04-14","50.217","31.8","128.0","YAHOTYN, UP","    0",",,I",,,,,"   23",",,S","   99","H,,S"
"UPM00033356","1985-04-15","50.217","31.8","128.0","YAHOTYN, UP","    7",",,I",,,"  150",",,S","   39",",,S","   94","H,,S"
"UPM00033356","1985-04-16","50.217","31.8","128.0","YAHOTYN, UP","   18",",,I",,,,,"   52",",,S","   72","H,,S"
"UPM00033356","1985-04-17","50.217","31.8","128.0","YAHOTYN, UP","    0",",,I",,,,,"   24",",,S","   82","H,,S"
"UPM00033356","1985-04-18","50.217","31.8","128.0","YAHOTYN, UP","    0",",,I",,,,,"   17",",,S","   49","H,,S"
"UPM00033356","1985-04-19","50.217","31.8","128.0","YAHOTYN, UP","    0",",,I",,,,,"   17",",,S","   82","H,,S"
"UPM00033356","1985-04-20","50.217","31.8","128.0","YAHOTYN, UP","    0",",,I",,,"  143",",,S","   19",",,S","   75","H,,S"
"UPM00033356","1985-04-21","50.217","31.8","128.0","YAHOTYN, UP","    0",",,I",,,"  165",",,S","   34",",,S","  102","H,,S"
"UPM00033356","1985-04-22","50.217","31.8","128.0","YAHOTYN, UP","    0",",,I",,,,,"   49",",,S","  126","H,,S"
"UPM00033356","1985-04-23","50.217","31.8","128.0","YAHOTYN, UP","    0",",,I",,,"  198",",,S","   70",",,S","  140","H,,S"
"UPM00033356","1985-04-24","50.217","31.8","128.0","YAHOTYN, UP","    0","T,,I",,,"  205",",,S","   77",",,S","  134","H,,S"
"UPM00033356","1985-04-25","50.217","31.8","128.0","YAHOTYN, UP","    0","T,,I",,,"  143",",,S","   60",",,S","  104","H,,S"
"UPM00033356","1985-04-26","50.217","31.8","128.0","YAHOTYN, UP","  147",",,I",,,,,,,"   79","H,,S"
"UPM00033356","1985-04-27","50.217","31.8","128.0","YAHOTYN, UP","   94",",,I",,,"   74",",,S","   39",",,S","   64","H,,S"
"UPM00033356","1985-04-28","50.217","31.8","128.0","YAHOTYN, UP","   42",",,I",,,,,"   67",",,S","   96","H,,S"
"UPM00033356","1985-04-29","50.217","31.8","128.0","YAHOTYN, UP","    0",",,I",,,,,"    7",",,S","  129","H,,S"
"UPM00033356","1985-04-30","50.217","31.8","128.0","YAHOTYN, UP","   66",",,I",,,,,"   33",",,S","   72","H,,S"
"UPM00033356","1985-05-01","50.217","31.8","128.0","YAHOTYN, UP","   18",",,I",,,"  104",",,S","    9",",,S","   58","H,,S"
"UPM00033356","1985-05-02","50.217","31.8","128.0","YAHOTYN, UP","    5",",,I",,,"  142",",,S","   31",",,S","   92","H,,S"
"UPM00033356","1985-05-03","50.217","31.8","128.0","YAHOTYN, UP","    0",",,I",,,"  200",",,S","   92",",,S","  142","H,,S"
"UPM00033356","1985-05-04","50.217","31.8","128.0","YAHOTYN, UP","    0","T,,I",,,,,,,"  123","H,,S"
"UPM00033356","1985-05-05","50.217","31.8","128.0","YAHOTYN, UP","    3",",,I",,,,,"   56",",,S","  119","H,,S"
"UPM00033356","1985-05-06","50.217","31.8","128.0","YAHOTYN, UP","   12",",,I",,,"  240",",,S","  109",",,S","  168","H,,S"
"UPM00033356","1985-05-07","50.217","31.8","128.0","YAHOTYN, UP","    0",",,I",,,"  265",",,S",,,"  161","H,,S"
"UPM00033356","1985-05-08","50.217","31.8","128.0","YAHOTYN, UP","    0","T,,I",,,,,,,"  214","H,,S"
"UPM00033356","1985-05-09","50.217","31.8","128.0","YAHOTYN, UP","    0",",,I",,,"  294",",,S","  142",",,S","  214","H,,S"
"UPM00033356","1985-05-10","50.217","31.8","128.0","YAHOTYN, UP","    0",",,I",,,,,,,"  238","H,,S"
"UPM00033356","1985-05-11","50.217","31.8","128.0","YAHOTYN, UP","    0",",,I",,,"  291",",,S","  166",",,S","  216","H,,S"
"UPM00033356","1985-05-12","50.217","31.8","128.0","YAHOTYN, UP","    0",",,I",,,,,,,"  208","H,,S"
"UPM00033356","1985-05-13","50.217","31.8","128.0","YAHOTYN, UP","    0",",,I",,,"  275",",,S","  150",",,S","  217","H,,S"
"UPM00033356","1985-05-14","50.217","31.8","128.0","YAHOTYN, UP","    0",",,I",,,"  276",",,S","  142",",,S","  210","H,,S"
"UPM00033356","1985-05-15","50.217","31.8","128.0","YAHOTYN, UP","    0",",,I",,,,,"  136",",,S","  220","H,,S"
"UPM00033356","1985-05-16","50.217","31.8","128.0","YAHOTYN, UP","   44",",,I",,,"  271",",,S","  155",",,S","  213","H,,S"
"UPM00033356","1985-05-17","50.217","31.8","128.0","YAHOTYN, UP","    0",",,I",,,"  275",",,S","  130",",,S","  199","H,,S"
"UPM00033356","1985-05-18","50.217","31.8","128.0","YAHOTYN, UP","   18",",,I",,,"  180",",,S",,,"  150","H,,S"
"UPM00033356","1985-05-19","50.217","31.8","128.0","YAHOTYN, UP","   34",",,I",,,"  168",",,S",,,"  131","H,,S"
"UPM00033356","1985-05-20","50.217","31.8","128.0","YAHOTYN, UP","    0",",,I",,,"  187",",,S","   57",",,S","  129","H,,S"
"UPM00033356","1985-05-21","50.217","31.8","128.0","YAHOTYN, UP","    0",",,I",,,"  206",",,S",,,"  145","H,,S"
"UPM00033356","1985-05-22","50.217","31.8","128.0","YAHOTYN, UP","    0",",,I",,,"  206",",,S","  101",",,S","  153","H,,S"
"UPM00033356","1985-05-23","50.217","31.8","128.0","YAHOTYN, UP","    6",",,I",,,,,"  122",",,S","  155","H,,S"
"UPM00033356","1985-05-24","50.217","31.8","128.0","YAHOTYN, UP","   12",",,I",,,,,,,"  174","H,,S"
"UPM00033356","1985-05-25","50.217","31.8","128.0","YAHOTYN, UP","    0",",,I",,,,,"  133",",,S","  171","H,,S"
"UPM00033356","1985-05-26","50.217","31.8","128.0","YAHOTYN, UP","    0",",,I",,,,,"  126",",,S","  186","H,,S"
"UPM00033356","1985-05-27","50.217","31.8","128.0","YAHOTYN, UP","    0",",,I",,,,,"  113",",,S","  180","H,,S"
"UPM00033356","1985-05-28","50.217","31.8","128.0","YAHOTYN, UP","   11",",,I",,,"  176",",,S","  128",",,S","  153","H,,S"
"UPM00033356","1985-05-29","50.217","31.8","128.0","YAHOTYN, UP","   65",",,I",,,"  226",",,S","  115",",,S","  161","H,,S"
"UPM00033356","1985-05-30","50.217","31.8","128.0","YAHOTYN, UP","  106",",,I",,,"  246",",,S","  150",",,S","  197","H,,S"
"UPM00033356","1985-05-31","50.217","31.8","128.0","YAHOTYN, UP","  158",",,I",,,"  240",",,S",,,"  197","H,,S"
"UPM00033356","1985-06-01","50.217","31.8","128.0","YAHOTYN, UP","    0","T,,I",,,,,"  148",",,S","  183","H,,S"
"UPM00033356","1985-06-02","50.217","31.8","128.0","YAHOTYN, UP","    0",",,I",,,,,"  138",",,S","  181","H,,S"
"UPM00033356","1985-06-03","50.217","31.8","128.0","YAHOTYN, UP","    0",",,I",,,"  229",",,S","  146",",,S","  187","H,,S"
"UPM00033356","1985-06-04","50.217","31.8","128.0","YAHOTYN, UP","    0",",,I",,,"  187",",,S",,,"  142","H,,S"
"UPM00033356","1985-06-05","50.217","31.8","128.0","YAHOTYN, UP","    0",",,I",,,,,"   70",",,S","  160","H,,S"
"UPM00033356","1985-06-06","50.217","31.8","128.0","YAHOTYN, UP","    0",",,I",,,,,"  108",",,S","  176","H,,S"
"UPM00033356","1985-06-07","50.217","31.8","128.0","YAHOTYN, UP","    0",",,I",,,"  275",",,S","  165",",,S","  201","H,,S"
"UPM00033356","1985-06-08","50.217","31.8","128.0","YAHOTYN, UP","    4",",,I",,,,,"  142",",,S","  225","H,,S"
"UPM00033356","1985-06-09","50.217","31.8","128.0","YAHOTYN, UP","   19",",,I",,,"  243",",,S","  154",",,S","  197","H,,S"
"UPM00033356","1985-06-10","50.217","31.8","128.0","YAHOTYN, UP","   69",",,I",,,"  180",",,S",,,"  140","H,,S"
"UPM00033356","1985-06-11","50.217","31.8","128.0","YAHOTYN, UP","    0",",,I",,,,,"   80",",,S","  150","H,,S"
"UPM00033356","1985-06-12","50.217","31.8","128.0","YAHOTYN, UP","   28",",,I",,,"  162",",,S",,,"  131","H,,S"
"UPM00033356","1985-06-13","50.217","31.8","128.0","YAHOTYN, UP","    0",",,I",,,,,"   65",",,S","  143","H,,S"
"UPM00033356","1985-06-14","50.217","31.8","128.0","YAHOTYN, UP","   33",",,I",,,,,"  110",",,S","  142","H,,S"
"UPM00033356","1985-06-15","50.217","31.8","128.0","YAHOTYN, UP","    0",",,I",,,,,"   85",",,S","  158","H,,S"
"UPM00033356","1985-06-16","50.217","31.8","128.0","YAHOTYN, UP","   71",",,I",,,,,,,"  135","H,,S"
"UPM00033356","1985-06-17","50.217","31.8","128.0","YAHOTYN, UP","    0","T,,I",,,,,,,"  117","H,,S"
"UPM00033356","1985-06-18","50.217","31.8","128.0","YAHOTYN, UP","   16",",,I",,,"  173",",,S","   65",",,S","  127","H,,S"
"UPM00033356","1985-06-19","50.217","31.8","128.0","YAHOTYN, UP","   18",",,I",,,,,"  129",",,S","  136","H,,S"
"UPM00033356","1985-06-20","50.217","31.8","128.0","YAHOTYN, UP","  237",",,I",,,"  167",",,S","  135",",,S","  148","H,,S"
"UPM00033356","1985-06-21","50.217","31.8","128.0","YAHOTYN, UP","   45",",,I",,,"  235",",,S","  108",",,S","  156","H,,S"
"UPM00033356","1985-06-22","50.217","31.8","128.0","YAHOTYN, UP","    0","T,,I",,,,,"  125",",,S","  187","H,,S"
"UPM00033356","1985-06-23","50.217","31.8","128.0","YAHOTYN, UP","    0",",,I",,,"  244",",,S",,,"  197","H,,S"
"UPM00033356","1985-06-24","50.217","31.8","128.0","YAHOTYN, UP","    1",",,I",,,,,,,"  193","H,,S"
"UPM00033356","1985-06-25","50.217","31.8","128.0","YAHOTYN, UP","    0","T,,I",,,"  237",",,S",,,"  194","H,,S"
"UPM00033356","1985-06-26","50.217","31.8","128.0","YAHOTYN, UP","   37",",,I",,,,,"  156",",,S","  193","H,,S"
"UPM00033356","1985-06-27","50.217","31.8","128.0","YAHOTYN, UP","    0",",,I",,,"  229",",,S","  138",",,S","  179","H,,S"
"UPM00033356","1985-06-28","50.217","31.8","128.0","YAHOTYN, UP","    0",",,I",,,,,,,"  182","H,,S"
"UPM00033356","1985-06-29","50.217","31.8","128.0","YAHOTYN, UP","  121",",,I",,,,,,,"  138","H,,S"
"UPM00033356","1985-06-30","50.217","31.8","128.0","YAHOTYN, UP","    0","T,,I",,,,,"   90",",,S","  131","H,,S"
"UPM00033356","1985-07-01","50.217","31.8","128.0","YAHOTYN, UP","    0","T,,I",,,"  226",",,S","  108",",,S","  171","H,,S"
"UPM00033356","1985-07-02","50.217","31.8","128.0","YAHOTYN, UP","   37",",,I",,,,,"  139",",,S","  176","H,,S"
"UPM00033356","1985-07-03","50.217","31.8","128.0","YAHOTYN, UP","   30",",,I",,,"  204",",,S","  122",",,S","  161","H,,S"
"UPM00033356","1985-07-04","50.217","31.8","128.0","YAHOTYN, UP","  140",",,I",,,,,"  130",",,S","  142","H,,S"
"UPM00033356","1985-07-05","50.217","31.8","128.0","YAHOTYN, UP","  132",",,I",,,,,"  145",",,S","  172","H,,S"
"UPM00033356","1985-07-06","50.217","31.8","128.0","YAHOTYN, UP","   20",",,I",,,,,"  140",",,S","  163","H,,S"
"UPM00033356","1985-07-07","50.217","31.8","128.0","YAHOTYN, UP","   31",",,I",,,,,,,"  136","H,,S"
"UPM00033356","1985-07-08","50.217","31.8","128.0","YAHOTYN, UP","    0",",,I",,,,,,,"  157","H,,S"
"UPM00033356","1985-07-09","50.217","31.8","128.0","YAHOTYN, UP","  104",",,I",,,"  218",",,S","  115",",,S","  167","H,,S"
"UPM00033356","1985-07-10","50.217","31.8","128.0","YAHOTYN, UP","  107",",,I",,,,,"  106",",,S","  137","H,,S"
"UPM00033356","1985-07-11","50.217","31.8","128.0","YAHOTYN, UP","    0",",,I",,,"  220",",,S",,,"  158","H,,S"
"UPM00033356","1985-07-12","50.217","31.8","128.0","YAHOTYN, UP","   27",",,I",,,"  234",",,S","  111",",,S","  172","H,,S"
"UPM00033356","1985-07-13","50.217","31.8","128.0","YAHOTYN, UP","    0","T,,I",,,,,,,,
"UPM00033356","1985-07-14","50.217","31.8","128.0","YAHOTYN, UP","    0",",,I",,,,,"  140",",,S","  184","H,,S"
"UPM00033356","1985-07-15","50.217","31.8","128.0","YAHOTYN, UP","    0",",,I",,,,,,,"  201","H,,S"
"UPM00033356","1985-07-16","50.217","31.8","128.0","YAHOTYN, UP","    0",",,I",,,"  291",",,S","  158",",,S","  228","H,,S"
"UPM00033356","1985-07-17","50.217","31.8","128.0","YAHOTYN, UP","    0",",,I",,,,,,,"  246","H,,S"
"UPM00033356","1985-07-18","50.217","31.8","128.0","YAHOTYN, UP","    0",",,I",,,,,"  165",",,S","  219","H,,S"
"UPM00033356","1985-07-19","50.217","31.8","128.0","YAHOTYN, UP","    0",",,I",,,"  265",",,S","  173",",,S","  224","H,,S"
"UPM00033356","1985-07-20","50.217","31.8","128.0","YAHOTYN, UP","    0",",,I",,,"  277",",,S","  156",",,S","  225","H,,S"
"UPM00033356","1985-07-21","50.217","31.8","128.0","YAHOTYN, UP","    0",",,I",,,,,"  158",",,S","  244","H,,S"
"UPM00033356","1985-07-22","50.217","31.8","128.0","YAHOTYN, UP","   20",",,I",,,"  205",",,S",,,"  166","H,,S"
"UPM00033356","1985-07-23","50.217","31.8","128.0","YAHOTYN, UP","    0",",,I",,,,,"  105",",,S","  157","H,,S"
"UPM00033356","1985-07-24","50.217","31.8","128.0","YAHOTYN, UP","   47",",,I",,,"  199",",,S","  134",",,S","  160","H,,S"
"UPM00033356","1985-07-25","50.217","31.8","128.0","YAHOTYN, UP","    0",",,I",,,,,,,"  145","H,,S"
"UPM00033356","1985-07-26","50.217","31.8","128.0","YAHOTYN, UP","    8",",,I",,,,,"   90",",,S","  139","H,,S"
"UPM00033356","1985-07-27","50.217","31.8","128.0","YAHOTYN, UP","    1",",,I",,,,,"  120",",,S","  167","H,,S"
"UPM00033356","1985-07-28","50.217","31.8","128.0","YAHOTYN, UP","    8",",,I",,,,,"   96",",,S","  171","H,,S"
"UPM00033356","1985-07-29","50.217","31.8","128.0","YAHOTYN, UP","    0",",,I",,,"  234",",,S","  140",",,S","  172","H,,S"
"UPM00033356","1985-07-30","50.217","31.8","128.0","YAHOTYN, UP","    7",",,I",,,"  257",",,S",,,"  194","H,,S"
"UPM00033356","1985-07-31","50.217","31.8","128.0","YAHOTYN, UP","  128",",,I",,,"  260",",,S",,,"  218","H,,S"
"UPM00033356","1985-08-01","50.217","31.8","128.0","YAHOTYN, UP","    1",",,I",,,"  214",",,S",,,"  181","H,,S"
"UPM00033356","1985-08-02","50.217","31.8","128.0","YAHOTYN, UP","    0",",,I",,,"  242",",,S","  132",",,S","  192","H,,S"
"UPM00033356","1985-08-03","50.217","31.8","128.0","YAHOTYN, UP","    0",",,I",,,"  240",",,S","  144",",,S","  189","H,,S"
"UPM00033356","1985-08-04","50.217","31.8","128.0","YAHOTYN, UP","    0",",,I",,,,,"  140",",,S","  182","H,,S"
"UPM00033356","1985-08-05","50.217","31.8","128.0","YAHOTYN, UP","   22",",,I",,,"  214",",,S",,,"  186","H,,S"
"UPM00033356","1985-08-06","50.217","31.8","128.0","YAHOTYN, UP","    0",",,I",,,"  244",",,S",,,"  184","H,,S"
"UPM00033356","1985-08-07","50.217","31.8","128.0","YAHOTYN, UP","    0",",,I",,,"  266",",,S","  160",",,S","  208","H,,S"
"UPM00033356","1985-08-08","50.217","31.8","128.0","YAHOTYN, UP","    0",",,I",,,,,"  168",",,S","  220","H,,S"
"UPM00033356","1985-08-09","50.217","31.8","128.0","YAHOTYN, UP","   10",",,I",,,"  255",",,S",,,"  202","H,,S"
"UPM00033356","1985-08-10","50.217","31.8","128.0","YAHOTYN, UP","   37",",,I",,,"  247",",,S",,,"  175","H,,S"
"UPM00033356","1985-08-11","50.217","31.8","128.0","YAHOTYN, UP","    0",",,I",,,,,"  120",",,S","  198","H,,S"
"UPM00033356","1985-08-12","50.217","31.8","128.0","YAHOTYN, UP","    0",",,I",,,"  267",",,S","  143",",,S","  219","H,,S"
"UPM00033356","1985-08-13","50.217","31.8","128.0","YAHOTYN, UP","    0",",,I",,,"  291",",,S","  101",",,S","  202","H,,S"
"UPM00033356","1985-08-14","50.217","31.8","128.0","YAHOTYN, UP","    0",",,I",,,,,"  135",",,S","  199","H,,S"
"UPM00033356","1985-08-15","50.217","31.8","128.0","YAHOTYN, UP","    0",",,I",,,,,"  140",",,S","  214","H,,S"
"UPM00033356","1985-08-16","50.217","31.8","128.0","YAHOTYN, UP","    0",",,I",,,"  291",",,S",,,"  211","H,,S"
"UPM00033356","1985-08-17","50.217","31.8","128.0","YAHOTYN, UP","    0",",,I",,,"  308",",,S","  135",",,S","  229","H,,S"
"UPM00033356","1985-08-18","50.217","31.8","128.0","YAHOTYN, UP","    0",",,I",,,"  320",",,S","  182",",,S","  243","H,,S"
"UPM00033356","1985-08-19","50.217","31.8","128.0","YAHOTYN, UP","  140",",,I",,,,,,,"  197","H,,S"
"UPM00033356","1985-08-20","50.217","31.8","128.0","YAHOTYN, UP","   20",",,I",,,"  216",",,S","  133",",,S","  164","H,,S"
"UPM00033356","1985-08-21","50.217","31.8","128.0","YAHOTYN, UP","    0",",,I",,,"  225",",,S","  110",",,S","  159","H,,S"
"UPM00033356","1985-08-22","50.217","31.8","128.0","YAHOTYN, UP","  220",",,I",,,"  209",",,S",,,"  174","H,,S"
"UPM00033356","1985-08-23","50.217","31.8","128.0","YAHOTYN, UP","    0",",,I",,,"  224",",,S","  129",",,S","  182","H,,S"
"UPM00033356","1985-08-24","50.217","31.8","128.0","YAHOTYN, UP","    0",",,I",,,,,"  134",",,S","  189","H,,S"
"UPM00033356","1985-08-25","50.217","31.8","128.0","YAHOTYN, UP","    0",",,I",,,"  291",",,S","  148",",,S","  207","H,,S"
"UPM00033356","1985-08-26","50.217","31.8","128.0","YAHOTYN, UP","    0",",,I",,,"  293",",,S","  151",",,S","  222","H,,S"
"UPM00033356","1985-08-27","50.217","31.8","128.0","YAHOTYN, UP","    0",",,I",,,,,"  154",",,S","  213","H,,S"
"UPM00033356","1985-08-28","50.217","31.8","128.0","YAHOTYN, UP","    0",",,I",,,"  285",",,S","  140",",,S","  221","H,,S"
"UPM00033356","1985-08-29","50.217","31.8","128.0","YAHOTYN, UP","    0",",,I",,,"  296",",,S",,,"  226","H,,S"
"UPM00033356","1985-08-30","50.217","31.8","128.0","YAHOTYN, UP","    0",",,I",,,,,"  168",",,S","  228","H,,S"
"UPM00033356","1985-08-31","50.217","31.8","128.0","YAHOTYN, UP","    0",",,I",,,,,,,"  214","H,,S"
"UPM00033356","1985-09-01","50.217","31.8","128.0","YAHOTYN, UP","    0",",,I",,,"  276",",,S","  145",",,S","  216","H,,S"
"UPM00033356","1985-09-02","50.217","31.8","128.0","YAHOTYN, UP","    0","T,,I",,,"  295",",,S","  148",",,S","  227","H,,S"
"UPM00033356","1985-09-03","50.217","31.8","128.0","YAHOTYN, UP","    1",",,I",,,"  262",",,S","  146",",,S","  197","H,,S"
"UPM00033356","1985-09-04","50.217","31.8","128.0","YAHOTYN, UP","    0",",,I",,,,,"  145",",,S","  202","H,,S"
"UPM00033356","1985-09-05","50.217","31.8","128.0","YAHOTYN, UP","   64",",,I",,,,,,,"  166","H,,S"
"UPM00033356","1985-09-06","50.217","31.8","128.0","YAHOTYN, UP","  264",",,I",,,,,,,"  133","H,,S"
"UPM00033356","1985-09-07","50.217","31.8","128.0","YAHOTYN, UP","   86",",,I",,,"  129",",,S",,,"   96","H,,S"
"UPM00033356","1985-09-08","50.217","31.8","128.0","YAHOTYN, UP","    4",",,I",,,,,"   55",",,S","   84","H,,S"
"UPM00033356","1985-09-09","50.217","31.8","128.0","YAHOTYN, UP","    0","T,,I",,,,,"   55",",,S","  109","H,,S"
"UPM00033356","1985-09-10","50.217","31.8","128.0","YAHOTYN, UP","   24",",,I",,,"  140",",,S",,,"  102","H,,S"
"UPM00033356","1985-09-11","50.217","31.8","128.0","YAHOTYN, UP","    3",",,I",,,,,,,"  108","H,,S"
"UPM00033356","1985-09-12","50.217","31.8","128.0","YAHOTYN, UP","   79",",,I",,,"  135",",,S",,,"  115","H,,S"
"UPM00033356","1985-09-13","50.217","31.8","128.0","YAHOTYN, UP","    4",",,I",,,"  105",",,S",,,"   87","H,,S"
"UPM00033356","1985-09-14","50.217","31.8","128.0","YAHOTYN, UP","   98",",,I",,,"  160",",,S","   90",",,S","  104","H,,S"
"UPM00033356","1985-09-15","50.217","31.8","128.0","YAHOTYN, UP","    0",",,I",,,,,"   69",",,S","  103","H,,S"
"UPM00033356","1985-09-16","50.217","31.8","128.0","YAHOTYN, UP","    0",",,I",,,"  206",",,S","   62",",,S","  138","H,,S"
"UPM00033356","1985-09-17","50.217","31.8","128.0","YAHOTYN, UP","    0","T,,I",,,,,"   85",",,S","  138","H,,S"
"UPM00033356","1985-09-18","50.217","31.8","128.0","YAHOTYN, UP","   35",",,I",,,,,,,"  129","H,,S"
"UPM00033356","1985-09-19","50.217","31.8","128.0","YAHOTYN, UP","    0",",,I",,,"  165",",,S","   70",",,S","  115","H,,S"
"UPM00033356","1985-09-20","50.217","31.8","128.0","YAHOTYN, UP","    0",",,I",,,"  187",",,S","   44",",,S","  148","H,,S"
"UPM00033356","1985-09-21","50.217","31.8","128.0","YAHOTYN, UP","   10",",,I",,,"  210",",,S","  127",",,S","  168","H,,S"
"UPM00033356","1985-09-22","50.217","31.8","128.0","YAHOTYN, UP","   20",",,I",,,"  240",",,S","  137",",,S","  177","H,,S"
"UPM00033356","1985-09-23","50.217","31.8","128.0","YAHOTYN, UP","   11",",,I",,,,,,,"  138","H,,S"
"UPM00033356","1985-09-24","50.217","31.8","128.0","YAHOTYN, UP","    0",",,I",,,"  135",",,S","   35",",,S","   82","H,,S"
"UPM00033356","1985-09-25","50.217","31.8","128.0","YAHOTYN, UP","    4",",,I",,,"  100",",,S","   40",",,S","   77","H,,S"
"UPM00033356","1985-09-26","50.217","31.8","128.0","YAHOTYN, UP","   58",",,I",,,"  110",",,S",,,"   77","H,,S"
"UPM00033356","1985-09-27","50.217","31.8","128.0","YAHOTYN, UP","    0",",,I",,,,,"   26",",,S","   66","H,,S"
"UPM00033356","1985-09-28","50.217","31.8","128.0","YAHOTYN, UP","   17",",,I",,,"  110",",,S","   39",",,S","   76","H,,S"
"UPM00033356","1985-09-29","50.217","31.8","128.0","YAHOTYN, UP","   25",",,I",,,"  102",",,S","   50",",,S","   72","H,,S"
"UPM00033356","1985-09-30","50.217","31.8","128.0","YAHOTYN, UP","   11",",,I",,,"   84",",,S","   35",",,S","   59","H,,S"
"UPM00033356","1985-10-01","50.217","31.8","128.0","YAHOTYN, UP","    0","T,,I",,,,,"   30",",,S","   65","H,,S"
"UPM00033356","1985-10-02","50.217","31.8","128.0","YAHOTYN, UP","    3",",,I",,,"  203",",,S","   76",",,S","  137","H,,S"
"UPM00033356","1985-10-03","50.217","31.8","128.0","YAHOTYN, UP","    0",",,I",,,"  193",",,S","  100",",,S","  140","H,,S"
"UPM00033356","1985-10-04","50.217","31.8","128.0","YAHOTYN, UP","    0",",,I",,,"  216",",,S","   76",",,S","  129","H,,S"
"UPM00033356","1985-10-05","50.217","31.8","128.0","YAHOTYN, UP","    0",",,I",,,"  219",",,S","   75",",,S","  144","H,,S"
"UPM00033356","1985-10-06","50.217","31.8","128.0","YAHOTYN, UP","    0",",,I",,,"  223",",,S","  106",",,S","  177","H,,S"
"UPM00033356","1985-10-07","50.217","31.8","128.0","YAHOTYN, UP","    0",",,I",,,"  165",",,S",,,"  121","H,,S"
"UPM00033356","1985-10-08","50.217","31.8","128.0","YAHOTYN, UP","    1",",,I",,,,,,,"  109","H,,S"
"UPM00033356","1985-10-09","50.217","31.8","128.0","YAHOTYN, UP","    0",",,I",,,"  150",",,S","   91",",,S","  122","H,,S"
"UPM00033356","1985-10-10","50.217","31.8","128.0","YAHOTYN, UP","    0",",,I",,,,,,,"  118","H,,S"
"UPM00033356","1985-10-11","50.217","31.8","128.0","YAHOTYN, UP","   20",",,I",,,,,,,"   81","H,,S"
"UPM00033356","1985-10-12","50.217","31.8","128.0","YAHOTYN, UP","    0",",,I",,,"  130",",,S","   59",",,S","   94","H,,S"
"UPM00033356","1985-10-13","50.217","31.8","128.0","YAHOTYN, UP","    0",",,I",,,"  123",",,S","   59",",,S","   83","H,,S"
"UPM00033356","1985-10-14","50.217","31.8","128.0","YAHOTYN, UP","    0",",,I",,,"  115",",,S","    7",",,S","   67","H,,S"
"UPM00033356","1985-10-15","50.217","31.8","128.0","YAHOTYN, UP","    0",",,I",,,,,"   44",",,S","   77","H,,S"
"UPM00033356","1985-10-16","50.217","31.8","128.0","YAHOTYN, UP","    0",",,I",,,"   88",",,S",,,"   61","H,,S"
"UPM00033356","1985-10-17","50.217","31.8","128.0","YAHOTYN, UP","    0","T,,I",,,"  108",",,S",,,"   49","H,,S"
"UPM00033356","1985-10-18","50.217","31.8","128.0","YAHOTYN, UP","    0",",,I",,,"   82",",,S","  -17",",,S","   28","H,,S"
"UPM00033356","1985-10-19","50.217","31.8","128.0","YAHOTYN, UP","    0","T,,I",,,"  106",",,S","   41",",,S","   74","H,,S"
"UPM00033356","1985-10-20","50.217","31.8","128.0","YAHOTYN, UP","    0","T,,I",,,"   94",",,S","   45",",,S","   68","H,,S"
"UPM00033356","1985-10-21","50.217","31.8","128.0","YAHOTYN, UP","    0",",,I",,,"  123",",,S","   23",",,S","   55","H,,S"
"UPM00033356","1985-10-22","50.217","31.8","128.0","YAHOTYN, UP","    0",",,I",,,"   95",",,S","   54",",,S","   71","H,,S"
"UPM00033356","1985-10-23","50.217","31.8","128.0","YAHOTYN, UP","    3",",,I",,,"   80",",,S","   19",",,S","   53","H,,S"
"UPM00033356","1985-10-24","50.217","31.8","128.0","YAHOTYN, UP","    1",",,I",,,,,,,"   59","H,,S"
"UPM00033356","1985-10-25","50.217","31.8","128.0","YAHOTYN, UP","    0",",,I",,,"   98",",,S",,,"   52","H,,S"
"UPM00033356","1985-10-26","50.217","31.8","128.0","YAHOTYN, UP","    0",",,I",,,,,,,"   32","H,,S"
"UPM00033356","1985-10-27","50.217","31.8","128.0","YAHOTYN, UP","    0",",,I",,,"   84",",,S",,,"   24","H,,S"
"UPM00033356","1985-10-28","50.217","31.8","128.0","YAHOTYN, UP","    0",",,I",,,"   70",",,S",,,"   26","H,,S"
"UPM00033356","1985-10-29","50.217","31.8","128.0","YAHOTYN, UP","    0","T,,I",,,,,,,"    9","H,,S"
"UPM00033356","1985-10-30","50.217","31.8","128.0","YAHOTYN, UP","    0",",,I",,,,,,,"  -11","H,,S"
"UPM00033356","1985-10-31","50.217","31.8","128.0","YAHOTYN, UP","    0","T,,I",,,"   90",",,S",,,"   18","H,,S"
"UPM00033356","1985-11-01","50.217","31.8","128.0","YAHOTYN, UP","   14",",,I",,,,,"    9",",,S","   48","H,,S"
"UPM00033356","1985-11-02","50.217","31.8","128.0","YAHOTYN, UP","    0",",,I",,,,,"   27",",,S","   44","H,,S"
"UPM00033356","1985-11-03","50.217","31.8","128.0","YAHOTYN, UP","   44",",,I",,,,,,,"   75","H,,S"
"UPM00033356","1985-11-04","50.217","31.8","128.0","YAHOTYN, UP","    0",",,I",,,,,"  -11",",,S","   38","H,,S"
"UPM00033356","1985-11-05","50.217","31.8","128.0","YAHOTYN, UP","    0",",,I",,,"   63",",,S","  -27",",,S","   16","H,,S"
"UPM00033356","1985-11-06","50.217","31.8","128.0","YAHOTYN, UP","    0",",,I",,,,,"    0",",,S","   42","H,,S"
"UPM00033356","1985-11-07","50.217","31.8","128.0","YAHOTYN, UP","  118",",,I",,,"   94",",,S",,,"   51","H,,S"
"UPM00033356","1985-11-08","50.217","31.8","128.0","YAHOTYN, UP","    7",",,I",,,,,,,,
"UPM00033356","1985-11-09","50.217","31.8","128.0","YAHOTYN, UP","    0",",,I",,,"   65",",,S",,,"    6","H,,S"
"UPM00033356","1985-11-10","50.217","31.8","128.0","YAHOTYN, UP","    0",",,I",,,"   65",",,S","  -16",",,S","   28","H,,S"
"UPM00033356","1985-11-11","50.217","31.8","128.0","YAHOTYN, UP","   28",",,I",,,,,"   46",",,S","   56","H,,S"
"UPM00033356","1985-11-12","50.217","31.8","128.0","YAHOTYN, UP","    0",",,I",,,,,,,,
"UPM00033356","1985-11-13","50.217","31.8","128.0","YAHOTYN, UP","   21",",,I",,,"   35",",,S","  -16",",,S","   11","H,,S"
"UPM00033356","1985-11-14","50.217","31.8","128.0","YAHOTYN, UP","   29",",,I",,,,,"    1",",,S","   12","H,,S"
"UPM00033356","1985-11-15","50.217","31.8","128.0","YAHOTYN, UP","  142",",,I","   71",",,S",,,,,"   -9","H,,S"
"UPM00033356","1985-11-16","50.217","31.8","128.0","YAHOTYN, UP","    5",",,I",,,"  -14",",,S",,,"  -31","H,,S"
"UPM00033356","1985-11-17","50.217","31.8","128.0","YAHOTYN, UP","    0","T,,I","   79",",,S",,,"  -67",",,S","  -41","H,,S"
"UPM00033356","1985-11-18","50.217","31.8","128.0","YAHOTYN, UP","    1",",,I",,,"  -44",",,S",,,"  -67","H,,S"
"UPM00033356","1985-11-19","50.217","31.8","128.0","YAHOTYN, UP","    0","T,,I",,,,,,,"  -66","H,,S"
"UPM00033356","1985-11-20","50.217","31.8","128.0","YAHOTYN, UP","    0",",,I","   79",",,S","  -90",",,S",,," -126","H,,S"
"UPM00033356","1985-11-21","50.217","31.8","128.0","YAHOTYN, UP","    6",",,I","   79",",,S",,," -183",",,S"," -124","H,,S"
"UPM00033356","1985-11-22","50.217","31.8","128.0","YAHOTYN, UP","    0",",,I","   79",",,S",,,,," -107","H,,S"
"UPM00033356","1985-11-23","50.217","31.8","128.0","YAHOTYN, UP","    0",",,I","   79",",,S",,," -168",",,S"," -119","H,,S"
"UPM00033356","1985-11-24","50.217","31.8","128.0","YAHOTYN, UP","    0",",,I","   79",",,S",,," -137",",,S","  -89","H,,S"
"UPM00033356","1985-11-25","50.217","31.8","128.0","YAHOTYN, UP","   34",",,I","   79",",,S",,,"  -71",",,S","  -47","H,,S"
"UPM00033356","1985-11-26","50.217","31.8","128.0","YAHOTYN, UP","   47",",,I","   89",",,S",,,,,"  -24","H,,S"
"UPM00033356","1985-11-27","50.217","31.8","128.0","YAHOTYN, UP","    0",",,I","   99",",,S",,,"  -83",",,S","  -58","H,,S"
"UPM00033356","1985-11-28","50.217","31.8","128.0","YAHOTYN, UP","    0",",,I",,,,,,,"  -67","H,,S"
"UPM00033356","1985-11-29","50.217","31.8","128.0","YAHOTYN, UP","    3",",,I","   99",",,S","  -65",",,S",,,"  -78","H,,S"
"UPM00033356","1985-11-30","50.217","31.8","128.0","YAHOTYN, UP","   24",",,I",,,,,,,,
"UPM00033356","1985-12-01","50.217","31.8","128.0","YAHOTYN, UP","    0","T,,I","  140",",,S","  -31",",,S","  -49",",,S","  -37","H,,S"
"UPM00033356","1985-12-02","50.217","31.8","128.0","YAHOTYN, UP","    2",",,I","  140",",,S",,," -120",",,S","  -91","H,,S"
"UPM00033356","1985-12-03","50.217","31.8","128.0","YAHOTYN, UP","    3",",,I",,,"  -65",",,S",,,"  -74","H,,S"
"UPM00033356","1985-12-04","50.217","31.8","128.0","YAHOTYN, UP","   29",",,I",,,"   40",",,S",,,"    7","H,,S"
"UPM00033356","1985-12-05","50.217","31.8","128.0","YAHOTYN, UP","    0",",,I",,,"   33",",,S",,,"   26","H,,S"
"UPM00033356","1985-12-06","50.217","31.8","128.0","YAHOTYN, UP","    0",",,I","   41",",,S",,,"   12",",,S","   21","H,,S"
"UPM00033356","1985-12-07","50.217","31.8","128.0","YAHOTYN, UP","    0",",,I",,,"   61",",,S",,,"   21","H,,S"
"UPM00033356","1985-12-08","50.217","31.8","128.0","YAHOTYN, UP","    4",",,I","   20",",,S","   90",",,S","    5",",,S","   47","H,,S"
"UPM00033356","1985-12-09","50.217","31.8","128.0","YAHOTYN, UP","    0","T,,I",,,,,"    5",",,S","   21","H,,S"
"UPM00033356","1985-12-10","50.217","31.8","128.0","YAHOTYN, UP","    0","T,,I",,,,,,,"   11","H,,S"
"UPM00033356","1985-12-11","50.217","31.8","128.0","YAHOTYN, UP","    0",",,I",,,"   39",",,S",,,"   24","H,,S"
"UPM00033356","1985-12-12","50.217","31.8","128.0","YAHOTYN, UP","    0",",,I",,,,,,,"  -14","H,,S"
"UPM00033356","1985-12-13","50.217","31.8","128.0","YAHOTYN, UP","    0",",,I",,,"  -20",",,S","  -46",",,S","  -41","H,,S"
"UPM00033356","1985-12-14","50.217","31.8","128.0","YAHOTYN, UP","    0","T,,I",,,"  -15",",,S","  -52",",,S","  -34","H,,S"
"UPM00033356","1985-12-15","50.217","31.8","128.0","YAHOTYN, UP","   10",",,I",,,"   16",",,S",,,"    8","H,,S"
"UPM00033356","1985-12-16","50.217","31.8","128.0","YAHOTYN, UP","   33",",,I",,,"    7",",,S",,,"    3","H,,S"
"UPM00033356","1985-12-17","50.217","31.8","128.0","YAHOTYN, UP","   34",",,I",,,"  -15",",,S",,,"  -26","H,,S"
"UPM00033356","1985-12-18","50.217","31.8","128.0","YAHOTYN, UP","   42",",,I","   71",",,S",,,,,"  -72","H,,S"
"UPM00033356","1985-12-19","50.217","31.8","128.0","YAHOTYN, UP","    0",",,I","   71",",,S",,,,," -156","H,,S"
"UPM00033356","1985-12-20","50.217","31.8","128.0","YAHOTYN, UP","   10",",,I","   79",",,S",,," -114",",,S","  -27","H,,S"
"UPM00033356","1985-12-21","50.217","31.8","128.0","YAHOTYN, UP","    2",",,I","   99",",,S",,,,,"  -72","H,,S"
"UPM00033356","1985-12-22","50.217","31.8","128.0","YAHOTYN, UP","    0",",,I","   99",",,S",,," -107",",,S","  -39","H,,S"
"UPM00033356","1985-12-23","50.217","31.8","128.0","YAHOTYN, UP","    0",",,I","   99",",,S","  -12",",,S","  -60",",,S","  -38","H,,S"
"UPM00033356","1985-12-24","50.217","31.8","128.0","YAHOTYN, UP","    0",",,I","   99",",,S","  -37",",,S","  -55",",,S","  -48","H,,S"
"UPM00033356","1985-12-25","50.217","31.8","128.0","YAHOTYN, UP","    0",",,I","   99",",,S",,,"  -65",",,S","  -41","H,,S"
"UPM00033356","1985-12-26","50.217","31.8","128.0","YAHOTYN, UP","    0",",,I","   99",",,S","    8",",,S","  -46",",,S","  -19","H,,S"
"UPM00033356","1985-12-27","50.217","31.8","128.0","YAHOTYN, UP","   11",",,I","   89",",,S","   10",",,S",,,"    6","H,,S"
"UPM00033356","1985-12-28","50.217","31.8","128.0","YAHOTYN, UP","   22",",,I","   99",",,S",,,"   -1",",,S","    2","H,,S"
"UPM00033356","1985-12-29","50.217","31.8","128.0","YAHOTYN, UP","    0",",,I","   51",",,S","   33",",,S","  -11",",,S","   19","H,,S"
"UPM00033356","1985-12-30","50.217","31.8","128.0","YAHOTYN, UP","    0","T,,I","   20",",,S","   30",",,S",,,"    0","H,,S"
"UPM00033356","1985-12-31","50.217","31.8","128.0","YAHOTYN, UP","    0",",,I",,,"  -20",",,S","  -80",",,S","  -55","H,,S"
"UPM00033356","1986-01-01","50.217","31.8","128.0","YAHOTYN, UP","   23",",,I","   30",",,S","  -33",",,S","  -54",",,S","  -43","H,,S"
"UPM00033356","1986-01-02","50.217","31.8","128.0","YAHOTYN, UP","    0",",,I","   30",",,S",,,"  -93",",,S","  -75","H,,S"
"UPM00033356","1986-01-03","50.217","31.8","128.0","YAHOTYN, UP","   22",",,I",,,,,"  -70",",,S","  -46","H,,S"
"UPM00033356","1986-01-04","50.217","31.8","128.0","YAHOTYN, UP","    7",",,I","   51",",,S",,,"  -50",",,S","  -19","H,,S"
"UPM00033356","1986-01-05","50.217","31.8","128.0","YAHOTYN, UP","   76",",,I","   51",",,S","    6",",,S","   -9",",,S","    2","H,,S"
"UPM00033356","1986-01-06","50.217","31.8","128.0","YAHOTYN, UP","   12",",,I","   71",",,S",,,,,"  -77","H,,S"
"UPM00033356","1986-01-07","50.217","31.8","128.0","YAHOTYN, UP","    0",",,I","   71",",,S","  -18",",,S"," -126",",,S","  -53","H,,S"
"UPM00033356","1986-01-08","50.217","31.8","128.0","YAHOTYN, UP","   95",",,I","   71",",,S","    6",",,S",,,"   -9","H,,S"
"UPM00033356","1986-01-09","50.217","31.8","128.0","YAHOTYN, UP","   44",",,I","   99",",,S","  -30",",,S",,,"  -62","H,,S"
"UPM00033356","1986-01-10","50.217","31.8","128.0","YAHOTYN, UP","    0","T,,I","   99",",,S","  -49",",,S"," -130",",,S","  -78","H,,S"
"UPM00033356","1986-01-11","50.217","31.8","128.0","YAHOTYN, UP","    2",",,I","   99",",,S",,,"  -77",",,S","  -66","H,,S"
"UPM00033356","1986-01-12","50.217","31.8","128.0","YAHOTYN, UP","    7",",,I",,,,,,,"  -52","H,,S"
"UPM00033356","1986-01-13","50.217","31.8","128.0","YAHOTYN, UP","    0","T,,I",,,"  -15",",,S",,,"  -34","H,,S"
"UPM00033356","1986-01-14","50.217","31.8","128.0","YAHOTYN, UP","    0","T,,I","   99",",,S","  -29",",,S","  -55",",,S","  -38","H,,S"
"UPM00033356","1986-01-15","50.217","31.8","128.0","YAHOTYN, UP","   22",",,I","  109",",,S","   11",",,S","  -49",",,S","  -13","H,,S"
"UPM00033356","1986-01-16","50.217","31.8","128.0","YAHOTYN, UP","   26",",,I","   99",",,S","   14",",,S",,,"  -13","H,,S"
"UPM00033356","1986-01-17","50.217","31.8","128.0","YAHOTYN, UP","   16",",,I","  109",",,S",,,,,"  -42","H,,S"
"UPM00033356","1986-01-18","50.217","31.8","128.0","YAHOTYN, UP","    0","T,,I","  130",",,S",,," -155",",,S"," -132","H,,S"
"UPM00033356","1986-01-19","50.217","31.8","128.0","YAHOTYN, UP","    0","T,,I","  130",",,S",,," -153",",,S","  -87","H,,S"
"UPM00033356","1986-01-20","50.217","31.8","128.0","YAHOTYN, UP","   22",",,I","  130",",,S","   26",",,S","  -36",",,S","    3","H,,S"
"UPM00033356","1986-01-21","50.217","31.8","128.0","YAHOTYN, UP","   20",",,I","  140",",,S",,,,,"  -27","H,,S"
"UPM00033356","1986-01-22","50.217","31.8","128.0","YAHOTYN, UP","    0",",,I","  140",",,S","   20",",,S","  -50",",,S","  -10","H,,S"
"UPM00033356","1986-01-23","50.217","31.8","128.0","YAHOTYN, UP","    0",",,I","  140",",,S",,,"  -73",",,S","  -40","H,,S"
"UPM00033356","1986-01-24","50.217","31.8","128.0","YAHOTYN, UP","    0",",,I","  130",",,S","   18",",,S","  -58",",,S","    2","H,,S"
"UPM00033356","1986-01-25","50.217","31.8","128.0","YAHOTYN, UP","    4",",,I","   99",",,S","   34",",,S","   12",",,S","   21","H,,S"
"UPM00033356","1986-01-26","50.217","31.8","128.0","YAHOTYN, UP","   34",",,I","   61",",,S",,,,,"    5","H,,S"
"UPM00033356","1986-01-27","50.217","31.8","128.0","YAHOTYN, UP","    0",",,I","   71",",,S",,,"  -56",",,S","  -26","H,,S"
"UPM00033356","1986-01-28","50.217","31.8","128.0","YAHOTYN, UP","    0",",,I","   61",",,S","  -14",",,S",,,"  -26","H,,S"
"UPM00033356","1986-01-29","50.217","31.8","128.0","YAHOTYN, UP","    0","T,,I","   61",",,S",,,"  -44",",,S","   -3","H,,S"
"UPM00033356","1986-01-30","50.217","31.8","128.0","YAHOTYN, UP","    0","T,,I","   61",",,S",,,"  -17",",,S","  -12","H,,S"
"UPM00033356","1986-01-31","50.217","31.8","128.0","YAHOTYN, UP","    0",",,I","   61",",,S",,,,,"  -52","H,,S"
"UPM00033356","1986-02-01","50.217","31.8","128.0","YAHOTYN, UP","    0",",,I","   61",",,S",,,,,"  -89","H,,S"
"UPM00033356","1986-02-02","50.217","31.8","128.0","YAHOTYN, UP","    0",",,I","   61",",,S","  -76",",,S"," -145",",,S"," -114","H,,S"
"UPM00033356","1986-02-03","50.217","31.8","128.0","YAHOTYN, UP","    0","T,,I",,,,,,," -131","H,,S"
"UPM00033356","1986-02-04","50.217","31.8","128.0","YAHOTYN, UP","    0",",,I","   61",",,S"," -122",",,S"," -175",",,S"," -151","H,,S"
"UPM00033356","1986-02-05","50.217","31.8","128.0","YAHOTYN, UP","    0",",,I",,,,,,,,
"UPM00033356","1986-02-06","50.217","31.8","128.0","YAHOTYN, UP","    0",",,I","   61",",,S","  -74",",,S",,,"  -97","H,,S"
"UPM00033356","1986-02-07","50.217","31.8","128.0","YAHOTYN, UP","    0",",,I","   61",",,S",,,,," -101","H,,S"
"UPM00033356","1986-02-08","50.217","31.8","128.0","YAHOTYN, UP","    0",",,I","   61",",,S","  -59",",,S"," -130",",,S"," -104","H,,S"
"UPM00033356","1986-02-09","50.217","31.8","128.0","YAHOTYN, UP","    0",",,I",,,"  -55",",,S",,,"  -86","H,,S"
"UPM00033356","1986-02-10","50.217","31.8","128.0","YAHOTYN, UP","    0",",,I","   61",",,S",,," -104",",,S","  -70","H,,S"
"UPM00033356","1986-02-11","50.217","31.8","128.0","YAHOTYN, UP","   48",",,I",,,"  -61",",,S",,,"  -73","H,,S"
"UPM00033356","1986-02-12","50.217","31.8","128.0","YAHOTYN, UP","   14",",,I","   79",",,S",,,"  -84",",,S","  -76","H,,S"
"UPM00033356","1986-02-13","50.217","31.8","128.0","YAHOTYN, UP","    0",",,I","   79",",,S","  -70",",,S"," -155",",,S","  -95","H,,S"
"UPM00033356","1986-02-14","50.217","31.8","128.0","YAHOTYN, UP","    0",",,I",,,,,,,,
"UPM00033356","1986-02-15","50.217","31.8","128.0","YAHOTYN, UP","    0",",,I","   79",",,S",,,,,"  -87","H,,S"
"UPM00033356","1986-02-16","50.217","31.8","128.0","YAHOTYN, UP","    0",",,I",,,"  -92",",,S",,," -116","H,,S"
"UPM00033356","1986-02-17","50.217","31.8","128.0","YAHOTYN, UP","    0",",,I","   79",",,S",,," -114",",,S","  -74","H,,S"
"UPM00033356","1986-02-18","50.217","31.8","128.0","YAHOTYN, UP","   35",",,I","   89",",,S","    9",",,S","  -54",",,S","  -18","H,,S"
"UPM00033356","1986-02-19","50.217","31.8","128.0","YAHOTYN, UP","   13",",,I","   79",",,S",,,,,"  -41","H,,S"
"UPM00033356","1986-02-20","50.217","31.8","128.0","YAHOTYN, UP","    0",",,I","   79",",,S"," -118",",,S"," -160",",,S"," -138","H,,S"
"UPM00033356","1986-02-21","50.217","31.8","128.0","YAHOTYN, UP","   55",",,I","   89",",,S","  -98",",,S"," -133",",,S"," -114","H,,S"
"UPM00033356","1986-02-22","50.217","31.8","128.0","YAHOTYN, UP","    8",",,I","  140",",,S","  -60",",,S",,," -103","H,,S"
"UPM00033356","1986-02-23","50.217","31.8","128.0","YAHOTYN, UP","  113",",,I","  140",",,S","  -29",",,S"," -151",",,S","  -50","H,,S"
"UPM00033356","1986-02-24","50.217","31.8","128.0","YAHOTYN, UP","   41",",,I","  249",",,S",,,,,"  -69","H,,S"
"UPM00033356","1986-02-25","50.217","31.8","128.0","YAHOTYN, UP","    0",",,I","  249",",,S",,,,," -139","H,,S"
"UPM00033356","1986-02-26","50.217","31.8","128.0","YAHOTYN, UP","    0",",,I","  249",",,S"," -112",",,S"," -244",",,S"," -177","H,,S"
"UPM00033356","1986-02-27","50.217","31.8","128.0","YAHOTYN, UP","    0",",,I","  249",",,S","  -79",",,S"," -254",",,S"," -164","H,,S"
"UPM00033356","1986-02-28","50.217","31.8","128.0","YAHOTYN, UP","    0",",,I","  249",",,S",,," -191",",,S"," -121","H,,S"
"UPM00033356","1986-03-01","50.217","31.8","128.0","YAHOTYN, UP","    0","T,,I","  249",",,S","  -88",",,S",,," -126","H,,S"
"UPM00033356","1986-03-02","50.217","31.8","128.0","YAHOTYN, UP","    0",",,I","  249",",,S","  -55",",,S"," -221",",,S"," -133","H,,S"
"UPM00033356","1986-03-03","50.217","31.8","128.0","YAHOTYN, UP","    0",",,I","  239",",,S","  -59",",,S"," -220",",,S"," -120","H,,S"
"UPM00033356","1986-03-04","50.217","31.8","128.0","YAHOTYN, UP","    0",",,I","  239",",,S","  -35",",,S"," -183",",,S","  -91","H,,S"
"UPM00033356","1986-03-05","50.217","31.8","128.0","YAHOTYN, UP","    0",",,I","  221",",,S","   -1",",,S","  -52",",,S","  -23","H,,S"
"UPM00033356","1986-03-06","50.217","31.8","128.0","YAHOTYN, UP","    0",",,I","  211",",,S","   15",",,S","  -28",",,S","  -16","H,,S"
"UPM00033356","1986-03-07","50.217","31.8","128.0","YAHOTYN, UP","    0",",,I",,,"   21",",,S",,,"   -2","H,,S"
"UPM00033356","1986-03-08","50.217","31.8","128.0","YAHOTYN, UP","    0",",,I","  150",",,S","    8",",,S","  -61",",,S","  -25","H,,S"
"UPM00033356","1986-03-09","50.217","31.8","128.0","YAHOTYN, UP","    0",",,I","  150",",,S","   15",",,S","  -46",",,S","  -10","H,,S"
"UPM00033356","1986-03-10","50.217","31.8","128.0","YAHOTYN, UP","    0",",,I","  140",",,S","   11",",,S","   -7",",,S","    1","H,,S"
"UPM00033356","1986-03-11","50.217","31.8","128.0","YAHOTYN, UP","    0",",,I","  130",",,S","   13",",,S",,,"   -8","H,,S"
"UPM00033356","1986-03-12","50.217","31.8","128.0","YAHOTYN, UP","    0",",,I","  119",",,S",,,"  -64",",,S","  -32","H,,S"
"UPM00033356","1986-03-13","50.217","31.8","128.0","YAHOTYN, UP","    0","T,,I","   99",",,S",,,,,"  -23","H,,S"
"UPM00033356","1986-03-14","50.217","31.8","128.0","YAHOTYN, UP","    0",",,I","   89",",,S","   -6",",,S",,,"  -25","H,,S"
"UPM00033356","1986-03-15","50.217","31.8","128.0","YAHOTYN, UP","    0",",,I","   89",",,S","    5",",,S","  -60",",,S","  -14","H,,S"
"UPM00033356","1986-03-16","50.217","31.8","128.0","YAHOTYN, UP","    0",",,I","   89",",,S","   25",",,S","  -60",",,S","  -17","H,,S"
"UPM00033356","1986-03-17","50.217","31.8","128.0","YAHOTYN, UP","    0",",,I","   79",",,S",,,"  -60",",,S","   -7","H,,S"
"UPM00033356","1986-03-18","50.217","31.8","128.0","YAHOTYN, UP","    0",",,I",,,,,,,"  -18","H,,S"
"UPM00033356","1986-03-19","50.217","31.8","128.0","YAHOTYN, UP","    0",",,I","   71",",,S",,,"  -50",",,S","  -13","H,,S"
"UPM00033356","1986-03-20","50.217","31.8","128.0","YAHOTYN, UP","    0",",,I","   41",",,S","   55",",,S","  -35",",,S","    7","H,,S"
"UPM00033356","1986-03-21","50.217","31.8","128.0","YAHOTYN, UP","    0",",,I","   20",",,S",,,"  -65",",,S","   -3","H,,S"
"UPM00033356","1986-03-22","50.217","31.8","128.0","YAHOTYN, UP","    0",",,I","   10",",,S","   70",",,S","  -39",",,S","   21","H,,S"
"UPM00033356","1986-03-23","50.217","31.8","128.0","YAHOTYN, UP","    0",",,I",,,,,"  -31",",,S","   20","H,,S"
"UPM00033356","1986-03-24","50.217","31.8","128.0","YAHOTYN, UP","   62",",,I",,,,,,,"   10","H,,S"
"UPM00033356","1986-03-25","50.217","31.8","128.0","YAHOTYN, UP","   21",",,I","   30",",,S",,,"  -26",",,S","    4","H,,S"
"UPM00033356","1986-03-26","50.217","31.8","128.0","YAHOTYN, UP","    0","T,,I",,,"   61",",,S","   26",",,S","   43","H,,S"
"UPM00033356","1986-03-27","50.217","31.8","128.0","YAHOTYN, UP","  121",",,I",,,"   58",",,S","   24",",,S","   37","H,,S"
"UPM00033356","1986-03-28","50.217","31.8","128.0","YAHOTYN, UP","    0",",,I",,,"   80",",,S","    5",",,S","   44","H,,S"
"UPM00033356","1986-03-29","50.217","31.8","128.0","YAHOTYN, UP","    4",",,I",,,"   83",",,S","    4",",,S","   54","H,,S"
"UPM00033356","1986-03-30","50.217","31.8","128.0","YAHOTYN, UP","    0",",,I",,,"  163",",,S","   33",",,S","   91","H,,S"
"UPM00033356","1986-03-31","50.217","31.8","128.0","YAHOTYN, UP","    0","T,,I",,,"  163",",,S","   22",",,S","   96","H,,S"
"UPM00033356","1986-04-01","50.217","31.8","128.0","YAHOTYN, UP","   18",",,I",,,"  173",",,S",,,"  128","H,,S"
"UPM00033356","1986-04-02","50.217","31.8","128.0","YAHOTYN, UP","   19",",,I",,,"  124",",,S","   23",",,S","   59","H,,S"
"UPM00033356","1986-04-03","50.217","31.8","128.0","YAHOTYN, UP","    0",",,I",,,,,"   33",",,S","   94","H,,S"
"UPM00033356","1986-04-04","50.217","31.8","128.0","YAHOTYN, UP","    0",",,I",,,,,"   59",",,S","  106","H,,S"
"UPM00033356","1986-04-05","50.217","31.8","128.0","YAHOTYN, UP","    0",",,I",,,,,"   50",",,S","  106","H,,S"
"UPM00033356","1986-04-06","50.217","31.8","128.0","YAHOTYN, UP","    0",",,I",,,,,,,"  112","H,,S"
"UPM00033356","1986-04-07","50.217","31.8","128.0","YAHOTYN, UP","    0",",,I",,,"  186",",,S",,,"  129","H,,S"
"UPM00033356","1986-04-08","50.217","31.8","128.0","YAHOTYN, UP","    0",",,I",,,,,"   78",",,S","  150","H,,S"
"UPM00033356","1986-04-09","50.217","31.8","128.0","YAHOTYN, UP","    0",",,I",,,,,,,"  166","H,,S"
"UPM00033356","1986-04-10","50.217","31.8","128.0","YAHOTYN, UP","    0",",,I",,,"  223",",,S","   54",",,S","  147","H,,S"
"UPM00033356","1986-04-11","50.217","31.8","128.0","YAHOTYN, UP","   31",",,I",,,"  127",",,S",,,"   95","H,,S"
"UPM00033356","1986-04-12","50.217","31.8","128.0","YAHOTYN, UP","    0","T,,I",,,"   47",",,S",,,"   23","H,,S"
"UPM00033356","1986-04-13","50.217","31.8","128.0","YAHOTYN, UP","  141",",,I",,,"   35",",,S","   -7",",,S","   11","H,,S"
"UPM00033356","1986-04-14","50.217","31.8","128.0","YAHOTYN, UP","   58",",,I",,,,,,,"   22","H,,S"
"UPM00033356","1986-04-15","50.217","31.8","128.0","YAHOTYN, UP","    0","T,,I",,,,,"   18",",,S","   27","H,,S"
"UPM00033356","1986-04-16","50.217","31.8","128.0","YAHOTYN, UP","    0",",,I",,,"  101",",,S","   -5",",,S","   48","H,,S"
"UPM00033356","1986-04-17","50.217","31.8","128.0","YAHOTYN, UP","    0",",,I",,,"  145",",,S","   -3",",,S","   82","H,,S"
"UPM00033356","1986-04-18","50.217","31.8","128.0","YAHOTYN, UP","   16",",,I",,,"  129",",,S","   54",",,S","   94","H,,S"
"UPM00033356","1986-04-19","50.217","31.8","128.0","YAHOTYN, UP","   12",",,I",,,,,"   61",",,S","  106","H,,S"
"UPM00033356","1986-04-20","50.217","31.8","128.0","YAHOTYN, UP","   30",",,I",,,"  153",",,S",,,"  101","H,,S"
"UPM00033356","1986-04-21","50.217","31.8","128.0","YAHOTYN, UP","    0",",,I",,,"  115",",,S",,,"   67","H,,S"
"UPM00033356","1986-04-22","50.217","31.8","128.0","YAHOTYN, UP","    0","T,,I",,,"  153",",,S","   21",",,S","  100","H,,S"
"UPM00033356","1986-04-23","50.217","31.8","128.0","YAHOTYN, UP","    0",",,I",,,,,"   49",",,S","  114","H,,S"
"UPM00033356","1986-04-24","50.217","31.8","128.0","YAHOTYN, UP","    0",",,I",,,"  194",",,S","   49",",,S","  142","H,,S"
"UPM00033356","1986-04-25","50.217","31.8","128.0","YAHOTYN, UP","    0",",,I",,,,,,,"  136","H,,S"
"UPM00033356","1986-04-26","50.217","31.8","128.0","YAHOTYN, UP","    0","T,,I",,,,,"   76",",,S","  142","H,,S"
"UPM00033356","1986-04-27","50.217","31.8","128.0","YAHOTYN, UP","  121",",,I",,,,,"   65",",,S","  112","H,,S"
"UPM00033356","1986-04-28","50.217","31.8","128.0","YAHOTYN, UP","   67",",,I",,,,,,,"  128","H,,S"
"UPM00033356","1986-04-29","50.217","31.8","128.0","YAHOTYN, UP","    0",",,I",,,"  210",",,S","   95",",,S","  126","H,,S"
"UPM00033356","1986-04-30","50.217","31.8","128.0","YAHOTYN, UP","    0",",,I",,,"  236",",,S",,,"  169","H,,S"
"UPM00033356","1986-05-01","50.217","31.8","128.0","YAHOTYN, UP","    9",",,I",,,"  254",",,S","  114",",,S","  175","H,,S"
"UPM00033356","1986-05-02","50.217","31.8","128.0","YAHOTYN, UP","    0",",,I",,,,,,,"  104","H,,S"
"UPM00033356","1986-05-03","50.217","31.8","128.0","YAHOTYN, UP","    0",",,I",,,"  137",",,S","   52",",,S","   93","H,,S"
"UPM00033356","1986-05-04","50.217","31.8","128.0","YAHOTYN, UP","    0",",,I",,,,,"   33",",,S","   93","H,,S"
"UPM00033356","1986-05-05","50.217","31.8","128.0","YAHOTYN, UP","    0",",,I",,,"  148",",,S",,,"   95","H,,S"
"UPM00033356","1986-05-06","50.217","31.8","128.0","YAHOTYN, UP","    0",",,I",,,"  125",",,S","   -1",",,S","   69","H,,S"
"UPM00033356","1986-05-07","50.217","31.8","128.0","YAHOTYN, UP","    0",",,I",,,"  175",",,S","    9",",,S","   79","H,,S"
"UPM00033356","1986-05-08","50.217","31.8","128.0","YAHOTYN, UP","    0",",,I",,,"  225",",,S","   44",",,S","  143","H,,S"
"UPM00033356","1986-05-09","50.217","31.8","128.0","YAHOTYN, UP","    5",",,I",,,"  245",",,S","   92",",,S","  161","H,,S"
"UPM00033356","1986-05-10","50.217","31.8","128.0","YAHOTYN, UP","    0","T,,I",,,"  198",",,S","  116",",,S","  157","H,,S"
"UPM00033356","1986-05-11","50.217","31.8","128.0","YAHOTYN, UP","    0","T,,I",,,"  230",",,S","   90",",,S","  171","H,,S"
"UPM00033356","1986-05-12","50.217","31.8","128.0","YAHOTYN, UP","    0",",,I",,,"  239",",,S","   84",",,S","  153","H,,S"
"UPM00033356","1986-05-13","50.217","31.8","128.0","YAHOTYN, UP","    0",",,I",,,"  202",",,S","   99",",,S","  139","H,,S"
"UPM00033356","1986-05-14","50.217","31.8","128.0","YAHOTYN, UP","    0",",,I",,,,,,,"  123","H,,S"
"UPM00033356","1986-05-15","50.217","31.8","128.0","YAHOTYN, UP","    0",",,I",,,,,,,"  177","H,,S"
"UPM00033356","1986-05-16","50.217","31.8","128.0","YAHOTYN, UP","    0",",,I",,,"  256",",,S","  106",",,S","  186","H,,S"
"UPM00033356","1986-05-17","50.217","31.8","128.0","YAHOTYN, UP","    0",",,I",,,"  267",",,S",,,"  209","H,,S"
"UPM00033356","1986-05-18","50.217","31.8","128.0","YAHOTYN, UP","    0",",,I",,,,,"  115",",,S","  177","H,,S"
"UPM00033356","1986-05-19","50.217","31.8","128.0","YAHOTYN, UP","    0",",,I",,,,,,,"  146","H,,S"
"UPM00033356","1986-05-20","50.217","31.8","128.0","YAHOTYN, UP","    4",",,I",,,,,"  110",",,S","  183","H,,S"
"UPM00033356","1986-05-21","50.217","31.8","128.0","YAHOTYN, UP","    0",",,I",,,,,,,"  154","H,,S"
"UPM00033356","1986-05-22","50.217","31.8","128.0","YAHOTYN, UP","    0",",,I",,,"  230",",,S",,,"  172","H,,S"
"UPM00033356","1986-05-23","50.217","31.8","128.0","YAHOTYN, UP","    0",",,I",,,"  245",",,S","  125",",,S","  174","H,,S"
"UPM00033356","1986-05-24","50.217","31.8","128.0","YAHOTYN, UP","    0",",,I",,,,,,,,
"UPM00033356","1986-05-25","50.217","31.8","128.0","YAHOTYN, UP","    0",",,I",,,"  275",",,S",,,"  195","H,,S"
"UPM00033356","1986-05-26","50.217","31.8","128.0","YAHOTYN, UP","    0",",,I",,,"  212",",,S",,,"  161","H,,S"
"UPM00033356","1986-05-27","50.217","31.8","128.0","YAHOTYN, UP","    0",",,I",,,,,"   96",",,S","  188","H,,S"
"UPM00033356","1986-05-28","50.217","31.8","128.0","YAHOTYN, UP","    0",",,I",,,"  293",",,S",,,"  191","H,,S"
"UPM00033356","1986-05-29","50.217","31.8","128.0","YAHOTYN, UP","    0",",,I",,,,,"  126",",,S","  220","H,,S"
"UPM00033356","1986-05-30","50.217","31.8","128.0","YAHOTYN, UP","    0",",,I",,,,,"  142",",,S","  203","H,,S"
"UPM00033356","1986-05-31","50.217","31.8","128.0","YAHOTYN, UP","    0",",,I",,,"  287",",,S","  134",",,S","  214","H,,S"
"UPM00033356","1986-06-01","50.217","31.8","128.0","YAHOTYN, UP","    0",",,I",,,,,,,"  222","H,,S"
"UPM00033356","1986-06-02","50.217","31.8","128.0","YAHOTYN, UP","   21",",,I",,,,,"  153",",,S","  205","H,,S"
"UPM00033356","1986-06-03","50.217","31.8","128.0","YAHOTYN, UP","    0","T,,I",,,"  252",",,S","  139",",,S","  188","H,,S"
"UPM00033356","1986-06-04","50.217","31.8","128.0","YAHOTYN, UP","    0",",,I",,,,,,,,
"UPM00033356","1986-06-05","50.217","31.8","128.0","YAHOTYN, UP","    0","T,,I",,,,,,,,
"UPM00033356","1986-06-06","50.217","31.8","128.0","YAHOTYN, UP","    0",",,I",,,"  278",",,S",,,"  213","H,,S"
"UPM00033356","1986-06-07","50.217","31.8","128.0","YAHOTYN, UP","    0",",,I",,,,,,,,
"UPM00033356","1986-06-08","50.217","31.8","128.0","YAHOTYN, UP","    0","T,,I",,,,,"  132",",,S","  213","H,,S"
"UPM00033356","1986-06-09","50.217","31.8","128.0","YAHOTYN, UP","   19",",,I",,,"  280",",,S","  176",",,S","  207","H,,S"
"UPM00033356","1986-06-10","50.217","31.8","128.0","YAHOTYN, UP","    0",",,I",,,,,,,,
"UPM00033356","1986-06-11","50.217","31.8","128.0","YAHOTYN, UP","    0",",,I",,,,,,,"  237","H,,S"
"UPM00033356","1986-06-12","50.217","31.8","128.0","YAHOTYN, UP","    0",",,I",,,"  315",",,S","  186",",,S","  246","H,,S"
"UPM00033356","1986-06-13","50.217","31.8","128.0","YAHOTYN, UP","    0",",,I",,,,,"  190",",,S","  223","H,,S"
"UPM00033356","1986-06-14","50.217","31.8","128.0","YAHOTYN, UP","    0",",,I",,,"  316",",,S",,,"  244","H,,S"
"UPM00033356","1986-06-15","50.217","31.8","128.0","YAHOTYN, UP","    0",",,I",,,,,,,,
"UPM00033356","1986-06-16","50.217","31.8","128.0","YAHOTYN, UP","    0",",,I",,,"  272",",,S",,,"  250","H,,S"
"UPM00033356","1986-06-17","50.217","31.8","128.0","YAHOTYN, UP","    0",",,I",,,,,"  160",",,S","  188","H,,S"
"UPM00033356","1986-06-18","50.217","31.8","128.0","YAHOTYN, UP","    0",",,I",,,,,"  124",",,S","  204","H,,S"
"UPM00033356","1986-06-19","50.217","31.8","128.0","YAHOTYN, UP","    3",",,I",,,"  266",",,S","  147",",,S","  206","H,,S"
"UPM00033356","1986-06-20","50.217","31.8","128.0","YAHOTYN, UP","    1",",,I",,,,,,,,
"UPM00033356","1986-06-21","50.217","31.8","128.0","YAHOTYN, UP","    6",",,I",,,"  304",",,S",,,"  182","H,,S"
"UPM00033356","1986-06-22","50.217","31.8","128.0","YAHOTYN, UP","  221",",,I",,,"  184",",,S",,,"  158","H,,S"
"UPM00033356","1986-06-23","50.217","31.8","128.0","YAHOTYN, UP","   14",",,I",,,"  195",",,S",,,"  123","H,,S"
"UPM00033356","1986-06-24","50.217","31.8","128.0","YAHOTYN, UP","   90",",,I",,,"  138",",,S","   86",",,S","  106","H,,S"
"UPM00033356","1986-06-25","50.217","31.8","128.0","YAHOTYN, UP","    0","T,,I",,,"  168",",,S","   85",",,S","  119","H,,S"
"UPM00033356","1986-06-26","50.217","31.8","128.0","YAHOTYN, UP","   12",",,I",,,,,"   90",",,S","  119","H,,S"
"UPM00033356","1986-06-27","50.217","31.8","128.0","YAHOTYN, UP","   16",",,I",,,,,,,,
"UPM00033356","1986-06-28","50.217","31.8","128.0","YAHOTYN, UP","   33",",,I",,,,,,,"  147","H,,S"
"UPM00033356","1986-06-29","50.217","31.8","128.0","YAHOTYN, UP","   23",",,I",,,,,"  110",",,S","  158","H,,S"
"UPM00033356","1986-06-30","50.217","31.8","128.0","YAHOTYN, UP","   30",",,I",,,,,"  105",",,S","  191","H,,S"
"UPM00033356","1986-07-01","50.217","31.8","128.0","YAHOTYN, UP","   15",",,I",,,"  250",",,S","  135",",,S","  212","H,,S"
"UPM00033356","1986-07-02","50.217","31.8","128.0","YAHOTYN, UP","    0",",,I",,,,,"  135",",,S","  214","H,,S"
"UPM00033356","1986-07-03","50.217","31.8","128.0","YAHOTYN, UP","    0",",,I",,,"  276",",,S",,,"  211","H,,S"
"UPM00033356","1986-07-04","50.217","31.8","128.0","YAHOTYN, UP","    0",",,I",,,,,,,"  238","H,,S"
"UPM00033356","1986-07-05","50.217","31.8","128.0","YAHOTYN, UP","    0",",,I",,,"  313",",,S","  183",",,S","  238","H,,S"
"UPM00033356","1986-07-06","50.217","31.8","128.0","YAHOTYN, UP","    1",",,I",,,"  320",",,S",,,"  243","H,,S"
"UPM00033356","1986-07-07","50.217","31.8","128.0","YAHOTYN, UP","    0",",,I",,,,,,,,
"UPM00033356","1986-07-08","50.217","31.8","128.0","YAHOTYN, UP","    0",",,I",,,,,,,,
"UPM00033356","1986-07-09","50.217","31.8","128.0","YAHOTYN, UP","   22",",,I",,,,,,,,
"UPM00033356","1986-07-10","50.217","31.8","128.0","YAHOTYN, UP","  198",",,I",,,,,,,"  138","H,,S"
"UPM00033356","1986-07-11","50.217","31.8","128.0","YAHOTYN, UP","    1",",,I",,,"  201",",,S","   99",",,S","  144","H,,S"
"UPM00033356","1986-07-12","50.217","31.8","128.0","YAHOTYN, UP","    0",",,I",,,,,"  104",",,S","  149","H,,S"
"UPM00033356","1986-07-13","50.217","31.8","128.0","YAHOTYN, UP","    0",",,I",,,,,"   94",",,S","  178","H,,S"
"UPM00033356","1986-07-14","50.217","31.8","128.0","YAHOTYN, UP","    1",",,I",,,,,,,,
"UPM00033356","1986-07-15","50.217","31.8","128.0","YAHOTYN, UP","    0",",,I",,,,,,,,
"UPM00033356","1986-07-16","50.217","31.8","128.0","YAHOTYN, UP","    0","T,,I",,,"  237",",,S",,,"  155","H,,S"
"UPM00033356","1986-07-17","50.217","31.8","128.0","YAHOTYN, UP","   18",",,I",,,,,,,,
"UPM00033356","1986-07-18","50.217","31.8","128.0","YAHOTYN, UP","    7",",,I",,,,,"  152",",,S","  201","H,,S"
"UPM00033356","1986-07-19","50.217","31.8","128.0","YAHOTYN, UP","    0",",,I",,,"  266",",,S",,,"  201","H,,S"
"UPM00033356","1986-07-20","50.217","31.8","128.0","YAHOTYN, UP","    0",",,I",,,"  276",",,S","  147",",,S","  214","H,,S"
"UPM00033356","1986-07-21","50.217","31.8","128.0","YAHOTYN, UP","    0",",,I",,,,,"  139",",,S","  247","H,,S"
"UPM00033356","1986-07-22","50.217","31.8","128.0","YAHOTYN, UP","   16",",,I",,,"  221",",,S",,,"  187","H,,S"
"UPM00033356","1986-07-23","50.217","31.8","128.0","YAHOTYN, UP","    0","T,,I",,,,,"  145",",,S","  191","H,,S"
"UPM00033356","1986-07-24","50.217","31.8","128.0","YAHOTYN, UP","    0",",,I",,,"  269",",,S",,,"  219","H,,S"
"UPM00033356","1986-07-25","50.217","31.8","128.0","YAHOTYN, UP","   76",",,I",,,"  298",",,S",,,"  201","H,,S"
"UPM00033356","1986-07-26","50.217","31.8","128.0","YAHOTYN, UP","   17",",,I",,,"  185",",,S","  102",",,S","  149","H,,S"
"UPM00033356","1986-07-27","50.217","31.8","128.0","YAHOTYN, UP","    0","T,,I",,,"  222",",,S","  103",",,S","  156","H,,S"
"UPM00033356","1986-07-28","50.217","31.8","128.0","YAHOTYN, UP","  108",",,I",,,"  231",",,S","  145",",,S","  170","H,,S"
"UPM00033356","1986-07-29","50.217","31.8","128.0","YAHOTYN, UP","    3",",,I",,,,,,,,
"UPM00033356","1986-07-30","50.217","31.8","128.0","YAHOTYN, UP","   50",",,I",,,,,"  153",",,S","  204","H,,S"
"UPM00033356","1986-07-31","50.217","31.8","128.0","YAHOTYN, UP","   32",",,I",,,,,,,,
"UPM00033356","1986-08-01","50.217","31.8","128.0","YAHOTYN, UP","    0",",,I",,,,,"  148",",,S","  213","H,,S"
"UPM00033356","1986-08-02","50.217","31.8","128.0","YAHOTYN, UP","    0",",,I",,,,,,,"  210","H,,S"
"UPM00033356","1986-08-03","50.217","31.8","128.0","YAHOTYN, UP","    0",",,I",,,,,"  204",",,S","  249","H,,S"
"UPM00033356","1986-08-04","50.217","31.8","128.0","YAHOTYN, UP","    0",",,I",,,"  298",",,S",,,"  242","H,,S"
"UPM00033356","1986-08-05","50.217","31.8","128.0","YAHOTYN, UP","    0",",,I",,,,,,,"  251","H,,S"
"UPM00033356","1986-08-06","50.217","31.8","128.0","YAHOTYN, UP","    0",",,I",,,,,"  155",",,S","  218","H,,S"
"UPM00033356","1986-08-07","50.217","31.8","128.0","YAHOTYN, UP","    0",",,I",,,"  306",",,S","  167",",,S","  233","H,,S"
"UPM00033356","1986-08-08","50.217","31.8","128.0","YAHOTYN, UP","    0",",,I",,,"  315",",,S",,,"  247","H,,S"
"UPM00033356","1986-08-09","50.217","31.8","128.0","YAHOTYN, UP","    3",",,I",,,,,,,,
"UPM00033356","1986-08-10","50.217","31.8","128.0","YAHOTYN, UP","    0",",,I",,,,,"  170",",,S","  228","H,,S"
"UPM00033356","1986-08-11","50.217","31.8","128.0","YAHOTYN, UP","    0",",,I",,,,,"  159",",,S","  197","H,,S"
"UPM00033356","1986-08-12","50.217","31.8","128.0","YAHOTYN, UP","    0",",,I",,,"  293",",,S",,,"  217","H,,S"
"UPM00033356","1986-08-13","50.217","31.8","128.0","YAHOTYN, UP","    0",",,I",,,,,"  199",",,S","  243","H,,S"
"UPM00033356","1986-08-14","50.217","31.8","128.0","YAHOTYN, UP","    0","T,,I",,,,,,,"  185","H,,S"
"UPM00033356","1986-08-15","50.217","31.8","128.0","YAHOTYN, UP","    0",",,I",,,,,"  117",",,S","  178","H,,S"
"UPM00033356","1986-08-16","50.217","31.8","128.0","YAHOTYN, UP","    0",",,I",,,"  238",",,S","  112",",,S","  178","H,,S"
"UPM00033356","1986-08-17","50.217","31.8","128.0","YAHOTYN, UP","    0",",,I",,,"  298",",,S",,,"  201","H,,S"
"UPM00033356","1986-08-18","50.217","31.8","128.0","YAHOTYN, UP","    0",",,I",,,"  269",",,S","  148",",,S","  205","H,,S"
"UPM00033356","1986-08-19","50.217","31.8","128.0","YAHOTYN, UP","    4",",,I",,,"  259",",,S","  182",",,S","  214","H,,S"
"UPM00033356","1986-08-20","50.217","31.8","128.0","YAHOTYN, UP","   48",",,I",,,,,,,"  208","H,,S"
"UPM00033356","1986-08-21","50.217","31.8","128.0","YAHOTYN, UP","    9",",,I",,,"  193",",,S","  132",",,S","  159","H,,S"
"UPM00033356","1986-08-22","50.217","31.8","128.0","YAHOTYN, UP","   56",",,I",,,"  175",",,S",,,"  128","H,,S"
"UPM00033356","1986-08-23","50.217","31.8","128.0","YAHOTYN, UP","    0",",,I",,,"  243",",,S","   77",",,S","  149","H,,S"
"UPM00033356","1986-08-24","50.217","31.8","128.0","YAHOTYN, UP","   40",",,I",,,,,"  145",",,S","  213","H,,S"
"UPM00033356","1986-08-25","50.217","31.8","128.0","YAHOTYN, UP","   93",",,I",,,,,"  113",",,S","  147","H,,S"
"UPM00033356","1986-08-26","50.217","31.8","128.0","YAHOTYN, UP","   92",",,I",,,,,,,"  144","H,,S"
"UPM00033356","1986-08-27","50.217","31.8","128.0","YAHOTYN, UP","    0",",,I",,,,,"   75",",,S","  166","H,,S"
"UPM00033356","1986-08-28","50.217","31.8","128.0","YAHOTYN, UP","    0",",,I",,,,,,,"  187","H,,S"
"UPM00033356","1986-08-29","50.217","31.8","128.0","YAHOTYN, UP","    0",",,I",,,,,,,"  213","H,,S"
"UPM00033356","1986-08-30","50.217","31.8","128.0","YAHOTYN, UP","    0",",,I",,,"  298",",,S",,,"  228","H,,S"
"UPM00033356","1986-08-31","50.217","31.8","128.0","YAHOTYN, UP","  123",",,I",,,,,,,,
"UPM00033356","1986-09-01","50.217","31.8","128.0","YAHOTYN, UP","    0","T,,I",,,,,"   87",",,S","  134","H,,S"
"UPM00033356","1986-09-02","50.217","31.8","128.0","YAHOTYN, UP","    0","T,,I",,,,,"   73",",,S","  112","H,,S"
"UPM00033356","1986-09-03","50.217","31.8","128.0","YAHOTYN, UP","    0",",,I",,,,,"   87",",,S","  169","H,,S"
"UPM00033356","1986-09-04","50.217","31.8","128.0","YAHOTYN, UP","    0",",,I",,,"  257",",,S","   92",",,S","  153","H,,S"
"UPM00033356","1986-09-05","50.217","31.8","128.0","YAHOTYN, UP","   19",",,I",,,,,"  107",",,S","  123","H,,S"
"UPM00033356","1986-09-06","50.217","31.8","128.0","YAHOTYN, UP","    0",",,I",,,"  158",",,S",,,"  104","H,,S"
"UPM00033356","1986-09-07","50.217","31.8","128.0","YAHOTYN, UP","    0",",,I",,,,,,,"  162","H,,S"
"UPM00033356","1986-09-08","50.217","31.8","128.0","YAHOTYN, UP","    0",",,I",,,"  226",",,S","  100",",,S","  143","H,,S"
"UPM00033356","1986-09-09","50.217","31.8","128.0","YAHOTYN, UP","    0","T,,I",,,,,"   84",",,S","  155","H,,S"
"UPM00033356","1986-09-10","50.217","31.8","128.0","YAHOTYN, UP","    0","T,,I",,,,,"  105",",,S","  136","H,,S"
"UPM00033356","1986-09-11","50.217","31.8","128.0","YAHOTYN, UP","    0",",,I",,,,,"   81",",,S","  213","H,,S"
"UPM00033356","1986-09-12","50.217","31.8","128.0","YAHOTYN, UP","    0",",,I",,,"  273",",,S",,,"  194","H,,S"
"UPM00033356","1986-09-13","50.217","31.8","128.0","YAHOTYN, UP","    0",",,I",,,"  294",",,S",,,"  204","H,,S"
"UPM00033356","1986-09-14","50.217","31.8","128.0","YAHOTYN, UP","   78",",,I",,,,,,,"  156","H,,S"
"UPM00033356","1986-09-15","50.217","31.8","128.0","YAHOTYN, UP","    3",",,I",,,,,"  125",",,S","  149","H,,S"
"UPM00033356","1986-09-16","50.217","31.8","128.0","YAHOTYN, UP","    0",",,I",,,,,"  144",",,S","  206","H,,S"
"UPM00033356","1986-09-17","50.217","31.8","128.0","YAHOTYN, UP","    0",",,I",,,"  182",",,S",,,"  138","H,,S"
"UPM00033356","1986-09-18","50.217","31.8","128.0","YAHOTYN, UP","    0","T,,I",,,,,,,,
"UPM00033356","1986-09-19","50.217","31.8","128.0","YAHOTYN, UP","    6",",,I",,,,,,,,
"UPM00033356","1986-09-20","50.217","31.8","128.0","YAHOTYN, UP","    0",",,I",,,"  165",",,S","   29",",,S","  103","H,,S"
"UPM00033356","1986-09-21","50.217","31.8","128.0","YAHOTYN, UP","    0","T,,I",,,"  151",",,S","   99",",,S","  125","H,,S"
"UPM00033356","1986-09-22","50.217","31.8","128.0","YAHOTYN, UP","    0",",,I",,,"  204",",,S","   91",",,S","  143","H,,S"
"UPM00033356","1986-09-23","50.217","31.8","128.0","YAHOTYN, UP","   34",",,I",,,"  139",",,S",,,"  104","H,,S"
"UPM00033356","1986-09-24","50.217","31.8","128.0","YAHOTYN, UP","   14",",,I",,,"  124",",,S","   34",",,S","   91","H,,S"
"UPM00033356","1986-09-25","50.217","31.8","128.0","YAHOTYN, UP","   42",",,I",,,,,,,"   61","H,,S"
"UPM00033356","1986-09-26","50.217","31.8","128.0","YAHOTYN, UP","    0",",,I",,,,,"   14",",,S","   78","H,,S"
"UPM00033356","1986-09-27","50.217","31.8","128.0","YAHOTYN, UP","    0",",,I",,,"   95",",,S",,,"   50","H,,S"
"UPM00033356","1986-09-28","50.217","31.8","128.0","YAHOTYN, UP","    0",",,I",,,"   91",",,S","  -22",",,S","   38","H,,S"
"UPM00033356","1986-09-29","50.217","31.8","128.0","YAHOTYN, UP","    0","T,,I",,,"  128",",,S","  -48",",,S","   49","H,,S"
"UPM00033356","1986-09-30","50.217","31.8","128.0","YAHOTYN, UP","   20",",,I",,,,,,,,
"UPM00033356","1986-10-01","50.217","31.8","128.0","YAHOTYN, UP","    0",",,I",,,,,,,,
"UPM00033356","1986-10-02","50.217","31.8","128.0","YAHOTYN, UP","    0",",,I",,,,,"   64",",,S","  101","H,,S"
"UPM00033356","1986-10-03","50.217","31.8","128.0","YAHOTYN, UP","    0",",,I",,,"  153",",,S",,,"   92","H,,S"
"UPM00033356","1986-10-04","50.217","31.8","128.0","YAHOTYN, UP","    6",",,I",,,,,,,"   74","H,,S"
"UPM00033356","1986-10-05","50.217","31.8","128.0","YAHOTYN, UP","    0","T,,I",,,"   77",",,S","   25",",,S","   54","H,,S"
"UPM00033356","1986-10-06","50.217","31.8","128.0","YAHOTYN, UP","    3",",,I",,,"   76",",,S",,,"   35","H,,S"
"UPM00033356","1986-10-07","50.217","31.8","128.0","YAHOTYN, UP","   49",",,I",,,"   66",",,S","   -6",",,S","   33","H,,S"
"UPM00033356","1986-10-08","50.217","31.8","128.0","YAHOTYN, UP","    0","T,,I",,,"  101",",,S","   33",",,S","   57","H,,S"
"UPM00033356","1986-10-09","50.217","31.8","128.0","YAHOTYN, UP","    3",",,I",,,,,,,,
"UPM00033356","1986-10-10","50.217","31.8","128.0","YAHOTYN, UP","    0",",,I",,,"  130",",,S","  -13",",,S","   62","H,,S"
"UPM00033356","1986-10-11","50.217","31.8","128.0","YAHOTYN, UP","    0",",,I",,,"  166",",,S",,,"   99","H,,S"
"UPM00033356","1986-10-12","50.217","31.8","128.0","YAHOTYN, UP","    0","T,,I",,,"  123",",,S",,,"   90","H,,S"
"UPM00033356","1986-10-13","50.217","31.8","128.0","YAHOTYN, UP","    0",",,I",,,,,"    9",",,S","   39","H,,S"
"UPM00033356","1986-10-14","50.217","31.8","128.0","YAHOTYN, UP","    0",",,I",,,"  144",",,S","  -16",",,S","   64","H,,S"
"UPM00033356","1986-10-15","50.217","31.8","128.0","YAHOTYN, UP","    0",",,I",,,,,"  -23",",,S","   47","H,,S"
"UPM00033356","1986-10-16","50.217","31.8","128.0","YAHOTYN, UP","    0",",,I",,,,,"  -16",",,S","   69","H,,S"
"UPM00033356","1986-10-17","50.217","31.8","128.0","YAHOTYN, UP","    0",",,I",,,"  156",",,S","   -6",",,S","   71","H,,S"
"UPM00033356","1986-10-18","50.217","31.8","128.0","YAHOTYN, UP","    0",",,I",,,"  155",",,S",,,"   83","H,,S"
"UPM00033356","1986-10-19","50.217","31.8","128.0","YAHOTYN, UP","    0",",,I",,,"  121",",,S","   23",",,S","   66","H,,S"
"UPM00033356","1986-10-20","50.217","31.8","128.0","YAHOTYN, UP","   12",",,I",,,"  123",",,S","   64",",,S","   92","H,,S"
"UPM00033356","1986-10-21","50.217","31.8","128.0","YAHOTYN, UP","   30",",,I",,,"  122",",,S","   91",",,S","  102","H,,S"
"UPM00033356","1986-10-22","50.217","31.8","128.0","YAHOTYN, UP","   15",",,I",,,"  141",",,S",,,"   71","H,,S"
"UPM00033356","1986-10-23","50.217","31.8","128.0","YAHOTYN, UP","    0",",,I",,,"  148",",,S","   34",",,S","  102","H,,S"
"UPM00033356","1986-10-24","50.217","31.8","128.0","YAHOTYN, UP","    8",",,I",,,,,,,"  104","H,,S"
"UPM00033356","1986-10-25","50.217","31.8","128.0","YAHOTYN, UP","  114",",,I",,,,,,,"   64","H,,S"
"UPM00033356","1986-10-26","50.217","31.8","128.0","YAHOTYN, UP","    0",",,I",,,"   97",",,S",,,"   47","H,,S"
"UPM00033356","1986-10-27","50.217","31.8","128.0","YAHOTYN, UP","    0",",,I",,,"   97",",,S","  -16",",,S","   23","H,,S"
"UPM00033356","1986-10-28","50.217","31.8","128.0","YAHOTYN, UP","    0",",,I",,,"   63",",,S","   -6",",,S","   28","H,,S"
"UPM00033356","1986-10-29","50.217","31.8","128.0","YAHOTYN, UP","    1",",,I",,,,,,,,
"UPM00033356","1986-10-30","50.217","31.8","128.0","YAHOTYN, UP","    1",",,I",,,"   45",",,S","   23",",,S","   34","H,,S"
"UPM00033356","1986-10-31","50.217","31.8","128.0","YAHOTYN, UP","    1",",,I",,,"   49",",,S","   32",",,S","   40","H,,S"
"UPM00033356","1986-11-01","50.217","31.8","128.0","YAHOTYN, UP","    0","T,,I",,,"   43",",,S",,,"   31","H,,S"
"UPM00033356","1986-11-02","50.217","31.8","128.0","YAHOTYN, UP","    0",",,I",,,,,"   22",",,S","   34","H,,S"
"UPM00033356","1986-11-03","50.217","31.8","128.0","YAHOTYN, UP","    8",",,I",,,"   52",",,S",,,"   34","H,,S"
"UPM00033356","1986-11-04","50.217","31.8","128.0","YAHOTYN, UP","    0","T,,I",,,"   46",",,S",,,"   11","H,,S"
"UPM00033356","1986-11-05","50.217","31.8","128.0","YAHOTYN, UP","    0",",,I",,,,,,,,
"UPM00033356","1986-11-06","50.217","31.8","128.0","YAHOTYN, UP","   22",",,I",,,,,"   -6",",,S","   15","H,,S"
"UPM00033356","1986-11-07","50.217","31.8","128.0","YAHOTYN, UP","   26",",,I",,,"   29",",,S","    5",",,S","   19","H,,S"
"UPM00033356","1986-11-08","50.217","31.8","128.0","YAHOTYN, UP","    0","T,,I",,,,,"   -1",",,S","   12","H,,S"
"UPM00033356","1986-11-09","50.217","31.8","128.0","YAHOTYN, UP","    0",",,I",,,"   29",",,S","   -1",",,S","   12","H,,S"
"UPM00033356","1986-11-10","50.217","31.8","128.0","YAHOTYN, UP","    0",",,I",,,,,"   11",",,S","   27","H,,S"
"UPM00033356","1986-11-11","50.217","31.8","128.0","YAHOTYN, UP","    0",",,I",,,"   63",",,S",,,"   11","H,,S"
"UPM00033356","1986-11-12","50.217","31.8","128.0","YAHOTYN, UP","    0",",,I",,,"   76",",,S","  -19",",,S","   24","H,,S"
"UPM00033356","1986-11-13","50.217","31.8","128.0","YAHOTYN, UP","    0",",,I",,,"   63",",,S",,,"   27","H,,S"
"UPM00033356","1986-11-14","50.217","31.8","128.0","YAHOTYN, UP","    0",",,I",,,"   25",",,S","  -55",",,S","  -26","H,,S"
"UPM00033356","1986-11-15","50.217","31.8","128.0","YAHOTYN, UP","    0",",,I",,,"   35",",,S","  -78",",,S","  -16","H,,S"
"UPM00033356","1986-11-16","50.217","31.8","128.0","YAHOTYN, UP","    0",",,I",,,,,"  -11",",,S","   17","H,,S"
"UPM00033356","1986-11-17","50.217","31.8","128.0","YAHOTYN, UP","    0",",,I",,,"   50",",,S","   -2",",,S","    8","H,,S"
"UPM00033356","1986-11-18","50.217","31.8","128.0","YAHOTYN, UP","   46",",,I",,,,,"    7",",,S","   26","H,,S"
"UPM00033356","1986-11-19","50.217","31.8","128.0","YAHOTYN, UP","   69",",,I",,,,,"   -1",",,S","    0","H,,S"
"UPM00033356","1986-11-20","50.217","31.8","128.0","YAHOTYN, UP","    0",",,I",,,"   21",",,S","    0",",,S","    7","H,,S"
"UPM00033356","1986-11-21","50.217","31.8","128.0","YAHOTYN, UP","    6",",,I",,,"   32",",,S","    2",",,S","   16","H,,S"
"UPM00033356","1986-11-22","50.217","31.8","128.0","YAHOTYN, UP","    3",",,I",,,,,,,"   17","H,,S"
"UPM00033356","1986-11-23","50.217","31.8","128.0","YAHOTYN, UP","    0","T,,I",,,,,,,"    3","H,,S"
"UPM00033356","1986-11-24","50.217","31.8","128.0","YAHOTYN, UP","    1",",,I",,,,,"  -17",",,S","  -10","H,,S"
"UPM00033356","1986-11-25","50.217","31.8","128.0","YAHOTYN, UP","   21",",,I",,,"   -5",",,S",,,"  -16","H,,S"
"UPM00033356","1986-11-26","50.217","31.8","128.0","YAHOTYN, UP","    3",",,I","   30",",I,S",,,,,"  -11","H,,S"
"UPM00033356","1986-11-27","50.217","31.8","128.0","YAHOTYN, UP","    0",",I,I","  531",",I,S",,," -106",",,S","  -73","H,,S"
"UPM00033356","1986-11-28","50.217","31.8","128.0","YAHOTYN, UP","    0","T,,I",,,,,,,"  -43","H,,S"
"UPM00033356","1986-11-29","50.217","31.8","128.0","YAHOTYN, UP","    0","T,,I","   30",",,S","    9",",,S","  -23",",,S","    1","H,,S"
"UPM00033356","1986-11-30","50.217","31.8","128.0","YAHOTYN, UP","    0","T,,I","   20",",,S","   22",",,S","   -2",",,S","   12","H,,S"
"UPM00033356","1986-12-01","50.217","31.8","128.0","YAHOTYN, UP","    0",",,I",,,,,,,"    5","H,,S"
"UPM00033356","1986-12-02","50.217","31.8","128.0","YAHOTYN, UP","    0",",,I",,,"   43",",,S",,,"    9","H,,S"
"UPM00033356","1986-12-03","50.217","31.8","128.0","YAHOTYN, UP","    0","T,,I",,,,,"   -6",",,S","   11","H,,S"
"UPM00033356","1986-12-04","50.217","31.8","128.0","YAHOTYN, UP","    3",",,I",,,"  104",",,S",,,"   64","H,,S"
"UPM00033356","1986-12-05","50.217","31.8","128.0","YAHOTYN, UP","    0",",,I",,,,,"   65",",,S","   80","H,,S"
"UPM00033356","1986-12-06","50.217","31.8","128.0","YAHOTYN, UP","    0",",,I",,,"  123",",,S","   27",",,S","   48","H,,S"
"UPM00033356","1986-12-07","50.217","31.8","128.0","YAHOTYN, UP","    0",",,I",,,"   73",",,S",,,"   36","H,,S"
"UPM00033356","1986-12-08","50.217","31.8","128.0","YAHOTYN, UP","    0",",,I",,,,,,,,
"UPM00033356","1986-12-09","50.217","31.8","128.0","YAHOTYN, UP","    0",",,I",,,,,,,,
"UPM00033356","1986-12-10","50.217","31.8","128.0","YAHOTYN, UP","    0",",,I",,,,," -102",",,S","  -79","H,,S"
"UPM00033356","1986-12-11","50.217","31.8","128.0","YAHOTYN, UP","    0",",,I",,,"  -24",",,S"," -104",",,S","  -53","H,,S"
"UPM00033356","1986-12-12","50.217","31.8","128.0","YAHOTYN, UP","    0","T,,I",,,,,"  -30",",,S","  -26","H,,S"
"UPM00033356","1986-12-13","50.217","31.8","128.0","YAHOTYN, UP","    2",",,I",,,,,,,"  -19","H,,S"
"UPM00033356","1986-12-14","50.217","31.8","128.0","YAHOTYN, UP","    5",",,I",,,,,,,"  -43","H,,S"
"UPM00033356","1986-12-15","50.217","31.8","128.0","YAHOTYN, UP","    0","T,,I","   10",",,S",,,"  -67",",,S","  -39","H,,S"
"UPM00033356","1986-12-16","50.217","31.8","128.0","YAHOTYN, UP","   84",",,I",,,,,,,,
"UPM00033356","1986-12-17","50.217","31.8","128.0","YAHOTYN, UP","    0",",,I",,,,,,,,
"UPM00033356","1986-12-18","50.217","31.8","128.0","YAHOTYN, UP","    0",",,I","   71",",,S",,,,,"  -49","H,,S"
"UPM00033356","1986-12-19","50.217","31.8","128.0","YAHOTYN, UP","    0",",,I",,,,,,,"  -34","H,,S"
"UPM00033356","1986-12-20","50.217","31.8","128.0","YAHOTYN, UP","  103",",,I",,,,,,,"  -18","H,,S"
"UPM00033356","1986-12-21","50.217","31.8","128.0","YAHOTYN, UP","   53",",,I",,,"    2",",,S",,,"  -17","H,,S"
"UPM00033356","1986-12-22","50.217","31.8","128.0","YAHOTYN, UP","    0","T,,I","  201",",,S",,,,,"  -81","H,,S"
"UPM00033356","1986-12-23","50.217","31.8","128.0","YAHOTYN, UP","   34",",,I",,,,,"  -90",",,S","  -37","H,,S"
"UPM00033356","1986-12-24","50.217","31.8","128.0","YAHOTYN, UP","  126",",,I","  269",",,S","  -41",",,S",,,"  -57","H,,S"
"UPM00033356","1986-12-25","50.217","31.8","128.0","YAHOTYN, UP","    6",",,I","  269",",,S",,,,,"  -76","H,,S"
"UPM00033356","1986-12-26","50.217","31.8","128.0","YAHOTYN, UP","    2",",,I","  269",",,S",,,,," -107","H,,S"
"UPM00033356","1986-12-27","50.217","31.8","128.0","YAHOTYN, UP","    0","T,,I","  269",",,S",,," -182",",,S"," -124","H,,S"
"UPM00033356","1986-12-28","50.217","31.8","128.0","YAHOTYN, UP","    2",",,I",,,,,,,,
"UPM00033356","1986-12-29","50.217","31.8","128.0","YAHOTYN, UP","    0",",,I","  269",",,S",,,,," -143","H,,S"
"UPM00033356","1986-12-30","50.217","31.8","128.0","YAHOTYN, UP","   23",",,I","  279",",,S","   19",",,S",,,"  -20","H,,S"
"UPM00033356","1986-12-31","50.217","31.8","128.0","YAHOTYN, UP","   12",",,I",,,,,,,,
"UPM00033356","1987-01-01","50.217","31.8","128.0","YAHOTYN, UP","   12",",,I",,,,,,,,
"UPM00033356","1987-01-02","50.217","31.8","128.0","YAHOTYN, UP","   46",",,I",,,,,,,,
"UPM00033356","1987-01-03","50.217","31.8","128.0","YAHOTYN, UP","    0",",,I",,,,,,,,
"UPM00033356","1987-01-04","50.217","31.8","128.0","YAHOTYN, UP","    0","T,,I","  290",",,S"," -139",",,S"," -241",",,S"," -170","H,,S"
"UPM00033356","1987-01-05","50.217","31.8","128.0","YAHOTYN, UP","    0",",,I",,,,,,,,
"UPM00033356","1987-01-06","50.217","31.8","128.0","YAHOTYN, UP","    3",",,I",,,,,,,,
"UPM00033356","1987-01-07","50.217","31.8","128.0","YAHOTYN, UP","    3",",,I","  290",",,S","  -59",",,S",,," -120","H,,S"
"UPM00033356","1987-01-08","50.217","31.8","128.0","YAHOTYN, UP","    0",",,I",,,,,,,,
"UPM00033356","1987-01-09","50.217","31.8","128.0","YAHOTYN, UP","    0",",,I","  290",",,S"," -230",",,S"," -329",",,S"," -267","H,,S"
"UPM00033356","1987-01-10","50.217","31.8","128.0","YAHOTYN, UP","    0","T,,I",,,,,,," -241","H,,S"
"UPM00033356","1987-01-11","50.217","31.8","128.0","YAHOTYN, UP","   17",",,I","  290",",,S",,,,," -201","H,,S"
"UPM00033356","1987-01-12","50.217","31.8","128.0","YAHOTYN, UP","   44",",,I",,,,,,,"  -42","H,,S"
"UPM00033356","1987-01-13","50.217","31.8","128.0","YAHOTYN, UP","  105",",,I","  340",",,S",,,,,"  -87","H,,S"
"UPM00033356","1987-01-14","50.217","31.8","128.0","YAHOTYN, UP","   83",",,I","  361",",,S",,," -235",",,S"," -171","H,,S"
"UPM00033356","1987-01-15","50.217","31.8","128.0","YAHOTYN, UP","    4",",,I","  450",",,S"," -207",",,S",,," -225","H,,S"
"UPM00033356","1987-01-16","50.217","31.8","128.0","YAHOTYN, UP","    0",",,I","  450",",,S",,," -285",",,S"," -209","H,,S"
"UPM00033356","1987-01-17","50.217","31.8","128.0","YAHOTYN, UP","    0","T,,I",,,,,,,,
"UPM00033356","1987-01-18","50.217","31.8","128.0","YAHOTYN, UP","    2",",,I","  450",",,S"," -123",",,S",,," -166","H,,S"
"UPM00033356","1987-01-19","50.217","31.8","128.0","YAHOTYN, UP","    0","T,,I","  450",",,S"," -165",",,S"," -245",",,S"," -209","H,,S"
"UPM00033356","1987-01-20","50.217","31.8","128.0","YAHOTYN, UP","    0",",,I",,,,,,," -161","H,,S"
"UPM00033356","1987-01-21","50.217","31.8","128.0","YAHOTYN, UP","    0","T,,I","  450",",,S",,," -209",",,S"," -165","H,,S"
"UPM00033356","1987-01-22","50.217","31.8","128.0","YAHOTYN, UP","    6",",,I",,,,,,," -119","H,,S"
"UPM00033356","1987-01-23","50.217","31.8","128.0","YAHOTYN, UP","    0","T,,I",,,,,,,,
"UPM00033356","1987-01-24","50.217","31.8","128.0","YAHOTYN, UP","    0","T,,I",,,,,,," -133","H,,S"
"UPM00033356","1987-01-25","50.217","31.8","128.0","YAHOTYN, UP","   20",",,I",,,,,,,,
"UPM00033356","1987-01-26","50.217","31.8","128.0","YAHOTYN, UP","   35",",,I","  361",",,S","   -5",",,S","  -87",",,S","  -31","H,,S"
"UPM00033356","1987-01-27","50.217","31.8","128.0","YAHOTYN, UP","    3",",,I",,,,,,,"  -72","H,,S"
"UPM00033356","1987-01-28","50.217","31.8","128.0","YAHOTYN, UP","    0","T,,I","  340",",,S",,," -155",",,S"," -109","H,,S"
"UPM00033356","1987-01-29","50.217","31.8","128.0","YAHOTYN, UP","    2",",,I","  340",",,S",,,,," -132","H,,S"
"UPM00033356","1987-01-30","50.217","31.8","128.0","YAHOTYN, UP","    0",",,I","  340",",,S",,," -294",",,S"," -243","H,,S"
"UPM00033356","1987-01-31","50.217","31.8","128.0","YAHOTYN, UP","    0","T,,I","  340",",,S","  -80",",,S",,," -148","H,,S"
"UPM00033356","1987-02-01","50.217","31.8","128.0","YAHOTYN, UP","    0",",,I","  330",",,S",,," -121",",,S","  -84","H,,S"
"UPM00033356","1987-02-02","50.217","31.8","128.0","YAHOTYN, UP","    0",",,I","  330",",,S",,,,,"  -31","H,,S"
"UPM00033356","1987-02-03","50.217","31.8","128.0","YAHOTYN, UP","    0",",,I",,,,,,,"  -61","H,,S"
"UPM00033356","1987-02-04","50.217","31.8","128.0","YAHOTYN, UP","    0",",,I","  300",",,S","  -75",",,S"," -154",",,S"," -127","H,,S"
"UPM00033356","1987-02-05","50.217","31.8","128.0","YAHOTYN, UP","    0",",,I","  290",",,S",,," -157",",,S"," -107","H,,S"
"UPM00033356","1987-02-06","50.217","31.8","128.0","YAHOTYN, UP","    0",",,I",,,"    2",",,S",,,"  -59","H,,S"
"UPM00033356","1987-02-07","50.217","31.8","128.0","YAHOTYN, UP","    2",",,I",,,,,,,,
"UPM00033356","1987-02-08","50.217","31.8","128.0","YAHOTYN, UP","    0","T,,I","  279",",,S","    0",",,S",,,"  -27","H,,S"
"UPM00033356","1987-02-09","50.217","31.8","128.0","YAHOTYN, UP","    6",",,I","  269",",,S","  -27",",,S",,,"  -80","H,,S"
"UPM00033356","1987-02-10","50.217","31.8","128.0","YAHOTYN, UP","    0","T,,I","  269",",,S",,,,," -132","H,,S"
"UPM00033356","1987-02-11","50.217","31.8","128.0","YAHOTYN, UP","    5",",,I",,,"  -25",",,S",,,"  -37","H,,S"
"UPM00033356","1987-02-12","50.217","31.8","128.0","YAHOTYN, UP","    0",",,I","  259",",,S",,,,,"  -28","H,,S"
"UPM00033356","1987-02-13","50.217","31.8","128.0","YAHOTYN, UP","    0",",,I",,,,,,,,
"UPM00033356","1987-02-14","50.217","31.8","128.0","YAHOTYN, UP","    1",",,I",,,,,,,,
"UPM00033356","1987-02-15","50.217","31.8","128.0","YAHOTYN, UP","    0","T,,I","  239",",,S",,,"  -20",",,S","   -9","H,,S"
"UPM00033356","1987-02-16","50.217","31.8","128.0","YAHOTYN, UP","    2",",,I","  231",",,S",,,"  -61",",,S","  -44","H,,S"
"UPM00033356","1987-02-17","50.217","31.8","128.0","YAHOTYN, UP","    0","T,,I",,,"  -17",",,S",,,"  -33","H,,S"
"UPM00033356","1987-02-18","50.217","31.8","128.0","YAHOTYN, UP","    0",",,I",,,,,,,"  -37","H,,S"
"UPM00033356","1987-02-19","50.217","31.8","128.0","YAHOTYN, UP","    0",",,I","  221",",,S",,,"  -40",",,S","  -33","H,,S"
"UPM00033356","1987-02-20","50.217","31.8","128.0","YAHOTYN, UP","    0",",,I",,,,,,,"   -9","H,,S"
"UPM00033356","1987-02-21","50.217","31.8","128.0","YAHOTYN, UP","   20",",,I","  211",",,S","   10",",,S","   -7",",,S","    2","H,,S"
"UPM00033356","1987-02-22","50.217","31.8","128.0","YAHOTYN, UP","   23",",,I","  201",",,S",,,"   -1",",,S","    8","H,,S"
"UPM00033356","1987-02-23","50.217","31.8","128.0","YAHOTYN, UP","   10",",,I","  201",",,S",,,,,"    4","H,,S"
"UPM00033356","1987-02-24","50.217","31.8","128.0","YAHOTYN, UP","    0","T,,I","  191",",,S",,,,,"  -76","H,,S"
"UPM00033356","1987-02-25","50.217","31.8","128.0","YAHOTYN, UP","    0","T,,I",,,,,,,"  -87","H,,S"
"UPM00033356","1987-02-26","50.217","31.8","128.0","YAHOTYN, UP","    9",",,I",,,,,,,,
"UPM00033356","1987-02-27","50.217","31.8","128.0","YAHOTYN, UP","    4",",,I",,,,,,,,
"UPM00033356","1987-02-28","50.217","31.8","128.0","YAHOTYN, UP","    0",",,I","  191",",,S",,," -186",",,S"," -123","H,,S"
"UPM00033356","1987-03-01","50.217","31.8","128.0","YAHOTYN, UP","   20",",,I","  191",",,S",,,,," -109","H,,S"
"UPM00033356","1987-03-02","50.217","31.8","128.0","YAHOTYN, UP","    6",",,I",,,,,,," -161","H,,S"
"UPM00033356","1987-03-03","50.217","31.8","128.0","YAHOTYN, UP","    0",",,I","  201",",,S"," -150",",,S"," -218",",,S"," -186","H,,S"
"UPM00033356","1987-03-04","50.217","31.8","128.0","YAHOTYN, UP","    0",",,I",,,,,,,,
"UPM00033356","1987-03-05","50.217","31.8","128.0","YAHOTYN, UP","    2",",,I","  201",",,S"," -113",",,S"," -229",",,S"," -156","H,,S"
"UPM00033356","1987-03-06","50.217","31.8","128.0","YAHOTYN, UP","  113",",,I",,,"  -10",",,S",,,"  -66","H,,S"
"UPM00033356","1987-03-07","50.217","31.8","128.0","YAHOTYN, UP","    4",",,I","  310",",,S","  -69",",,S"," -138",",,S"," -104","H,,S"
"UPM00033356","1987-03-08","50.217","31.8","128.0","YAHOTYN, UP","    6",",,I","  320",",,S","  -73",",,S",,,"  -84","H,,S"
"UPM00033356","1987-03-09","50.217","31.8","128.0","YAHOTYN, UP","   52",",,I","  330",",,S","  -54",",,S","  -86",",,S","  -69","H,,S"
"UPM00033356","1987-03-10","50.217","31.8","128.0","YAHOTYN, UP","    5",",,I","  351",",,S","   79",",,S",,,"  -88","H,,S"
"UPM00033356","1987-03-11","50.217","31.8","128.0","YAHOTYN, UP","    0",",,I","  351",",,S","  -80",",,S"," -189",",,S"," -124","H,,S"
"UPM00033356","1987-03-12","50.217","31.8","128.0","YAHOTYN, UP","    7",",,I",,,"  -67",",,S",,," -107","H,,S"
"UPM00033356","1987-03-13","50.217","31.8","128.0","YAHOTYN, UP","    0",",,I","  361",",,S",,," -153",",,S","  -99","H,,S"
"UPM00033356","1987-03-14","50.217","31.8","128.0","YAHOTYN, UP","    0",",,I","  361",",,S","  -33",",,S"," -136",",,S","  -92","H,,S"
"UPM00033356","1987-03-15","50.217","31.8","128.0","YAHOTYN, UP","    0",",,I","  351",",,S","  -23",",,S",,,"  -84","H,,S"
"UPM00033356","1987-03-16","50.217","31.8","128.0","YAHOTYN, UP","    0",",,I","  351",",,S",,," -197",",,S"," -168","H,,S"
"UPM00033356","1987-03-17","50.217","31.8","128.0","YAHOTYN, UP","    0",",,I","  351",",,S","  -43",",,S"," -176",",,S"," -118","H,,S"
"UPM00033356","1987-03-18","50.217","31.8","128.0","YAHOTYN, UP","    0",",,I","  351",",,S",,," -183",",,S"," -118","H,,S"
"UPM00033356","1987-03-19","50.217","31.8","128.0","YAHOTYN, UP","    0",",,I","  340",",,S","  -22",",,S"," -182",",,S","  -98","H,,S"
"UPM00033356","1987-03-20","50.217","31.8","128.0","YAHOTYN, UP","    0",",,I",,,,,,,"  -23","H,,S"
"UPM00033356","1987-03-21","50.217","31.8","128.0","YAHOTYN, UP","   42",",,I",,,"   14",",,S","  -26",",,S","   -3","H,,S"
"UPM00033356","1987-03-22","50.217","31.8","128.0","YAHOTYN, UP","   13",",,I",,,,,"  -35",",,S","    4","H,,S"
"UPM00033356","1987-03-23","50.217","31.8","128.0","YAHOTYN, UP","    0",",,I",,,,,,,,
"UPM00033356","1987-03-24","50.217","31.8","128.0","YAHOTYN, UP","    0",",,I",,,,,,,,
"UPM00033356","1987-03-25","50.217","31.8","128.0","YAHOTYN, UP","    0",",,I","  310",",,S",,,"  -56",",,S","  -42","H,,S"
"UPM00033356","1987-03-26","50.217","31.8","128.0","YAHOTYN, UP","    0",",,I","  310",",,S",,,,,"  -35","H,,S"
"UPM00033356","1987-03-27","50.217","31.8","128.0","YAHOTYN, UP","    6",",,I","  300",",,S","    9",",,S"," -136",",,S","  -41","H,,S"
"UPM00033356","1987-03-28","50.217","31.8","128.0","YAHOTYN, UP","    3",",,I","  290",",,S","   17",",,S","   -4",",,S","    8","H,,S"
"UPM00033356","1987-03-29","50.217","31.8","128.0","YAHOTYN, UP","    0",",,I","  269",",,S","   32",",,S",,,"   13","H,,S"
"UPM00033356","1987-03-30","50.217","31.8","128.0","YAHOTYN, UP","    0",",,I","  259",",,S","   13",",,S","   -8",",,S","    3","H,,S"
"UPM00033356","1987-03-31","50.217","31.8","128.0","YAHOTYN, UP","    0",",,I","  239",",,S","    7",",,S","  -11",",,S","   -2","H,,S"
"UPM00033356","1987-04-01","50.217","31.8","128.0","YAHOTYN, UP","    0",",,I","  231",",,S",,,"  -31",",,S","   -6","H,,S"
"UPM00033356","1987-04-02","50.217","31.8","128.0","YAHOTYN, UP","    0",",,I","  221",",,S","   38",",,S","  -35",",,S","    9","H,,S"
"UPM00033356","1987-04-03","50.217","31.8","128.0","YAHOTYN, UP","    0",",,I","  211",",,S","   27",",,S",,,"    3","H,,S"
"UPM00033356","1987-04-04","50.217","31.8","128.0","YAHOTYN, UP","    0",",,I","  191",",,S",,,"  -36",",,S","   -4","H,,S"
"UPM00033356","1987-04-05","50.217","31.8","128.0","YAHOTYN, UP","    0",",,I","  170",",,S",,,"  -59",",,S","   -5","H,,S"
"UPM00033356","1987-04-06","50.217","31.8","128.0","YAHOTYN, UP","   35",",,I","  150",",,S","   54",",,S","    7",",,S","   24","H,,S"
"UPM00033356","1987-04-07","50.217","31.8","128.0","YAHOTYN, UP","    3",",,I","  130",",,S",,,"   21",",,S","   38","H,,S"
"UPM00033356","1987-04-08","50.217","31.8","128.0","YAHOTYN, UP","    3",",,I","   79",",,S","  122",",,S","   17",",,S","   64","H,,S"
"UPM00033356","1987-04-09","50.217","31.8","128.0","YAHOTYN, UP","    4",",,I","   10",",,S",,,"   52",",,S","   83","H,,S"
"UPM00033356","1987-04-10","50.217","31.8","128.0","YAHOTYN, UP","    0",",,I",,,,,,,,
"UPM00033356","1987-04-11","50.217","31.8","128.0","YAHOTYN, UP","    0",",,I",,,"   55",",,S","   -6",",,S","   18","H,,S"
"UPM00033356","1987-04-12","50.217","31.8","128.0","YAHOTYN, UP","    0",",,I",,,"   67",",,S","  -16",",,S","   24","H,,S"
"UPM00033356","1987-04-13","50.217","31.8","128.0","YAHOTYN, UP","    3",",,I",,,,,,,"   11","H,,S"
"UPM00033356","1987-04-14","50.217","31.8","128.0","YAHOTYN, UP","    7",",,I",,,"   43",",,S","    5",",,S","   22","H,,S"
"UPM00033356","1987-04-15","50.217","31.8","128.0","YAHOTYN, UP","    0",",,I",,,,,"    0",",,S","   34","H,,S"
"UPM00033356","1987-04-16","50.217","31.8","128.0","YAHOTYN, UP","    0",",,I",,,,,"  -15",",,S","   46","H,,S"
"UPM00033356","1987-04-17","50.217","31.8","128.0","YAHOTYN, UP","    0",",,I",,,"  113",",,S",,,"   78","H,,S"
"UPM00033356","1987-04-18","50.217","31.8","128.0","YAHOTYN, UP","    8",",,I",,,,,,,"   38","H,,S"
"UPM00033356","1987-04-19","50.217","31.8","128.0","YAHOTYN, UP","    5",",,I",,,,,"   -7",",,S","   11","H,,S"
"UPM00033356","1987-04-20","50.217","31.8","128.0","YAHOTYN, UP","    0",",,I",,,"   87",",,S","  -21",",,S","   42","H,,S"
"UPM00033356","1987-04-21","50.217","31.8","128.0","YAHOTYN, UP","   14",",,I",,,,,"   17",",,S","   43","H,,S"
"UPM00033356","1987-04-22","50.217","31.8","128.0","YAHOTYN, UP","   18",",,I",,,,,,,"   36","H,,S"
"UPM00033356","1987-04-23","50.217","31.8","128.0","YAHOTYN, UP","    0",",,I",,,,,"  -16",",,S","   27","H,,S"
"UPM00033356","1987-04-24","50.217","31.8","128.0","YAHOTYN, UP","    0",",,I",,,,,,,"   47","H,,S"
"UPM00033356","1987-04-25","50.217","31.8","128.0","YAHOTYN, UP","    0","T,,I",,,"  160",",,S","   73",",,S","  120","H,,S"
"UPM00033356","1987-04-26","50.217","31.8","128.0","YAHOTYN, UP","   73",",,I",,,"  135",",,S",,,"   71","H,,S"
"UPM00033356","1987-04-27","50.217","31.8","128.0","YAHOTYN, UP","  315",",,I",,,,,,,,
"UPM00033356","1987-04-28","50.217","31.8","128.0","YAHOTYN, UP","    0",",,I",,,,,,,"   58","H,,S"
"UPM00033356","1987-04-29","50.217","31.8","128.0","YAHOTYN, UP","    0",",,I",,,"  156",",,S","    3",",,S","   81","H,,S"
"UPM00033356","1987-04-30","50.217","31.8","128.0","YAHOTYN, UP","    0",",,I",,,,,"   36",",,S","  127","H,,S"
"UPM00033356","1987-05-01","50.217","31.8","128.0","YAHOTYN, UP","    0",",,I",,,"  206",",,S","   73",",,S","  129","H,,S"
"UPM00033356","1987-05-02","50.217","31.8","128.0","YAHOTYN, UP","    0",",,I",,,"  198",",,S","  111",",,S","  164","H,,S"
"UPM00033356","1987-05-03","50.217","31.8","128.0","YAHOTYN, UP","    0","T,,I",,,"  199",",,S","  117",",,S","  149","H,,S"
"UPM00033356","1987-05-04","50.217","31.8","128.0","YAHOTYN, UP","    0",",,I",,,,,"  100",",,S","  132","H,,S"
"UPM00033356","1987-05-05","50.217","31.8","128.0","YAHOTYN, UP","    0","T,,I",,,,,"   93",",,S","  119","H,,S"
"UPM00033356","1987-05-06","50.217","31.8","128.0","YAHOTYN, UP","    0",",,I",,,"  215",",,S","  104",",,S","  143","H,,S"
"UPM00033356","1987-05-07","50.217","31.8","128.0","YAHOTYN, UP","   22",",,I",,,"  216",",,S","  115",",,S","  153","H,,S"
"UPM00033356","1987-05-08","50.217","31.8","128.0","YAHOTYN, UP","   73",",,I",,,,,"   48",",,S","   63","H,,S"
"UPM00033356","1987-05-09","50.217","31.8","128.0","YAHOTYN, UP","    0",",,I",,,,,,,,
"UPM00033356","1987-05-10","50.217","31.8","128.0","YAHOTYN, UP","    0",",,I",,,"  156",",,S","   27",",,S","   83","H,,S"
"UPM00033356","1987-05-11","50.217","31.8","128.0","YAHOTYN, UP","    0",",,I",,,,,"   51",",,S","  128","H,,S"
"UPM00033356","1987-05-12","50.217","31.8","128.0","YAHOTYN, UP","   40",",,I",,,,,,,,
"UPM00033356","1987-05-13","50.217","31.8","128.0","YAHOTYN, UP","    0",",,I",,,"  243",",,S",,,"  151","H,,S"
"UPM00033356","1987-05-14","50.217","31.8","128.0","YAHOTYN, UP","    0",",,I",,,,,,,"  170","H,,S"
"UPM00033356","1987-05-15","50.217","31.8","128.0","YAHOTYN, UP","    0","T,,I",,,,,"   94",",,S","  143","H,,S"
"UPM00033356","1987-05-16","50.217","31.8","128.0","YAHOTYN, UP","    0",",,I",,,,,,,"  190","H,,S"
"UPM00033356","1987-05-17","50.217","31.8","128.0","YAHOTYN, UP","    0","T,,I",,,,,,,"  176","H,,S"
"UPM00033356","1987-05-18","50.217","31.8","128.0","YAHOTYN, UP","    0",",,I",,,,,"   55",",,S","  113","H,,S"
"UPM00033356","1987-05-19","50.217","31.8","128.0","YAHOTYN, UP","    0",",,I",,,,,,,"  193","H,,S"
"UPM00033356","1987-05-20","50.217","31.8","128.0","YAHOTYN, UP","    0",",,I",,,,,,,,
"UPM00033356","1987-05-21","50.217","31.8","128.0","YAHOTYN, UP","   10",",,I",,,"  279",",,S","  136",",,S","  212","H,,S"
"UPM00033356","1987-05-22","50.217","31.8","128.0","YAHOTYN, UP","  115",",,I",,,"  200",",,S","  141",",,S","  158","H,,S"
"UPM00033356","1987-05-23","50.217","31.8","128.0","YAHOTYN, UP","   88",",,I",,,"  238",",,S",,,"  165","H,,S"
"UPM00033356","1987-05-24","50.217","31.8","128.0","YAHOTYN, UP","   76",",,I",,,"  146",",,S","  114",",,S","  130","H,,S"
"UPM00033356","1987-05-25","50.217","31.8","128.0","YAHOTYN, UP","    0",",,I",,,"  158",",,S",,,"  116","H,,S"
"UPM00033356","1987-05-26","50.217","31.8","128.0","YAHOTYN, UP","    0",",,I",,,,,,,,
"UPM00033356","1987-05-27","50.217","31.8","128.0","YAHOTYN, UP","    0",",,I",,,,,"   54",",,S","  116","H,,S"
"UPM00033356","1987-05-28","50.217","31.8","128.0","YAHOTYN, UP","    0",",,I",,,,,,,,
"UPM00033356","1987-05-29","50.217","31.8","128.0","YAHOTYN, UP","    0",",,I",,,,,,,"  156","H,,S"
"UPM00033356","1987-05-30","50.217","31.8","128.0","YAHOTYN, UP","    0",",,I",,,,,,,"  132","H,,S"
"UPM00033356","1987-05-31","50.217","31.8","128.0","YAHOTYN, UP","    4",",,I",,,,,"  102",",,S","  167","H,,S"
"UPM00033356","1987-06-01","50.217","31.8","128.0","YAHOTYN, UP","  194",",,I",,,"  226",",,S",,,"  152","H,,S"
"UPM00033356","1987-06-02","50.217","31.8","128.0","YAHOTYN, UP","   23",",,I",,,"  132",",,S",,,"  123","H,,S"
"UPM00033356","1987-06-03","50.217","31.8","128.0","YAHOTYN, UP","    0","T,,I",,,,,"   86",",,S","  121","H,,S"
"UPM00033356","1987-06-04","50.217","31.8","128.0","YAHOTYN, UP","   48",",,I",,,,,"   84",",,S","  141","H,,S"
"UPM00033356","1987-06-05","50.217","31.8","128.0","YAHOTYN, UP","    0",",,I",,,,,"   74",",,S","  152","H,,S"
"UPM00033356","1987-06-06","50.217","31.8","128.0","YAHOTYN, UP","   12",",,I",,,,,"  132",",,S","  153","H,,S"
"UPM00033356","1987-06-07","50.217","31.8","128.0","YAHOTYN, UP","   73",",,I",,,"  208",",,S","  126",",,S","  158","H,,S"
"UPM00033356","1987-06-08","50.217","31.8","128.0","YAHOTYN, UP","    0",",,I",,,,,"  121",",,S","  162","H,,S"
"UPM00033356","1987-06-09","50.217","31.8","128.0","YAHOTYN, UP","    0",",,I",,,"  255",",,S",,,"  193","H,,S"
"UPM00033356","1987-06-10","50.217","31.8","128.0","YAHOTYN, UP","    0",",,I",,,"  273",",,S",,,"  212","H,,S"
"UPM00033356","1987-06-11","50.217","31.8","128.0","YAHOTYN, UP","  297",",,I",,,,,,,"  198","H,,S"
"UPM00033356","1987-06-12","50.217","31.8","128.0","YAHOTYN, UP","    3",",,I",,,,,"  174",",,S","  204","H,,S"
"UPM00033356","1987-06-13","50.217","31.8","128.0","YAHOTYN, UP","    0",",,I",,,,,,,,
"UPM00033356","1987-06-14","50.217","31.8","128.0","YAHOTYN, UP","    0",",,I",,,,,"  155",",,S","  222","H,,S"
"UPM00033356","1987-06-15","50.217","31.8","128.0","YAHOTYN, UP","    0",",,I",,,"  308",",,S",,,"  236","H,,S"
"UPM00033356","1987-06-16","50.217","31.8","128.0","YAHOTYN, UP","   37",",,I",,,"  304",",,S","  169",",,S","  231","H,,S"
"UPM00033356","1987-06-17","50.217","31.8","128.0","YAHOTYN, UP","   11",",,I",,,,,"  155",",,S","  177","H,,S"
"UPM00033356","1987-06-18","50.217","31.8","128.0","YAHOTYN, UP","  244",",,I",,,,,,,,
"UPM00033356","1987-06-19","50.217","31.8","128.0","YAHOTYN, UP","    0",",,I",,,,,"  104",",,S","  157","H,,S"
"UPM00033356","1987-06-20","50.217","31.8","128.0","YAHOTYN, UP","    0",",,I",,,"  224",",,S",,,"  179","H,,S"
"UPM00033356","1987-06-21","50.217","31.8","128.0","YAHOTYN, UP","   66",",,I",,,"  175",",,S",,,"  151","H,,S"
"UPM00033356","1987-06-22","50.217","31.8","128.0","YAHOTYN, UP","    0",",,I",,,"  203",",,S","  114",",,S","  143","H,,S"
"UPM00033356","1987-06-23","50.217","31.8","128.0","YAHOTYN, UP","    0","T,,I",,,"  218",",,S","  124",",,S","  174","H,,S"
"UPM00033356","1987-06-24","50.217","31.8","128.0","YAHOTYN, UP","    0",",,I",,,"  244",",,S",,,"  188","H,,S"
"UPM00033356","1987-06-25","50.217","31.8","128.0","YAHOTYN, UP","    0",",,I",,,,,,,"  180","H,,S"
"UPM00033356","1987-06-26","50.217","31.8","128.0","YAHOTYN, UP","   50",",,I",,,"  193",",,S",,,"  161","H,,S"
"UPM00033356","1987-06-27","50.217","31.8","128.0","YAHOTYN, UP","    0",",,I",,,"  243",",,S",,,"  183","H,,S"
"UPM00033356","1987-06-28","50.217","31.8","128.0","YAHOTYN, UP","   50",",,I",,,,,,,,
"UPM00033356","1987-06-29","50.217","31.8","128.0","YAHOTYN, UP","    3",",,I",,,,,"  148",",,S","  165","H,,S"
"UPM00033356","1987-06-30","50.217","31.8","128.0","YAHOTYN, UP","    0","T,,I",,,"  248",",,S",,,"  176","H,,S"
"UPM00033356","1987-07-01","50.217","31.8","128.0","YAHOTYN, UP","    0",",,I",,,"  267",",,S","  114",",,S","  195","H,,S"
"UPM00033356","1987-07-02","50.217","31.8","128.0","YAHOTYN, UP","    0",",,I",,,,,,,"  227","H,,S"
"UPM00033356","1987-07-03","50.217","31.8","128.0","YAHOTYN, UP","    0",",,I",,,"  264",",,S",,,"  226","H,,S"
"UPM00033356","1987-07-04","50.217","31.8","128.0","YAHOTYN, UP","    0",",,I",,,,,"  140",",,S","  192","H,,S"
"UPM00033356","1987-07-05","50.217","31.8","128.0","YAHOTYN, UP","   12",",,I",,,"  242",",,S",,,"  169","H,,S"
"UPM00033356","1987-07-06","50.217","31.8","128.0","YAHOTYN, UP","    0","T,,I",,,"  194",",,S",,,"  153","H,,S"
"UPM00033356","1987-07-07","50.217","31.8","128.0","YAHOTYN, UP","    0",",,I",,,,,,,"  154","H,,S"
"UPM00033356","1987-07-08","50.217","31.8","128.0","YAHOTYN, UP","    0",",,I",,,"  274",",,S",,,"  227","H,,S"
"UPM00033356","1987-07-09","50.217","31.8","128.0","YAHOTYN, UP","    0",",,I",,,,,"  154",",,S","  223","H,,S"
"UPM00033356","1987-07-10","50.217","31.8","128.0","YAHOTYN, UP","    0","T,,I",,,,,"  159",",,S","  224","H,,S"
"UPM00033356","1987-07-11","50.217","31.8","128.0","YAHOTYN, UP","    0","T,,I",,,"  222",",,S",,,"  181","H,,S"
"UPM00033356","1987-07-12","50.217","31.8","128.0","YAHOTYN, UP","    0",",,I",,,"  264",",,S","  109",",,S","  179","H,,S"
"UPM00033356","1987-07-13","50.217","31.8","128.0","YAHOTYN, UP","    0",",,I",,,"  292",",,S",,,"  214","H,,S"
"UPM00033356","1987-07-14","50.217","31.8","128.0","YAHOTYN, UP","    0","T,,I",,,,,,,,
"UPM00033356","1987-07-15","50.217","31.8","128.0","YAHOTYN, UP","    0",",,I",,,,,,,"  142","H,,S"
"UPM00033356","1987-07-16","50.217","31.8","128.0","YAHOTYN, UP","    0",",,I",,,,,,,"  188","H,,S"
"UPM00033356","1987-07-17","50.217","31.8","128.0","YAHOTYN, UP","    0",",,I",,,,,,,"  159","H,,S"
"UPM00033356","1987-07-18","50.217","31.8","128.0","YAHOTYN, UP","   12",",,I",,,"  269",",,S","  166",",,S","  191","H,,S"
"UPM00033356","1987-07-19","50.217","31.8","128.0","YAHOTYN, UP","   10",",,I",,,,,,,,
"UPM00033356","1987-07-20","50.217","31.8","128.0","YAHOTYN, UP","    0",",,I",,,"  250",",,S","  104",",,S","  166","H,,S"
"UPM00033356","1987-07-21","50.217","31.8","128.0","YAHOTYN, UP","    0",",,I",,,"  292",",,S","  140",",,S","  204","H,,S"
"UPM00033356","1987-07-22","50.217","31.8","128.0","YAHOTYN, UP","    0","T,,I",,,,,"  149",",,S","  223","H,,S"
"UPM00033356","1987-07-23","50.217","31.8","128.0","YAHOTYN, UP","    0",",,I",,,,,"  182",",,S","  240","H,,S"
"UPM00033356","1987-07-24","50.217","31.8","128.0","YAHOTYN, UP","    0",",,I",,,,,,,"  248","H,,S"
"UPM00033356","1987-07-25","50.217","31.8","128.0","YAHOTYN, UP","   66",",,I",,,,,"  169",",,S","  226","H,,S"
"UPM00033356","1987-07-26","50.217","31.8","128.0","YAHOTYN, UP","  142",",,I",,,,,"  169",",,S","  217","H,,S"
"UPM00033356","1987-07-27","50.217","31.8","128.0","YAHOTYN, UP","    0","T,,I",,,,,,,,
"UPM00033356","1987-07-28","50.217","31.8","128.0","YAHOTYN, UP","    0",",,I",,,,,"   80",",,S","  140","H,,S"
"UPM00033356","1987-07-29","50.217","31.8","128.0","YAHOTYN, UP","    0",",,I",,,,,,,"  155","H,,S"
"UPM00033356","1987-07-30","50.217","31.8","128.0","YAHOTYN, UP","    0",",,I",,,,,,,"  171","H,,S"
"UPM00033356","1987-07-31","50.217","31.8","128.0","YAHOTYN, UP","    0",",,I",,,,,"   94",",,S","  179","H,,S"
"UPM00033356","1987-08-01","50.217","31.8","128.0","YAHOTYN, UP","    0",",,I",,,,,,,"  207","H,,S"
"UPM00033356","1987-08-02","50.217","31.8","128.0","YAHOTYN, UP","    6",",,I",,,"  274",",,S","  151",",,S","  197","H,,S"
"UPM00033356","1987-08-03","50.217","31.8","128.0","YAHOTYN, UP","  184",",,I",,,"  191",",,S",,,"  159","H,,S"
"UPM00033356","1987-08-04","50.217","31.8","128.0","YAHOTYN, UP","    0",",,I",,,"  242",",,S",,,"  167","H,,S"
"UPM00033356","1987-08-05","50.217","31.8","128.0","YAHOTYN, UP","   15",",,I",,,,,"  154",",,S","  176","H,,S"
"UPM00033356","1987-08-06","50.217","31.8","128.0","YAHOTYN, UP","  119",",,I",,,"  253",",,S",,,"  184","H,,S"
"UPM00033356","1987-08-07","50.217","31.8","128.0","YAHOTYN, UP","    0","T,,I",,,,,,,"  147","H,,S"
"UPM00033356","1987-08-08","50.217","31.8","128.0","YAHOTYN, UP","    0","T,,I",,,,,"  104",",,S","  178","H,,S"
"UPM00033356","1987-08-09","50.217","31.8","128.0","YAHOTYN, UP","   26",",,I",,,,,,,"  157","H,,S"
"UPM00033356","1987-08-10","50.217","31.8","128.0","YAHOTYN, UP","    0",",,I",,,,,"  100",",,S","  166","H,,S"
"UPM00033356","1987-08-11","50.217","31.8","128.0","YAHOTYN, UP","  138",",,I",,,,,,,,
"UPM00033356","1987-08-12","50.217","31.8","128.0","YAHOTYN, UP","    0","T,,I",,,"  191",",,S",,,"  139","H,,S"
"UPM00033356","1987-08-13","50.217","31.8","128.0","YAHOTYN, UP","    0",",,I",,,"  152",",,S","   85",",,S","  127","H,,S"
"UPM00033356","1987-08-14","50.217","31.8","128.0","YAHOTYN, UP","    0","T,,I",,,,,,,,
"UPM00033356","1987-08-15","50.217","31.8","128.0","YAHOTYN, UP","    0",",,I",,,,,,,"  168","H,,S"
"UPM00033356","1987-08-16","50.217","31.8","128.0","YAHOTYN, UP","   27",",,I",,,,,,,,
"UPM00033356","1987-08-17","50.217","31.8","128.0","YAHOTYN, UP","    6",",,I",,,"  136",",,S",,,"  116","H,,S"
"UPM00033356","1987-08-18","50.217","31.8","128.0","YAHOTYN, UP","    0",",,I",,,"  185",",,S",,,"  112","H,,S"
"UPM00033356","1987-08-19","50.217","31.8","128.0","YAHOTYN, UP","    0",",,I",,,,,,,,
"UPM00033356","1987-08-20","50.217","31.8","128.0","YAHOTYN, UP","    0",",,I",,,,,,,,
"UPM00033356","1987-08-21","50.217","31.8","128.0","YAHOTYN, UP","    0",",,I",,,,,"  124",",,S","  159","H,,S"
"UPM00033356","1987-08-22","50.217","31.8","128.0","YAHOTYN, UP","    0",",,I",,,"  204",",,S",,,"  148","H,,S"
"UPM00033356","1987-08-23","50.217","31.8","128.0","YAHOTYN, UP","    0",",,I",,,,,,,"  163","H,,S"
"UPM00033356","1987-08-24","50.217","31.8","128.0","YAHOTYN, UP","    0",",,I",,,"  256",",,S",,,"  163","H,,S"
"UPM00033356","1987-08-25","50.217","31.8","128.0","YAHOTYN, UP","    0",",,I",,,,,,,,
"UPM00033356","1987-08-26","50.217","31.8","128.0","YAHOTYN, UP","    0",",,I",,,,,,,"  196","H,,S"
"UPM00033356","1987-08-27","50.217","31.8","128.0","YAHOTYN, UP","    0",",,I",,,,,,,,
"UPM00033356","1987-08-28","50.217","31.8","128.0","YAHOTYN, UP","    0",",,I",,,"  285",",,S",,,"  188","H,,S"
"UPM00033356","1987-08-29","50.217","31.8","128.0","YAHOTYN, UP","   66",",,I",,,"  197",",,S",,,"  153","H,,S"
"UPM00033356","1987-08-30","50.217","31.8","128.0","YAHOTYN, UP","    0",",,I",,,,,,,,
"UPM00033356","1987-08-31","50.217","31.8","128.0","YAHOTYN, UP","    3",",,I",,,,,"   59",",,S","  104","H,,S"
"UPM00033356","1987-09-01","50.217","31.8","128.0","YAHOTYN, UP","   25",",,I",,,,,"   99",",,S","  118","H,,S"
"UPM00033356","1987-09-02","50.217","31.8","128.0","YAHOTYN, UP","    0",",,I",,,,,,,,
"UPM00033356","1987-09-03","50.217","31.8","128.0","YAHOTYN, UP","    0",",,I",,,,,"   39",",,S","   92","H,,S"
"UPM00033356","1987-09-04","50.217","31.8","128.0","YAHOTYN, UP","    3",",,I",,,"  214",",,S","   79",",,S","  117","H,,S"
"UPM00033356","1987-09-05","50.217","31.8","128.0","YAHOTYN, UP","    0",",,I",,,,,,,,
"UPM00033356","1987-09-06","50.217","31.8","128.0","YAHOTYN, UP","    0",",,I",,,,,,,,
"UPM00033356","1987-09-07","50.217","31.8","128.0","YAHOTYN, UP","    0",",,I",,,,,"   53",",,S","  142","H,,S"
"UPM00033356","1987-09-08","50.217","31.8","128.0","YAHOTYN, UP","   20",",,I",,,"  218",",,S","  121",",,S","  164","H,,S"
"UPM00033356","1987-09-09","50.217","31.8","128.0","YAHOTYN, UP","   12",",,I",,,,,,,"  133","H,,S"
"UPM00033356","1987-09-10","50.217","31.8","128.0","YAHOTYN, UP","    0",",,I",,,,,,,"  122","H,,S"
"UPM00033356","1987-09-11","50.217","31.8","128.0","YAHOTYN, UP","    0",",,I",,,"  216",",,S","   54",",,S","  152","H,,S"
"UPM00033356","1987-09-12","50.217","31.8","128.0","YAHOTYN, UP","   87",",,I",,,"  186",",,S","  119",",,S","  137","H,,S"
"UPM00033356","1987-09-13","50.217","31.8","128.0","YAHOTYN, UP","   12",",,I",,,,,,,,
"UPM00033356","1987-09-14","50.217","31.8","128.0","YAHOTYN, UP","    0","T,,I",,,"  213",",,S",,,"  152","H,,S"
"UPM00033356","1987-09-15","50.217","31.8","128.0","YAHOTYN, UP","   13",",,I",,,"  187",",,S",,,"  148","H,,S"
"UPM00033356","1987-09-16","50.217","31.8","128.0","YAHOTYN, UP","    0",",,I",,,"  157",",,S",,,"  131","H,,S"
"UPM00033356","1987-09-17","50.217","31.8","128.0","YAHOTYN, UP","    0","T,,I",,,"  147",",,S","   74",",,S","  101","H,,S"
"UPM00033356","1987-09-18","50.217","31.8","128.0","YAHOTYN, UP","    0",",,I",,,,,,,,
"UPM00033356","1987-09-19","50.217","31.8","128.0","YAHOTYN, UP","    6",",,I",,,"  116",",,S","   41",",,S","   97","H,,S"
"UPM00033356","1987-09-20","50.217","31.8","128.0","YAHOTYN, UP","    0","T,,I",,,"  173",",,S","   69",",,S","  119","H,,S"
"UPM00033356","1987-09-21","50.217","31.8","128.0","YAHOTYN, UP","  182",",,I",,,,,"   74",",,S","   98","H,,S"
"UPM00033356","1987-09-22","50.217","31.8","128.0","YAHOTYN, UP","    0",",,I",,,"  122",",,S",,,"   83","H,,S"
"UPM00033356","1987-09-23","50.217","31.8","128.0","YAHOTYN, UP","    0",",,I",,,,,"   17",",,S","  118","H,,S"
"UPM00033356","1987-09-24","50.217","31.8","128.0","YAHOTYN, UP","    0",",,I",,,"  247",",,S","  109",",,S","  155","H,,S"
"UPM00033356","1987-09-25","50.217","31.8","128.0","YAHOTYN, UP","   76",",,I",,,"  152",",,S","  133",",,S","  144","H,,S"
"UPM00033356","1987-09-26","50.217","31.8","128.0","YAHOTYN, UP","    4",",,I",,,"  191",",,S","  119",",,S","  153","H,,S"
"UPM00033356","1987-09-27","50.217","31.8","128.0","YAHOTYN, UP","   57",",,I",,,"  193",",,S",,,"  149","H,,S"
"UPM00033356","1987-09-28","50.217","31.8","128.0","YAHOTYN, UP","   36",",,I",,,"  134",",,S",,,"   98","H,,S"
"UPM00033356","1987-09-29","50.217","31.8","128.0","YAHOTYN, UP","    0",",,I",,,,,"   39",",,S","   82","H,,S"
"UPM00033356","1987-09-30","50.217","31.8","128.0","YAHOTYN, UP","    0","T,,I",,,,,"   19",",,S","   89","H,,S"
"UPM00033356","1987-10-01","50.217","31.8","128.0","YAHOTYN, UP","    5",",,I",,,,,,,"   81","H,,S"
"UPM00033356","1987-10-02","50.217","31.8","128.0","YAHOTYN, UP","    0","T,,I",,,,,"   49",",,S","   79","H,,S"
"UPM00033356","1987-10-03","50.217","31.8","128.0","YAHOTYN, UP","    0",",,I",,,,,"   30",",,S","   84","H,,S"
"UPM00033356","1987-10-04","50.217","31.8","128.0","YAHOTYN, UP","    0",",,I",,,"  157",",,S",,,"  102","H,,S"
"UPM00033356","1987-10-05","50.217","31.8","128.0","YAHOTYN, UP","    0",",,I",,,,,"   25",",,S","   96","H,,S"
"UPM00033356","1987-10-06","50.217","31.8","128.0","YAHOTYN, UP","    0",",,I",,,,,"   25",",,S","   73","H,,S"
"UPM00033356","1987-10-07","50.217","31.8","128.0","YAHOTYN, UP","    0",",,I",,,,,"   20",",,S","   56","H,,S"
"UPM00033356","1987-10-08","50.217","31.8","128.0","YAHOTYN, UP","    0",",,I",,,,,,,,
"UPM00033356","1987-10-09","50.217","31.8","128.0","YAHOTYN, UP","    0",",,I",,,,,,,"  112","H,,S"
"UPM00033356","1987-10-10","50.217","31.8","128.0","YAHOTYN, UP","    0",",,I",,,"  163",",,S",,,"  104","H,,S"
"UPM00033356","1987-10-11","50.217","31.8","128.0","YAHOTYN, UP","    0",",,I",,,,,"   34",",,S","   85","H,,S"
"UPM00033356","1987-10-12","50.217","31.8","128.0","YAHOTYN, UP","    0",",,I",,,"  132",",,S","   45",",,S","   78","H,,S"
"UPM00033356","1987-10-13","50.217","31.8","128.0","YAHOTYN, UP","    0",",,I",,,,,,,"   72","H,,S"
"UPM00033356","1987-10-14","50.217","31.8","128.0","YAHOTYN, UP","    0","T,,I",,,,,,,"  106","H,,S"
"UPM00033356","1987-10-15","50.217","31.8","128.0","YAHOTYN, UP","    0",",,I",,,,,,,"   98","H,,S"
"UPM00033356","1987-10-16","50.217","31.8","128.0","YAHOTYN, UP","    0",",,I",,,"  140",",,S",,,"   93","H,,S"
"UPM00033356","1987-10-17","50.217","31.8","128.0","YAHOTYN, UP","    0",",,I",,,,,,,"   73","H,,S"
"UPM00033356","1987-10-18","50.217","31.8","128.0","YAHOTYN, UP","    0",",,I",,,"  148",",,S",,,"   97","H,,S"
"UPM00033356","1987-10-19","50.217","31.8","128.0","YAHOTYN, UP","    0",",,I",,,"  136",",,S",,,"   59","H,,S"
"UPM00033356","1987-10-20","50.217","31.8","128.0","YAHOTYN, UP","    0",",,I",,,"  155",",,S","   24",",,S","   72","H,,S"
"UPM00033356","1987-10-21","50.217","31.8","128.0","YAHOTYN, UP","    0",",,I",,,,,,,,
"UPM00033356","1987-10-22","50.217","31.8","128.0","YAHOTYN, UP","    0",",,I",,,,,"   -1",",,S","   66","H,,S"
"UPM00033356","1987-10-23","50.217","31.8","128.0","YAHOTYN, UP","    0",",,I",,,"  126",",,S","  -23",",,S","   13","H,,S"
"UPM00033356","1987-10-24","50.217","31.8","128.0","YAHOTYN, UP","    0",",,I",,,"  122",",,S","  -46",",,S","   17","H,,S"
"UPM00033356","1987-10-25","50.217","31.8","128.0","YAHOTYN, UP","    0",",,I",,,"   46",",,S","  -21",",,S","   14","H,,S"
"UPM00033356","1987-10-26","50.217","31.8","128.0","YAHOTYN, UP","    0",",,I",,,,,,,"   11","H,,S"
"UPM00033356","1987-10-27","50.217","31.8","128.0","YAHOTYN, UP","    0",",,I",,,,,,,"  -22","H,,S"
"UPM00033356","1987-10-28","50.217","31.8","128.0","YAHOTYN, UP","    0",",,I",,,"   36",",,S","  -68",",,S","  -18","H,,S"
"UPM00033356","1987-10-29","50.217","31.8","128.0","YAHOTYN, UP","    0",",,I",,,"   53",",,S","  -58",",,S","    2","H,,S"
"UPM00033356","1987-10-30","50.217","31.8","128.0","YAHOTYN, UP","    0","T,,I",,,,,,,,
"UPM00033356","1987-10-31","50.217","31.8","128.0","YAHOTYN, UP","    0",",,I",,,,,"    4",",,S","   19","H,,S"
"UPM00033356","1987-11-01","50.217","31.8","128.0","YAHOTYN, UP","    0","T,,I",,,"   53",",,S",,,"    4","H,,S"
"UPM00033356","1987-11-02","50.217","31.8","128.0","YAHOTYN, UP","    0",",,I",,,"   67",",,S","  -74",",,S","  -21","H,,S"
"UPM00033356","1987-11-03","50.217","31.8","128.0","YAHOTYN, UP","    0",",,I",,,"   58",",,S",,,"  -29","H,,S"
"UPM00033356","1987-11-04","50.217","31.8","128.0","YAHOTYN, UP","    8",",,I",,,"   27",",,S","  -13",",,S","    2","H,,S"
"UPM00033356","1987-11-05","50.217","31.8","128.0","YAHOTYN, UP","   41",",,I",,,,,,,"   -7","H,,S"
"UPM00033356","1987-11-06","50.217","31.8","128.0","YAHOTYN, UP","   19",",,I",,,,,"   13",",,S","   41","H,,S"
"UPM00033356","1987-11-07","50.217","31.8","128.0","YAHOTYN, UP","   19",",,I",,,,,,,"   41","H,,S"
"UPM00033356","1987-11-08","50.217","31.8","128.0","YAHOTYN, UP","    0","T,,I",,,"   46",",,S","  -44",",,S","   13","H,,S"
"UPM00033356","1987-11-09","50.217","31.8","128.0","YAHOTYN, UP","    3",",,I",,,,,,,"    7","H,,S"
"UPM00033356","1987-11-10","50.217","31.8","128.0","YAHOTYN, UP","    0",",,I",,,,,,,,
"UPM00033356","1987-11-11","50.217","31.8","128.0","YAHOTYN, UP","    0",",,I",,,,,,,,
"UPM00033356","1987-11-12","50.217","31.8","128.0","YAHOTYN, UP","   41",",,I",,,,,,,"    1","H,,S"
"UPM00033356","1987-11-13","50.217","31.8","128.0","YAHOTYN, UP","    0",",,I",,,,,"   -4",",,S","    9","H,,S"
"UPM00033356","1987-11-14","50.217","31.8","128.0","YAHOTYN, UP","    0",",,I",,,"   82",",,S","    9",",,S","   42","H,,S"
"UPM00033356","1987-11-15","50.217","31.8","128.0","YAHOTYN, UP","   12",",,I",,,,,,,"   61","H,,S"
"UPM00033356","1987-11-16","50.217","31.8","128.0","YAHOTYN, UP","   56",",,I",,,"   54",",,S",,,"   36","H,,S"
"UPM00033356","1987-11-17","50.217","31.8","128.0","YAHOTYN, UP","    0",",,I",,,"   35",",,S","    7",",,S","   24","H,,S"
"UPM00033356","1987-11-18","50.217","31.8","128.0","YAHOTYN, UP","    0",",,I",,,,,,,,
"UPM00033356","1987-11-19","50.217","31.8","128.0","YAHOTYN, UP","    9",",,I",,,"   72",",,S","   36",",,S","   45","H,,S"
"UPM00033356","1987-11-20","50.217","31.8","128.0","YAHOTYN, UP","    0","T,,I",,,,,,,"   24","H,,S"
"UPM00033356","1987-11-21","50.217","31.8","128.0","YAHOTYN, UP","    0",",,I",,,,,,,,
"UPM00033356","1987-11-22","50.217","31.8","128.0","YAHOTYN, UP","    0","T,,I",,,"  -11",",,S",,,"  -19","H,,S"
"UPM00033356","1987-11-23","50.217","31.8","128.0","YAHOTYN, UP","  223",",,I",,,"    8",",,S",,,"    2","H,,S"
"UPM00033356","1987-11-24","50.217","31.8","128.0","YAHOTYN, UP","    0",",,I","   20",",,S",,,"   -7",",,S","    9","H,,S"
"UPM00033356","1987-11-25","50.217","31.8","128.0","YAHOTYN, UP","    0","T,,I",,,"  102",",,S",,,"   52","H,,S"
"UPM00033356","1987-11-26","50.217","31.8","128.0","YAHOTYN, UP","    0",",,I",,,,,,,"   29","H,,S"
"UPM00033356","1987-11-27","50.217","31.8","128.0","YAHOTYN, UP","    0",",,I",,,"   14",",,S",,,"    5","H,,S"
"UPM00033356","1987-11-28","50.217","31.8","128.0","YAHOTYN, UP","   63",",,I",,,,,,,"   -2","H,,S"
"UPM00033356","1987-11-29","50.217","31.8","128.0","YAHOTYN, UP","    4",",,I",,,,,"   -9",",,S","   -2","H,,S"
"UPM00033356","1987-11-30","50.217","31.8","128.0","YAHOTYN, UP","    0",",,I",,,,,,,,
"UPM00033356","1987-12-01","50.217","31.8","128.0","YAHOTYN, UP","    0",",,I",,,"    3",",,S",,,"   -7","H,,S"
"UPM00033356","1987-12-02","50.217","31.8","128.0","YAHOTYN, UP","   36",",,I",,,,,,,"   -8","H,,S"
"UPM00033356","1987-12-03","50.217","31.8","128.0","YAHOTYN, UP","    5",",,I","   20",",,S",,,,,"  -21","H,,S"
"UPM00033356","1987-12-04","50.217","31.8","128.0","YAHOTYN, UP","    0",",,I","   20",",,S",,,,,"  -16","H,,S"
"UPM00033356","1987-12-05","50.217","31.8","128.0","YAHOTYN, UP","    0",",,I","   20",",,S",,," -138",",,S","  -99","H,,S"
"UPM00033356","1987-12-06","50.217","31.8","128.0","YAHOTYN, UP","    0",",,I",,,"  -36",",,S",,,"  -80","H,,S"
"UPM00033356","1987-12-07","50.217","31.8","128.0","YAHOTYN, UP","   24",",,I","   20",",,S","    4",",,S",,,"  -22","H,,S"
"UPM00033356","1987-12-08","50.217","31.8","128.0","YAHOTYN, UP","    4",",,I","   51",",,S",,,,,"  -32","H,,S"
"UPM00033356","1987-12-09","50.217","31.8","128.0","YAHOTYN, UP","    0",",,I",,,"  -50",",,S",,,"  -73","H,,S"
"UPM00033356","1987-12-10","50.217","31.8","128.0","YAHOTYN, UP","    0","T,,I",,,,,,,"  -37","H,,S"
"UPM00033356","1987-12-11","50.217","31.8","128.0","YAHOTYN, UP","    2",",,I",,,,,,,,
"UPM00033356","1987-12-12","50.217","31.8","128.0","YAHOTYN, UP","   12",",,I","   51",",,S","  -39",",,S",,,"  -66","H,,S"
"UPM00033356","1987-12-13","50.217","31.8","128.0","YAHOTYN, UP","   17",",,I",,,,,,,"  -49","H,,S"
"UPM00033356","1987-12-14","50.217","31.8","128.0","YAHOTYN, UP","    0","T,,I","   51",",,S",,,,,"  -27","H,,S"
"UPM00033356","1987-12-15","50.217","31.8","128.0","YAHOTYN, UP","    0",",,I","   51",",,S","   -1",",,S",,,"  -34","H,,S"
"UPM00033356","1987-12-16","50.217","31.8","128.0","YAHOTYN, UP","    0",",,I",,,,,,,"  -77","H,,S"
"UPM00033356","1987-12-17","50.217","31.8","128.0","YAHOTYN, UP","    0","T,,I","   51",",,S",,," -101",",,S","  -49","H,,S"
"UPM00033356","1987-12-18","50.217","31.8","128.0","YAHOTYN, UP","    0",",,I",,,,,,,"  -53","H,,S"
"UPM00033356","1987-12-19","50.217","31.8","128.0","YAHOTYN, UP","   61",",,I",,,"   13",",,S",,,"  -12","H,,S"
"UPM00033356","1987-12-20","50.217","31.8","128.0","YAHOTYN, UP","   29",",,I",,,,,,,,
"UPM00033356","1987-12-21","50.217","31.8","128.0","YAHOTYN, UP","    4",",,I","   30",",,S","   -5",",,S",,,"   -8","H,,S"
"UPM00033356","1987-12-22","50.217","31.8","128.0","YAHOTYN, UP","    0","T,,I","   30",",,S","    5",",,S",,,"  -21","H,,S"
"UPM00033356","1987-12-23","50.217","31.8","128.0","YAHOTYN, UP","    0","T,,I","   30",",,S",,," -146",",,S"," -132","H,,S"
"UPM00033356","1987-12-24","50.217","31.8","128.0","YAHOTYN, UP","    0",",,I","   30",",,S",,," -146",",,S"," -122","H,,S"
"UPM00033356","1987-12-25","50.217","31.8","128.0","YAHOTYN, UP","    0",",,I","   30",",,S","  -41",",,S"," -152",",,S"," -110","H,,S"
"UPM00033356","1987-12-26","50.217","31.8","128.0","YAHOTYN, UP","    0",",,I",,,,,,,"  -89","H,,S"
"UPM00033356","1987-12-27","50.217","31.8","128.0","YAHOTYN, UP","    2",",,I","   30",",,S",,,"  -72",",,S","  -31","H,,S"
"UPM00033356","1987-12-28","50.217","31.8","128.0","YAHOTYN, UP","   37",",,I","   20",",,S","   30",",,S","   -8",",,S","   22","H,,S"
"UPM00033356","1987-12-29","50.217","31.8","128.0","YAHOTYN, UP","   17",",,I",,,,,,,"  -19","H,,S"
"UPM00033356","1987-12-30","50.217","31.8","128.0","YAHOTYN, UP","   83",",,I",,,,,,,,
"UPM00033356","1987-12-31","50.217","31.8","128.0","YAHOTYN, UP","    3",",,I",,,,,,,"   12","H,,S"
"UPM00033356","1988-01-01","50.217","31.8","128.0","YAHOTYN, UP","    0",",,I",,,,,"  -61",",,S","  -43","H,,S"
"UPM00033356","1988-01-02","50.217","31.8","128.0","YAHOTYN, UP","    0",",,I",,,"   36",",,S",,,"    4","H,,S"
"UPM00033356","1988-01-03","50.217","31.8","128.0","YAHOTYN, UP","    0",",,I",,,,,,,"    6","H,,S"
"UPM00033356","1988-01-04","50.217","31.8","128.0","YAHOTYN, UP","    0",",,I",,,,,,,"   -9","H,,S"
"UPM00033356","1988-01-05","50.217","31.8","128.0","YAHOTYN, UP","    0",",,I",,,"    0",",,S",,,"  -21","H,,S"
"UPM00033356","1988-01-06","50.217","31.8","128.0","YAHOTYN, UP","   17",",,I",,,,,,,,
"UPM00033356","1988-01-07","50.217","31.8","128.0","YAHOTYN, UP","    0",",,I",,,,,"   -6",",,S","    4","H,,S"
"UPM00033356","1988-01-08","50.217","31.8","128.0","YAHOTYN, UP","    0",",,I",,,"   25",",,S","   -7",",,S","   14","H,,S"
"UPM00033356","1988-01-09","50.217","31.8","128.0","YAHOTYN, UP","   17",",,I",,,,,,,"   11","H,,S"
"UPM00033356","1988-01-10","50.217","31.8","128.0","YAHOTYN, UP","    0",",,I",,,,,,,"    3","H,,S"
"UPM00033356","1988-01-11","50.217","31.8","128.0","YAHOTYN, UP","    0",",,I",,,"   -2",",,S",,,"   -8","H,,S"
"UPM00033356","1988-01-12","50.217","31.8","128.0","YAHOTYN, UP","    6",",,I",,,,,,,"  -26","H,,S"
"UPM00033356","1988-01-13","50.217","31.8","128.0","YAHOTYN, UP","   36",",,I",,,,,,,,
"UPM00033356","1988-01-14","50.217","31.8","128.0","YAHOTYN, UP","    0",",,I","   30",",,S","    5",",,S","  -25",",,S","  -11","H,,S"
"UPM00033356","1988-01-15","50.217","31.8","128.0","YAHOTYN, UP","    0",",,I","   30",",,S","  -14",",,S",,,"  -58","H,,S"
"UPM00033356","1988-01-16","50.217","31.8","128.0","YAHOTYN, UP","    0",",,I","   30",",,S",,," -116",",,S","  -77","H,,S"
"UPM00033356","1988-01-17","50.217","31.8","128.0","YAHOTYN, UP","    0",",,I",,,,,,,"  -74","H,,S"
"UPM00033356","1988-01-18","50.217","31.8","128.0","YAHOTYN, UP","   21",",,I","   30",",,S","   -4",",,S","  -36",",,S","  -16","H,,S"
"UPM00033356","1988-01-19","50.217","31.8","128.0","YAHOTYN, UP","   16",",,I","   61",",,S",,,,,"  -20","H,,S"
"UPM00033356","1988-01-20","50.217","31.8","128.0","YAHOTYN, UP","    0","T,,I","   61",",,S","  -25",",,S","  -49",",,S","  -42","H,,S"
"UPM00033356","1988-01-21","50.217","31.8","128.0","YAHOTYN, UP","    0","T,,I","   61",",,S","  -17",",,S",,,"  -41","H,,S"
"UPM00033356","1988-01-22","50.217","31.8","128.0","YAHOTYN, UP","    0","T,,I","   61",",,S",,,,,"  -77","H,,S"
"UPM00033356","1988-01-23","50.217","31.8","128.0","YAHOTYN, UP","    0","T,,I","   61",",,S"," -106",",,S"," -146",",,S"," -129","H,,S"
"UPM00033356","1988-01-24","50.217","31.8","128.0","YAHOTYN, UP","    0",",,I","   61",",,S"," -110",",,S"," -169",",,S"," -137","H,,S"
"UPM00033356","1988-01-25","50.217","31.8","128.0","YAHOTYN, UP","    0",",,I",,,,,,,,
"UPM00033356","1988-01-26","50.217","31.8","128.0","YAHOTYN, UP","    0",",,I","   61",",,S",,," -234",",,S"," -192","H,,S"
"UPM00033356","1988-01-27","50.217","31.8","128.0","YAHOTYN, UP","    0",",,I",,," -146",",,S"," -230",",,S"," -210","H,,S"
"UPM00033356","1988-01-28","50.217","31.8","128.0","YAHOTYN, UP","    0",",,I","   61",",,S",,," -209",",,S"," -184","H,,S"
"UPM00033356","1988-01-29","50.217","31.8","128.0","YAHOTYN, UP","    0",",,I","   61",",,S"," -145",",,S"," -223",",,S"," -198","H,,S"
"UPM00033356","1988-01-30","50.217","31.8","128.0","YAHOTYN, UP","    0",",,I",,,,,,,,
"UPM00033356","1988-01-31","50.217","31.8","128.0","YAHOTYN, UP","    0",",,I",,,,,,,,
"UPM00033356","1988-02-01","50.217","31.8","128.0","YAHOTYN, UP","    0",",,I",,,,,,,,
"UPM00033356","1988-02-02","50.217","31.8","128.0","YAHOTYN, UP","    0",",,I",,,,,,,,
"UPM00033356","1988-02-03","50.217","31.8","128.0","YAHOTYN, UP","    2",",,I",,,,,,," -109","H,,S"
"UPM00033356","1988-02-04","50.217","31.8","128.0","YAHOTYN, UP","    6",",,I",,,,,,,,
"UPM00033356","1988-02-05","50.217","31.8","128.0","YAHOTYN, UP","    0",",,I","   71",",,S",,,,,"   -9","H,,S"
"UPM00033356","1988-02-06","50.217","31.8","128.0","YAHOTYN, UP","    0",",,I","   61",",,S",,,,,"    8","H,,S"
"UPM00033356","1988-02-07","50.217","31.8","128.0","YAHOTYN, UP","    0","T,,I",,,"   15",",,S",,,"    9","H,,S"
"UPM00033356","1988-02-08","50.217","31.8","128.0","YAHOTYN, UP","    7",",,I",,,,,,,"   19","H,,S"
"UPM00033356","1988-02-09","50.217","31.8","128.0","YAHOTYN, UP","    1",",,I",,,"   29",",,S","   13",",,S","   23","H,,S"
"UPM00033356","1988-02-10","50.217","31.8","128.0","YAHOTYN, UP","   50",",,I",,,,,,,,
"UPM00033356","1988-02-11","50.217","31.8","128.0","YAHOTYN, UP","   93",",,I",,,,,,,"    6","H,,S"
"UPM00033356","1988-02-12","50.217","31.8","128.0","YAHOTYN, UP","   23",",,I",,,,,,,,
"UPM00033356","1988-02-13","50.217","31.8","128.0","YAHOTYN, UP","    0",",,I",,,,,,,"   21","H,,S"
"UPM00033356","1988-02-14","50.217","31.8","128.0","YAHOTYN, UP","    0","T,,I",,,,,,,"  -43","H,,S"
"UPM00033356","1988-02-15","50.217","31.8","128.0","YAHOTYN, UP","    0",",,I","   10",",,S","  -45",",,S",,,"  -65","H,,S"
"UPM00033356","1988-02-16","50.217","31.8","128.0","YAHOTYN, UP","    0","T,,I","   10",",,S","  -16",",,S","  -81",",,S","  -42","H,,S"
"UPM00033356","1988-02-17","50.217","31.8","128.0","YAHOTYN, UP","    0",",,I","   10",",,S","   14",",,S","  -43",",,S","  -15","H,,S"
"UPM00033356","1988-02-18","50.217","31.8","128.0","YAHOTYN, UP","    0","T,,I","   10",",,S",,,"  -37",",,S","  -24","H,,S"
"UPM00033356","1988-02-19","50.217","31.8","128.0","YAHOTYN, UP","    6",",,I",,,"   33",",,S","  -13",",,S","    0","H,,S"
"UPM00033356","1988-02-20","50.217","31.8","128.0","YAHOTYN, UP","    9",",,I",,,,,,,"  -17","H,,S"
"UPM00033356","1988-02-21","50.217","31.8","128.0","YAHOTYN, UP","   46",",,I",,,,,,," -101","H,,S"
"UPM00033356","1988-02-22","50.217","31.8","128.0","YAHOTYN, UP","    3",",,I",,,,,,,,
"UPM00033356","1988-02-23","50.217","31.8","128.0","YAHOTYN, UP","    0","T,,I","   30",",,S","  -32",",,S","  -91",",,S","  -60","H,,S"
"UPM00033356","1988-02-24","50.217","31.8","128.0","YAHOTYN, UP","    0","T,,I",,,"  -22",",,S",,,"  -52","H,,S"
"UPM00033356","1988-02-25","50.217","31.8","128.0","YAHOTYN, UP","    0",",,I",,,"  -16",",,S",,,"  -52","H,,S"
"UPM00033356","1988-02-26","50.217","31.8","128.0","YAHOTYN, UP","    0",",,I"," 2639",",G,S","    4",",,S",,,"  -58","H,,S"
"UPM00033356","1988-02-27","50.217","31.8","128.0","YAHOTYN, UP","    0","T,,I",,,,,,,"  -69","H,,S"
"UPM00033356","1988-02-28","50.217","31.8","128.0","YAHOTYN, UP","    1",",,I","   20",",,S","  -53",",,S"," -116",",,S","  -73","H,,S"
"UPM00033356","1988-02-29","50.217","31.8","128.0","YAHOTYN, UP","   23",",,I","   51",",,S",,,,,"  -37","H,,S"
"UPM00033356","1988-03-01","50.217","31.8","128.0","YAHOTYN, UP","    0",",,I","   51",",,S","   34",",,S","  -61",",,S","   -8","H,,S"
"UPM00033356","1988-03-02","50.217","31.8","128.0","YAHOTYN, UP","   64",",,I",,,,,,,"   16","H,,S"
"UPM00033356","1988-03-03","50.217","31.8","128.0","YAHOTYN, UP","   29",",,I",,,,,,,"  -12","H,,S"
"UPM00033356","1988-03-04","50.217","31.8","128.0","YAHOTYN, UP","   14",",,I",,,"   -4",",,S",,,"  -12","H,,S"
"UPM00033356","1988-03-05","50.217","31.8","128.0","YAHOTYN, UP","    2",",,I",,,,,,,"   -8","H,,S"
"UPM00033356","1988-03-06","50.217","31.8","128.0","YAHOTYN, UP","    0",",,I",,,,,,,"   -1","H,,S"
"UPM00033356","1988-03-07","50.217","31.8","128.0","YAHOTYN, UP","   18",",,I",,,"   17",",,S",,,"    3","H,,S"
"UPM00033356","1988-03-08","50.217","31.8","128.0","YAHOTYN, UP","    1",",,I",,,,,,,"   -1","H,,S"
"UPM00033356","1988-03-09","50.217","31.8","128.0","YAHOTYN, UP","    0",",,I",,,"   14",",,S","  -16",",,S","    1","H,,S"
"UPM00033356","1988-03-10","50.217","31.8","128.0","YAHOTYN, UP","    0",",,I",,,"   -5",",,S",,,"  -11","H,,S"
"UPM00033356","1988-03-11","50.217","31.8","128.0","YAHOTYN, UP","    0","T,,I",,,,,,,"  -23","H,,S"
"UPM00033356","1988-03-12","50.217","31.8","128.0","YAHOTYN, UP","    0","T,,I",,,,,,,,
"UPM00033356","1988-03-13","50.217","31.8","128.0","YAHOTYN, UP","   73",",,I",,,"    6",",,S",,,"  -10","H,,S"
"UPM00033356","1988-03-14","50.217","31.8","128.0","YAHOTYN, UP","   14",",,I",,,"   15",",,S",,,"  -28","H,,S"
"UPM00033356","1988-03-15","50.217","31.8","128.0","YAHOTYN, UP","    3",",,I",,,"   17",",,S",,,"   -9","H,,S"
"UPM00033356","1988-03-16","50.217","31.8","128.0","YAHOTYN, UP","    4",",,I",,,"   41",",,S",,,"    5","H,,S"
"UPM00033356","1988-03-17","50.217","31.8","128.0","YAHOTYN, UP","    0",",,I",,,,,"   30",",,S","   43","H,,S"
"UPM00033356","1988-03-18","50.217","31.8","128.0","YAHOTYN, UP","   32",",,I",,,,,,,,
"UPM00033356","1988-03-19","50.217","31.8","128.0","YAHOTYN, UP","    5",",,I",,,"   37",",,S",,,"    2","H,,S"
"UPM00033356","1988-03-20","50.217","31.8","128.0","YAHOTYN, UP","    0",",,I",,,"   31",",,S",,,"   -6","H,,S"
"UPM00033356","1988-03-21","50.217","31.8","128.0","YAHOTYN, UP","    0",",,I",,,"   47",",,S",,,"   -3","H,,S"
"UPM00033356","1988-03-22","50.217","31.8","128.0","YAHOTYN, UP","    0",",,I",,,"   57",",,S","    1",",,S","   17","H,,S"
"UPM00033356","1988-03-23","50.217","31.8","128.0","YAHOTYN, UP","    0",",,I",,,,,,,,
"UPM00033356","1988-03-24","50.217","31.8","128.0","YAHOTYN, UP","   14",",,I",,,"   60",",,S",,,"   41","H,,S"
"UPM00033356","1988-03-25","50.217","31.8","128.0","YAHOTYN, UP","   61",",,I",,,"   62",",,S","   34",",,S","   44","H,,S"
"UPM00033356","1988-03-26","50.217","31.8","128.0","YAHOTYN, UP","   96",",,I",,,"   63",",,S",,,"   47","H,,S"
"UPM00033356","1988-03-27","50.217","31.8","128.0","YAHOTYN, UP","   70",",,I",,,,,,,"   44","H,,S"
"UPM00033356","1988-03-28","50.217","31.8","128.0","YAHOTYN, UP","    3",",,I",,,,,,,,
"UPM00033356","1988-03-29","50.217","31.8","128.0","YAHOTYN, UP","    0",",,I",,,"  122",",,S",,,"   53","H,,S"
"UPM00033356","1988-03-30","50.217","31.8","128.0","YAHOTYN, UP","    0",",,I",,,"  123",",,S",,,"   68","H,,S"
"UPM00033356","1988-03-31","50.217","31.8","128.0","YAHOTYN, UP","    0",",,I",,,"  117",",,S","   15",",,S","   63","H,,S"
"UPM00033356","1988-04-01","50.217","31.8","128.0","YAHOTYN, UP","    0",",,I",,,"  121",",,S",,,"   80","H,,S"
"UPM00033356","1988-04-02","50.217","31.8","128.0","YAHOTYN, UP","    9",",,I",,,,,"   62",",,S","   76","H,,S"
"UPM00033356","1988-04-03","50.217","31.8","128.0","YAHOTYN, UP","   65",",,I",,,"   60",",,S",,,"   49","H,,S"
"UPM00033356","1988-04-04","50.217","31.8","128.0","YAHOTYN, UP","    1",",,I",,,"   86",",,S",,,"   59","H,,S"
"UPM00033356","1988-04-05","50.217","31.8","128.0","YAHOTYN, UP","   34",",,I",,,"  100",",,S",,,"   79","H,,S"
"UPM00033356","1988-04-06","50.217","31.8","128.0","YAHOTYN, UP","    0",",,I",,,"   97",",,S","   32",",,S","   72","H,,S"
"UPM00033356","1988-04-07","50.217","31.8","128.0","YAHOTYN, UP","    0",",,I",,,"  149",",,S",,,"   78","H,,S"
"UPM00033356","1988-04-08","50.217","31.8","128.0","YAHOTYN, UP","    0",",,I",,,"  158",",,S","   33",",,S","  101","H,,S"
"UPM00033356","1988-04-09","50.217","31.8","128.0","YAHOTYN, UP","   20",",,I",,,,,"   65",",,S","   93","H,,S"
"UPM00033356","1988-04-10","50.217","31.8","128.0","YAHOTYN, UP","  138",",,I",,,"   94",",,S",,,"   50","H,,S"
"UPM00033356","1988-04-11","50.217","31.8","128.0","YAHOTYN, UP","   12",",,I",,,,,,,,
"UPM00033356","1988-04-12","50.217","31.8","128.0","YAHOTYN, UP","    0",",,I",,,"  137",",,S","   54",",,S","   84","H,,S"
"UPM00033356","1988-04-13","50.217","31.8","128.0","YAHOTYN, UP","    0",",,I",,,"  167",",,S","   54",",,S","   87","H,,S"
"UPM00033356","1988-04-14","50.217","31.8","128.0","YAHOTYN, UP","    0",",,I",,,"  185",",,S",,,"  108","H,,S"
"UPM00033356","1988-04-15","50.217","31.8","128.0","YAHOTYN, UP","    0","T,,I",,,"   44",",,S","   13",",,S","   28","H,,S"
"UPM00033356","1988-04-16","50.217","31.8","128.0","YAHOTYN, UP","    0",",,I",,,,,,,,
"UPM00033356","1988-04-17","50.217","31.8","128.0","YAHOTYN, UP","    4",",,I",,,"  135",",,S",,,"   85","H,,S"
"UPM00033356","1988-04-18","50.217","31.8","128.0","YAHOTYN, UP","    3",",,I",,,,,,,,
"UPM00033356","1988-04-19","50.217","31.8","128.0","YAHOTYN, UP","    0","T,,I",,,,,,,,
"UPM00033356","1988-04-20","50.217","31.8","128.0","YAHOTYN, UP","    0",",,I",,,"  217",",,S",,,"  160","H,,S"
"UPM00033356","1988-04-21","50.217","31.8","128.0","YAHOTYN, UP","    0",",,I",,,"  220",",,S",,,"  147","H,,S"
"UPM00033356","1988-04-22","50.217","31.8","128.0","YAHOTYN, UP","    0","T,,I",,,"  209",",,S",,,"  161","H,,S"
"UPM00033356","1988-04-23","50.217","31.8","128.0","YAHOTYN, UP","    0","T,,I",,,,,"   53",",,S","  111","H,,S"
"UPM00033356","1988-04-24","50.217","31.8","128.0","YAHOTYN, UP","   53",",,I",,,,,"   15",",,S","   38","H,,S"
"UPM00033356","1988-04-25","50.217","31.8","128.0","YAHOTYN, UP","    0",",,I",,,"   80",",,S",,,"   28","H,,S"
"UPM00033356","1988-04-26","50.217","31.8","128.0","YAHOTYN, UP","    0",",,I",,,"  135",",,S",,,"   76","H,,S"
"UPM00033356","1988-04-27","50.217","31.8","128.0","YAHOTYN, UP","    0",",,I",,,"  118",",,S",,,"   54","H,,S"
"UPM00033356","1988-04-28","50.217","31.8","128.0","YAHOTYN, UP","    0",",,I",,,"   72",",,S",,,"   47","H,,S"
"UPM00033356","1988-04-29","50.217","31.8","128.0","YAHOTYN, UP","    0",",,I",,,"  103",",,S","    8",",,S","   61","H,,S"
"UPM00033356","1988-04-30","50.217","31.8","128.0","YAHOTYN, UP","    0",",,I",,,"  138",",,S","  -21",",,S","   66","H,,S"
"UPM00033356","1988-05-01","50.217","31.8","128.0","YAHOTYN, UP","    0",",,I",,,"  168",",,S","   -4",",,S","   71","H,,S"
"UPM00033356","1988-05-02","50.217","31.8","128.0","YAHOTYN, UP","    0",",,I",,,,,"   38",",,S","  121","H,,S"
"UPM00033356","1988-05-03","50.217","31.8","128.0","YAHOTYN, UP","    0",",,I",,,"  218",",,S","   59",",,S","  139","H,,S"
"UPM00033356","1988-05-04","50.217","31.8","128.0","YAHOTYN, UP","    0",",,I",,,"  223",",,S",,,"  135","H,,S"
"UPM00033356","1988-05-05","50.217","31.8","128.0","YAHOTYN, UP","    0",",,I",,,,,,,"  173","H,,S"
"UPM00033356","1988-05-06","50.217","31.8","128.0","YAHOTYN, UP","  213",",,I",,,"  116",",,S","   95",",,S","  106","H,,S"
"UPM00033356","1988-05-07","50.217","31.8","128.0","YAHOTYN, UP","    0","T,,I",,,,,,,,
"UPM00033356","1988-05-08","50.217","31.8","128.0","YAHOTYN, UP","   95",",,I",,,"  132",",,S",,,"  116","H,,S"
"UPM00033356","1988-05-09","50.217","31.8","128.0","YAHOTYN, UP","    0","T,,I",,,"  102",",,S",,,"   75","H,,S"
"UPM00033356","1988-05-10","50.217","31.8","128.0","YAHOTYN, UP","   64",",,I",,,"   57",",,S","   34",",,S","   48","H,,S"
"UPM00033356","1988-05-11","50.217","31.8","128.0","YAHOTYN, UP","   24",",,I",,,,,,,,
"UPM00033356","1988-05-12","50.217","31.8","128.0","YAHOTYN, UP","   16",",,I",,,"  142",",,S",,,"  104","H,,S"
"UPM00033356","1988-05-13","50.217","31.8","128.0","YAHOTYN, UP","    0",",,I",,,"  184",",,S",,,"  122","H,,S"
"UPM00033356","1988-05-14","50.217","31.8","128.0","YAHOTYN, UP","    0","T,,I",,,,,,,,
"UPM00033356","1988-05-15","50.217","31.8","128.0","YAHOTYN, UP","    0",",,I",,,"  215",",,S",,,"  123","H,,S"
"UPM00033356","1988-05-16","50.217","31.8","128.0","YAHOTYN, UP","    0",",,I",,,,,"   95",",,S","  148","H,,S"
"UPM00033356","1988-05-17","50.217","31.8","128.0","YAHOTYN, UP","   34",",,I",,,"  193",",,S","   93",",,S","  128","H,,S"
"UPM00033356","1988-05-18","50.217","31.8","128.0","YAHOTYN, UP","   32",",,I",,,"  187",",,S",,,"  153","H,,S"
"UPM00033356","1988-05-19","50.217","31.8","128.0","YAHOTYN, UP","    0",",,I",,,,,"   85",",,S","  151","H,,S"
"UPM00033356","1988-05-20","50.217","31.8","128.0","YAHOTYN, UP","    0","T,,I",,,"  212",",,S",,,"  160","H,,S"
"UPM00033356","1988-05-21","50.217","31.8","128.0","YAHOTYN, UP","    0",",,I",,,,,"  116",",,S","  185","H,,S"
"UPM00033356","1988-05-22","50.217","31.8","128.0","YAHOTYN, UP","   16",",,I",,,,,"  131",",,S","  181","H,,S"
"UPM00033356","1988-05-23","50.217","31.8","128.0","YAHOTYN, UP","    3",",,I",,,"  173",",,S",,,"  146","H,,S"
"UPM00033356","1988-05-24","50.217","31.8","128.0","YAHOTYN, UP","   50",",,I",,,,,,,"  172","H,,S"
"UPM00033356","1988-05-25","50.217","31.8","128.0","YAHOTYN, UP","    0",",,I",,,"  189",",,S",,,"  157","H,,S"
"UPM00033356","1988-05-26","50.217","31.8","128.0","YAHOTYN, UP","    9",",,I",,,"  254",",,S",,,"  181","H,,S"
"UPM00033356","1988-05-27","50.217","31.8","128.0","YAHOTYN, UP","   30",",,I",,,,,,,"  179","H,,S"
"UPM00033356","1988-05-28","50.217","31.8","128.0","YAHOTYN, UP","    0",",,I",,,"  240",",,S","  109",",,S","  198","H,,S"
"UPM00033356","1988-05-29","50.217","31.8","128.0","YAHOTYN, UP","    0",",,I",,,,,"  125",",,S","  216","H,,S"
"UPM00033356","1988-05-30","50.217","31.8","128.0","YAHOTYN, UP","    0",",,I",,,,,,,"  188","H,,S"
"UPM00033356","1988-05-31","50.217","31.8","128.0","YAHOTYN, UP","    0",",,I",,,"  260",",,S",,,"  200","H,,S"
"UPM00033356","1988-06-01","50.217","31.8","128.0","YAHOTYN, UP","   42",",,I",,,,,,,"  175","H,,S"
"UPM00033356","1988-06-02","50.217","31.8","128.0","YAHOTYN, UP","    0","T,,I",,,,,,,"  197","H,,S"
"UPM00033356","1988-06-03","50.217","31.8","128.0","YAHOTYN, UP","    0","T,,I",,,"  234",",,S","  139",",,S","  182","H,,S"
"UPM00033356","1988-06-04","50.217","31.8","128.0","YAHOTYN, UP","  155",",,I",,,"  209",",,S",,,"  173","H,,S"
"UPM00033356","1988-06-05","50.217","31.8","128.0","YAHOTYN, UP","    0","T,,I",,,"  207",",,S",,,"  181","H,,S"
"UPM00033356","1988-06-06","50.217","31.8","128.0","YAHOTYN, UP","   30",",,I",,,"  217",",,S",,,"  165","H,,S"
"UPM00033356","1988-06-07","50.217","31.8","128.0","YAHOTYN, UP","   51",",,I",,,"  228",",,S",,,"  173","H,,S"
"UPM00033356","1988-06-08","50.217","31.8","128.0","YAHOTYN, UP","  107",",,I",,,,,,,,
"UPM00033356","1988-06-09","50.217","31.8","128.0","YAHOTYN, UP","    0",",,I",,,,,,,"  204","H,,S"
"UPM00033356","1988-06-10","50.217","31.8","128.0","YAHOTYN, UP","    0",",,I",,,,,"  161",",,S","  202","H,,S"
"UPM00033356","1988-06-11","50.217","31.8","128.0","YAHOTYN, UP","    0","T,,I",,,"  260",",,S",,,"  185","H,,S"
"UPM00033356","1988-06-12","50.217","31.8","128.0","YAHOTYN, UP","    0","T,,I",,,"  226",",,S","  149",",,S","  195","H,,S"
"UPM00033356","1988-06-13","50.217","31.8","128.0","YAHOTYN, UP","  436",",,I",,,"  217",",,S",,,"  171","H,,S"
"UPM00033356","1988-06-14","50.217","31.8","128.0","YAHOTYN, UP","    4",",,I",,,,,,,,
"UPM00033356","1988-06-15","50.217","31.8","128.0","YAHOTYN, UP","    0",",,I",,,,,,,"  152","H,,S"
"UPM00033356","1988-06-16","50.217","31.8","128.0","YAHOTYN, UP","    0",",,I",,,"  178",",,S",,,"  131","H,,S"
"UPM00033356","1988-06-17","50.217","31.8","128.0","YAHOTYN, UP","    1",",,I",,,,,,,"  138","H,,S"
"UPM00033356","1988-06-18","50.217","31.8","128.0","YAHOTYN, UP","    0",",,I",,,,,,,"  145","H,,S"
"UPM00033356","1988-06-19","50.217","31.8","128.0","YAHOTYN, UP","    0","T,,I",,,"  277",",,S",,,"  165","H,,S"
"UPM00033356","1988-06-20","50.217","31.8","128.0","YAHOTYN, UP","   36",",,I",,,,,,,"  165","H,,S"
"UPM00033356","1988-06-21","50.217","31.8","128.0","YAHOTYN, UP","   45",",,I",,,,,,,"  154","H,,S"
"UPM00033356","1988-06-22","50.217","31.8","128.0","YAHOTYN, UP","    0",",,I",,,"  228",",,S","  109",",,S","  186","H,,S"
"UPM00033356","1988-06-23","50.217","31.8","128.0","YAHOTYN, UP","    0",",,I",,,,,"  147",",,S","  171","H,,S"
"UPM00033356","1988-06-24","50.217","31.8","128.0","YAHOTYN, UP","    0",",,I",,,"  258",",,S","  119",",,S","  207","H,,S"
"UPM00033356","1988-06-25","50.217","31.8","128.0","YAHOTYN, UP","  472",",,I",,,,,,,"  194","H,,S"
"UPM00033356","1988-06-26","50.217","31.8","128.0","YAHOTYN, UP","   10",",,I",,,,,,,,
"UPM00033356","1988-06-27","50.217","31.8","128.0","YAHOTYN, UP","    0",",,I",,,,,,,,
"UPM00033356","1988-06-28","50.217","31.8","128.0","YAHOTYN, UP","    0",",,I",,,,,,,,
"UPM00033356","1988-06-29","50.217","31.8","128.0","YAHOTYN, UP","    3",",,I",,,,,,,,
"UPM00033356","1988-06-30","50.217","31.8","128.0","YAHOTYN, UP","   26",",,I",,,,,,,,
"UPM00033356","1988-07-01","50.217","31.8","128.0","YAHOTYN, UP","    0",",,I",,,,,,,,
"UPM00033356","1988-07-02","50.217","31.8","128.0","YAHOTYN, UP","    0",",,I",,,"  313",",,S","  172",",,S","  229","H,,S"
"UPM00033356","1988-07-03","50.217","31.8","128.0","YAHOTYN, UP","    0","T,,I",,,"  298",",,S",,,"  193","H,,S"
"UPM00033356","1988-07-04","50.217","31.8","128.0","YAHOTYN, UP","  106",",,I",,,,,,,"  211","H,,S"
"UPM00033356","1988-07-05","50.217","31.8","128.0","YAHOTYN, UP","    0",",,I",,,,,,,,
"UPM00033356","1988-07-06","50.217","31.8","128.0","YAHOTYN, UP","    0","T,,I",,,,,"  192",",,S","  259","H,,S"
"UPM00033356","1988-07-07","50.217","31.8","128.0","YAHOTYN, UP","   48",",,I",,,"  283",",,S","  188",",,S","  224","H,,S"
"UPM00033356","1988-07-08","50.217","31.8","128.0","YAHOTYN, UP","    0",",,I",,,,,,,,
"UPM00033356","1988-07-09","50.217","31.8","128.0","YAHOTYN, UP","    0",",,I",,,,,,,,
"UPM00033356","1988-07-10","50.217","31.8","128.0","YAHOTYN, UP","   24",",,I",,,"  260",",,S","  155",",,S","  220","H,,S"
"UPM00033356","1988-07-11","50.217","31.8","128.0","YAHOTYN, UP","    0",",,I",,,,,"  154",",,S","  201","H,,S"
"UPM00033356","1988-07-12","50.217","31.8","128.0","YAHOTYN, UP","   58",",,I",,,"  253",",,S","  160",",,S","  199","H,,S"
"UPM00033356","1988-07-13","50.217","31.8","128.0","YAHOTYN, UP","    0","T,,I",,,"  260",",,S","  172",",,S","  206","H,,S"
"UPM00033356","1988-07-14","50.217","31.8","128.0","YAHOTYN, UP","    3",",,I",,,"  264",",,S",,,"  203","H,,S"
"UPM00033356","1988-07-15","50.217","31.8","128.0","YAHOTYN, UP","    3",",,I",,,,,,,,
"UPM00033356","1988-07-16","50.217","31.8","128.0","YAHOTYN, UP","    0",",,I",,,,,"  178",",,S","  241","H,,S"
"UPM00033356","1988-07-17","50.217","31.8","128.0","YAHOTYN, UP","   65",",,I",,,,,"  192",",,S","  222","H,,S"
"UPM00033356","1988-07-18","50.217","31.8","128.0","YAHOTYN, UP","  197",",,I",,,,,,,,
"UPM00033356","1988-07-19","50.217","31.8","128.0","YAHOTYN, UP","    0",",,I",,,,,,,"  184","H,,S"
"UPM00033356","1988-07-20","50.217","31.8","128.0","YAHOTYN, UP","    0",",,I",,,,,"  151",",,S","  198","H,,S"
"UPM00033356","1988-07-21","50.217","31.8","128.0","YAHOTYN, UP","   24",",,I",,,,,,,,
"UPM00033356","1988-07-22","50.217","31.8","128.0","YAHOTYN, UP","  180",",,I",,,"  233",",,S","  159",",,S","  196","H,,S"
"UPM00033356","1988-07-23","50.217","31.8","128.0","YAHOTYN, UP","    6",",,I",,,"  269",",,S","  165",",,S","  213","H,,S"
"UPM00033356","1988-07-24","50.217","31.8","128.0","YAHOTYN, UP","    0",",,I",,,,,,,,
"UPM00033356","1988-07-25","50.217","31.8","128.0","YAHOTYN, UP","    0",",,I",,,,,,,,
"UPM00033356","1988-07-26","50.217","31.8","128.0","YAHOTYN, UP","    0",",,I",,,,,"  154",",,S","  223","H,,S"
"UPM00033356","1988-07-27","50.217","31.8","128.0","YAHOTYN, UP","    0",",,I",,,"  260",",,S",,,"  193","H,,S"
"UPM00033356","1988-07-28","50.217","31.8","128.0","YAHOTYN, UP","    0",",,I",,,"  287",",,S",,,"  188","H,,S"
"UPM00033356","1988-07-29","50.217","31.8","128.0","YAHOTYN, UP","    0",",,I",,,"  242",",,S",,,"  173","H,,S"
"UPM00033356","1988-07-30","50.217","31.8","128.0","YAHOTYN, UP","    0",",,I",,,,,,,,
"UPM00033356","1988-07-31","50.217","31.8","128.0","YAHOTYN, UP","    0","T,,I",,,"  255",",,S",,,"  184","H,,S"
"UPM00033356","1988-08-01","50.217","31.8","128.0","YAHOTYN, UP","    3",",,I",,,,,,,,
"UPM00033356","1988-08-02","50.217","31.8","128.0","YAHOTYN, UP","    0",",,I",,,,,,,,
"UPM00033356","1988-08-03","50.217","31.8","128.0","YAHOTYN, UP","    0",",,I",,,,,,,"  192","H,,S"
"UPM00033356","1988-08-04","50.217","31.8","128.0","YAHOTYN, UP","    0","T,,I",,,,,,,"  195","H,,S"
"UPM00033356","1988-08-05","50.217","31.8","128.0","YAHOTYN, UP","    0","T,,I",,,,,,,,
"UPM00033356","1988-08-06","50.217","31.8","128.0","YAHOTYN, UP","  142",",,I",,,,,,,"  165","H,,S"
"UPM00033356","1988-08-07","50.217","31.8","128.0","YAHOTYN, UP","    1",",,I",,,,,,,,
"UPM00033356","1988-08-08","50.217","31.8","128.0","YAHOTYN, UP","    0",",,I",,,"  222",",,S",,,"  152","H,,S"
"UPM00033356","1988-08-09","50.217","31.8","128.0","YAHOTYN, UP","    0",",,I",,,,,,,,
"UPM00033356","1988-08-10","50.217","31.8","128.0","YAHOTYN, UP","    0",",,I",,,,,,,"  190","H,,S"
"UPM00033356","1988-08-11","50.217","31.8","128.0","YAHOTYN, UP","    0",",,I",,,"  252",",,S",,,"  186","H,,S"
"UPM00033356","1988-08-12","50.217","31.8","128.0","YAHOTYN, UP","   12",",,I",,,,,,,,
"UPM00033356","1988-08-13","50.217","31.8","128.0","YAHOTYN, UP","  139",",,I",,,"  304",",,S","  172",",,S","  208","H,,S"
"UPM00033356","1988-08-14","50.217","31.8","128.0","YAHOTYN, UP","   28",",,I",,,,,,,,
"UPM00033356","1988-08-15","50.217","31.8","128.0","YAHOTYN, UP","    0",",,I",,,,,,,"  170","H,,S"
"UPM00033356","1988-08-16","50.217","31.8","128.0","YAHOTYN, UP","    0",",,I",,,"  283",",,S","  125",",,S","  211","H,,S"
"UPM00033356","1988-08-17","50.217","31.8","128.0","YAHOTYN, UP","  233",",,I",,,"  236",",,S",,,"  198","H,,S"
"UPM00033356","1988-08-18","50.217","31.8","128.0","YAHOTYN, UP","   20",",,I",,,,,,,"  165","H,,S"
"UPM00033356","1988-08-19","50.217","31.8","128.0","YAHOTYN, UP","    0",",,I",,,,,,,,
"UPM00033356","1988-08-20","50.217","31.8","128.0","YAHOTYN, UP","    0",",,I",,,,,,,,
"UPM00033356","1988-08-21","50.217","31.8","128.0","YAHOTYN, UP","    0",",,I",,,,,"  128",",,S","  203","H,,S"
"UPM00033356","1988-08-22","50.217","31.8","128.0","YAHOTYN, UP","    0",",,I",,,,,,,"  186","H,,S"
"UPM00033356","1988-08-23","50.217","31.8","128.0","YAHOTYN, UP","    0",",,I",,,"  270",",,S",,,"  192","H,,S"
"UPM00033356","1988-08-24","50.217","31.8","128.0","YAHOTYN, UP","    0",",,I",,,,,,,,
"UPM00033356","1988-08-25","50.217","31.8","128.0","YAHOTYN, UP","    1",",,I",,,"  228",",,S",,,"  192","H,,S"
"UPM00033356","1988-08-26","50.217","31.8","128.0","YAHOTYN, UP","  171",",,I",,,,,,,,
"UPM00033356","1988-08-27","50.217","31.8","128.0","YAHOTYN, UP","    0",",,I",,,"  205",",,S",,,"  172","H,,S"
"UPM00033356","1988-08-28","50.217","31.8","128.0","YAHOTYN, UP","   42",",,I",,,,,,,"  143","H,,S"
"UPM00033356","1988-08-29","50.217","31.8","128.0","YAHOTYN, UP","   32",",,I",,,"  193",",,S","  118",",,S","  162","H,,S"
"UPM00033356","1988-08-30","50.217","31.8","128.0","YAHOTYN, UP","    0",",,I",,,"  238",",,S",,,"  160","H,,S"
"UPM00033356","1988-08-31","50.217","31.8","128.0","YAHOTYN, UP","   16",",,I",,,,,,,,
"UPM00033356","1988-09-01","50.217","31.8","128.0","YAHOTYN, UP","    0",",,I",,,,,,,,
"UPM00033356","1988-09-02","50.217","31.8","128.0","YAHOTYN, UP","    0",",,I",,,,,,,,
"UPM00033356","1988-09-03","50.217","31.8","128.0","YAHOTYN, UP","    0",",,I",,,"  260",",,S",,,"  206","H,,S"
"UPM00033356","1988-09-04","50.217","31.8","128.0","YAHOTYN, UP","  117",",,I",,,"  217",",,S",,,"  196","H,,S"
"UPM00033356","1988-09-05","50.217","31.8","128.0","YAHOTYN, UP","    0",",,I",,,,,"  139",",,S","  156","H,,S"
"UPM00033356","1988-09-06","50.217","31.8","128.0","YAHOTYN, UP","    0","T,,I",,,"  163",",,S","  121",",,S","  142","H,,S"
"UPM00033356","1988-09-07","50.217","31.8","128.0","YAHOTYN, UP","   19",",,I",,,"  140",",,S",,,"  135","H,,S"
"UPM00033356","1988-09-08","50.217","31.8","128.0","YAHOTYN, UP","   36",",,I",,,,,,,"  130","H,,S"
"UPM00033356","1988-09-09","50.217","31.8","128.0","YAHOTYN, UP","    9",",,I",,,,,"   85",",,S","  103","H,,S"
"UPM00033356","1988-09-10","50.217","31.8","128.0","YAHOTYN, UP","  127",",,I",,,,,"   77",",,S","  100","H,,S"
"UPM00033356","1988-09-11","50.217","31.8","128.0","YAHOTYN, UP","    0",",,I",,,,,,,"  130","H,,S"
"UPM00033356","1988-09-12","50.217","31.8","128.0","YAHOTYN, UP","    0",",,I",,,"  205",",,S","   85",",,S","  144","H,,S"
"UPM00033356","1988-09-13","50.217","31.8","128.0","YAHOTYN, UP","    0",",,I",,,"  229",",,S",,,"  175","H,,S"
"UPM00033356","1988-09-14","50.217","31.8","128.0","YAHOTYN, UP","    0",",,I",,,"  218",",,S",,,"  169","H,,S"
"UPM00033356","1988-09-15","50.217","31.8","128.0","YAHOTYN, UP","    0",",,I",,,,,"  116",",,S","  143","H,,S"
"UPM00033356","1988-09-16","50.217","31.8","128.0","YAHOTYN, UP","    0",",,I",,,,,,,,
"UPM00033356","1988-09-17","50.217","31.8","128.0","YAHOTYN, UP","    0",",,I",,,"  167",",,S",,,"  141","H,,S"
"UPM00033356","1988-09-18","50.217","31.8","128.0","YAHOTYN, UP","    0","T,,I",,,"  153",",,S",,,"  131","H,,S"
"UPM00033356","1988-09-19","50.217","31.8","128.0","YAHOTYN, UP","   12",",,I",,,,,"   66",",,S","   98","H,,S"
"UPM00033356","1988-09-20","50.217","31.8","128.0","YAHOTYN, UP","   36",",,I",,,,,"  116",",,S","  156","H,,S"
"UPM00033356","1988-09-21","50.217","31.8","128.0","YAHOTYN, UP","    0",",,I",,,"  149",",,S","   94",",,S","  127","H,,S"
"UPM00033356","1988-09-22","50.217","31.8","128.0","YAHOTYN, UP","    0",",,I",,,"  175",",,S",,,"  117","H,,S"
"UPM00033356","1988-09-23","50.217","31.8","128.0","YAHOTYN, UP","    0",",,I",,,"  167",",,S","   60",",,S","  111","H,,S"
"UPM00033356","1988-09-24","50.217","31.8","128.0","YAHOTYN, UP","    0",",,I",,,"  150",",,S",,,"   82","H,,S"
"UPM00033356","1988-09-25","50.217","31.8","128.0","YAHOTYN, UP","    4",",,I",,,,,"   35",",,S","  101","H,,S"
"UPM00033356","1988-09-26","50.217","31.8","128.0","YAHOTYN, UP","    3",",,I",,,,,,,"  111","H,,S"
"UPM00033356","1988-09-27","50.217","31.8","128.0","YAHOTYN, UP","    4",",,I",,,,,,,"  116","H,,S"
"UPM00033356","1988-09-28","50.217","31.8","128.0","YAHOTYN, UP","    0",",,I",,,"  189",",,S","  103",",,S","  134","H,,S"
"UPM00033356","1988-09-29","50.217","31.8","128.0","YAHOTYN, UP","    0",",,I",,,"  233",",,S",,,"  178","H,,S"
"UPM00033356","1988-09-30","50.217","31.8","128.0","YAHOTYN, UP","    0",",,I",,,"  246",",,S","   94",",,S","  179","H,,S"
"UPM00033356","1988-10-01","50.217","31.8","128.0","YAHOTYN, UP","    0",",,I",,,,,,,"  167","H,,S"
"UPM00033356","1988-10-02","50.217","31.8","128.0","YAHOTYN, UP","    0",",,I",,,,,,,,
"UPM00033356","1988-10-03","50.217","31.8","128.0","YAHOTYN, UP","    0",",,I",,,,,,,"  127","H,,S"
"UPM00033356","1988-10-04","50.217","31.8","128.0","YAHOTYN, UP","    0",",,I",,,,,,,"   92","H,,S"
"UPM00033356","1988-10-05","50.217","31.8","128.0","YAHOTYN, UP","    0",",,I",,,,,,,,
"UPM00033356","1988-10-06","50.217","31.8","128.0","YAHOTYN, UP","    0",",,I",,,,,"   28",",,S","   94","H,,S"
"UPM00033356","1988-10-07","50.217","31.8","128.0","YAHOTYN, UP","    0",",,I",,,,,"   87",",,S","  117","H,,S"
"UPM00033356","1988-10-08","50.217","31.8","128.0","YAHOTYN, UP","    3",",,I",,,"  185",",,S","   78",",,S","  143","H,,S"
"UPM00033356","1988-10-09","50.217","31.8","128.0","YAHOTYN, UP","   78",",,I",,,,,,,,
"UPM00033356","1988-10-10","50.217","31.8","128.0","YAHOTYN, UP","    0","T,,I",,,,,"   51",",,S","   89","H,,S"
"UPM00033356","1988-10-11","50.217","31.8","128.0","YAHOTYN, UP","    0",",,I",,,"  168",",,S",,,"   92","H,,S"
"UPM00033356","1988-10-12","50.217","31.8","128.0","YAHOTYN, UP","    0",",,I",,,,,,,,
"UPM00033356","1988-10-13","50.217","31.8","128.0","YAHOTYN, UP","    0",",,I",,,"  164",",,S",,,"  103","H,,S"
"UPM00033356","1988-10-14","50.217","31.8","128.0","YAHOTYN, UP","    0",",,I",,,,,"   51",",,S","   88","H,,S"
"UPM00033356","1988-10-15","50.217","31.8","128.0","YAHOTYN, UP","    0",",,I",,,"  130",",,S","   21",",,S","   68","H,,S"
"UPM00033356","1988-10-16","50.217","31.8","128.0","YAHOTYN, UP","    0",",,I",,,,,,,,
"UPM00033356","1988-10-17","50.217","31.8","128.0","YAHOTYN, UP","    0",",,I",,,,,"   -2",",,S","   59","H,,S"
"UPM00033356","1988-10-18","50.217","31.8","128.0","YAHOTYN, UP","    0",",,I",,,,,,,"   84","H,,S"
"UPM00033356","1988-10-19","50.217","31.8","128.0","YAHOTYN, UP","  132",",,I",,,,,"   51",",,S","   68","H,,S"
"UPM00033356","1988-10-20","50.217","31.8","128.0","YAHOTYN, UP","    0",",,I",,,"   78",",,S","   31",",,S","   56","H,,S"
"UPM00033356","1988-10-21","50.217","31.8","128.0","YAHOTYN, UP","    0",",,I",,,"   59",",,S",,,"    4","H,,S"
"UPM00033356","1988-10-22","50.217","31.8","128.0","YAHOTYN, UP","    0",",,I",,,,,,,,
"UPM00033356","1988-10-23","50.217","31.8","128.0","YAHOTYN, UP","    0",",,I",,,,,"  -41",",,S","   40","H,,S"
"UPM00033356","1988-10-24","50.217","31.8","128.0","YAHOTYN, UP","    0",",,I",,,,,"   10",",,S","   79","H,,S"
"UPM00033356","1988-10-25","50.217","31.8","128.0","YAHOTYN, UP","   32",",,I",,,,,"  -24",",,S","    6","H,,S"
"UPM00033356","1988-10-26","50.217","31.8","128.0","YAHOTYN, UP","    0",",,I",,,,,,,,
"UPM00033356","1988-10-27","50.217","31.8","128.0","YAHOTYN, UP","    0",",,I",,,"   34",",,S",,,"  -22","H,,S"
"UPM00033356","1988-10-28","50.217","31.8","128.0","YAHOTYN, UP","    0",",,I",,,"   77",",,S","  -46",",,S","    4","H,,S"
"UPM00033356","1988-10-29","50.217","31.8","128.0","YAHOTYN, UP","    0",",,I",,,"   87",",,S",,,"   13","H,,S"
"UPM00033356","1988-10-30","50.217","31.8","128.0","YAHOTYN, UP","   37",",,I",,,,,,,,
"UPM00033356","1988-10-31","50.217","31.8","128.0","YAHOTYN, UP","    2",",,I",,,,,,,"  -48","H,,S"
"UPM00033356","1988-11-01","50.217","31.8","128.0","YAHOTYN, UP","    0",",,I",,,,," -103",",,S","  -31","H,,S"
"UPM00033356","1988-11-02","50.217","31.8","128.0","YAHOTYN, UP","    0",",,I",,,,,"  -45",",,S","    9","H,,S"
"UPM00033356","1988-11-03","50.217","31.8","128.0","YAHOTYN, UP","    0","T,,I",,,"   35",",,S",,,"   -2","H,,S"
"UPM00033356","1988-11-04","50.217","31.8","128.0","YAHOTYN, UP","    0",",,I",,,,,"  -63",",,S","  -23","H,,S"
"UPM00033356","1988-11-05","50.217","31.8","128.0","YAHOTYN, UP","    0",",,I",,,,,,,"   -9","H,,S"
"UPM00033356","1988-11-06","50.217","31.8","128.0","YAHOTYN, UP","    0",",,I",,,,,,,,
"UPM00033356","1988-11-07","50.217","31.8","128.0","YAHOTYN, UP","    1",",,I",,,,,,,,
"UPM00033356","1988-11-08","50.217","31.8","128.0","YAHOTYN, UP","   15",",,I",,,"    8",",,S",,,"   -7","H,,S"
"UPM00033356","1988-11-09","50.217","31.8","128.0","YAHOTYN, UP","    4",",,I",,,"  -10",",,S",,,"  -33","H,,S"
"UPM00033356","1988-11-10","50.217","31.8","128.0","YAHOTYN, UP","    1",",,I","   10",",,S",,,"  -89",",,S","  -61","H,,S"
"UPM00033356","1988-11-11","50.217","31.8","128.0","YAHOTYN, UP","    0",",,I",,,,,,,,
"UPM00033356","1988-11-12","50.217","31.8","128.0","YAHOTYN, UP","    0",",,I","   10",",,S",,,"  -65",",,S","  -45","H,,S"
"UPM00033356","1988-11-13","50.217","31.8","128.0","YAHOTYN, UP","    0",",,I","   10",",,S",,,"  -53",",,S","  -17","H,,S"
"UPM00033356","1988-11-14","50.217","31.8","128.0","YAHOTYN, UP","   31",",,I",,,,,,,,
"UPM00033356","1988-11-15","50.217","31.8","128.0","YAHOTYN, UP","   23",",,I","   30",",,S",,,"  -11",",,S","    3","H,,S"
"UPM00033356","1988-11-16","50.217","31.8","128.0","YAHOTYN, UP","   42",",,I","   41",",,S",,,"   -5",",,S","    1","H,,S"
"UPM00033356","1988-11-17","50.217","31.8","128.0","YAHOTYN, UP","    3",",,I","   41",",,S",,,"  -14",",,S","  -11","H,,S"
"UPM00033356","1988-11-18","50.217","31.8","128.0","YAHOTYN, UP","    0","T,,I","   41",",,S","  -15",",,S","  -35",",,S","  -23","H,,S"
"UPM00033356","1988-11-19","50.217","31.8","128.0","YAHOTYN, UP","   48",",,I","   41",",,S",,,"  -19",",,S","   -9","H,,S"
"UPM00033356","1988-11-20","50.217","31.8","128.0","YAHOTYN, UP","    0",",,I","   61",",,S",,,"  -95",",,S","  -69","H,,S"
"UPM00033356","1988-11-21","50.217","31.8","128.0","YAHOTYN, UP","    0",",,I","   61",",,S",,," -125",",,S","  -86","H,,S"
"UPM00033356","1988-11-22","50.217","31.8","128.0","YAHOTYN, UP","   48",",,I","   61",",,S",,,"  -95",",,S","  -78","H,,S"
"UPM00033356","1988-11-23","50.217","31.8","128.0","YAHOTYN, UP","    4",",,I",,,"  -60",",,S",,,"  -85","H,,S"
"UPM00033356","1988-11-24","50.217","31.8","128.0","YAHOTYN, UP","    0",",,I",,,,,,,,
"UPM00033356","1988-11-25","50.217","31.8","128.0","YAHOTYN, UP","    0",",,I","  119",",,S",,,"  -95",",,S","  -47","H,,S"
"UPM00033356","1988-11-26","50.217","31.8","128.0","YAHOTYN, UP","    0",",,I","  119",",,S","   22",",,S","  -19",",,S","    7","H,,S"
"UPM00033356","1988-11-27","50.217","31.8","128.0","YAHOTYN, UP","   17",",,I","   71",",,S","   26",",,S",,,"   12","H,,S"
"UPM00033356","1988-11-28","50.217","31.8","128.0","YAHOTYN, UP","    0","T,,I",,,,,,,"  -42","H,,S"
"UPM00033356","1988-11-29","50.217","31.8","128.0","YAHOTYN, UP","   25",",,I",,,"    5",",,S",,,"  -22","H,,S"
"UPM00033356","1988-11-30","50.217","31.8","128.0","YAHOTYN, UP","   67",",,I","   99",",,S",,,,,"  -30","H,,S"
"UPM00033356","1988-12-01","50.217","31.8","128.0","YAHOTYN, UP","    7",",,I","  119",",,S",,,,,"  -91","H,,S"
"UPM00033356","1988-12-02","50.217","31.8","128.0","YAHOTYN, UP","    0",",,I","  119",",,S","  -88",",,S",,," -142","H,,S"
"UPM00033356","1988-12-03","50.217","31.8","128.0","YAHOTYN, UP","    0",",,I","  109",",,S",,," -190",",,S"," -159","H,,S"
"UPM00033356","1988-12-04","50.217","31.8","128.0","YAHOTYN, UP","    0",",,I","  109",",,S",,," -154",",,S"," -101","H,,S"
"UPM00033356","1988-12-05","50.217","31.8","128.0","YAHOTYN, UP","   21",",,I","  109",",,S",,,"  -75",",,S","  -46","H,,S"
"UPM00033356","1988-12-06","50.217","31.8","128.0","YAHOTYN, UP","   59",",,I",,,"   14",",,S","    2",",,S","    6","H,,S"
"UPM00033356","1988-12-07","50.217","31.8","128.0","YAHOTYN, UP","  134",",,I","  259",",,S",,,"    1",",,S","   14","H,,S"
"UPM00033356","1988-12-08","50.217","31.8","128.0","YAHOTYN, UP","    0",",,I","  231",",,S","    2",",,S",,,"  -29","H,,S"
"UPM00033356","1988-12-09","50.217","31.8","128.0","YAHOTYN, UP","    0",",,I",,,,,,,"  -29","H,,S"
"UPM00033356","1988-12-10","50.217","31.8","128.0","YAHOTYN, UP","    5",",,I",,,"    8",",,S",,,"   -6","H,,S"
"UPM00033356","1988-12-11","50.217","31.8","128.0","YAHOTYN, UP","   53",",,I","  239",",,S","   12",",,S"," -107",",,S","  -42","H,,S"
"UPM00033356","1988-12-12","50.217","31.8","128.0","YAHOTYN, UP","   43",",,I","  259",",,S","  -14",",,S","  -40",",,S","  -29","H,,S"
"UPM00033356","1988-12-13","50.217","31.8","128.0","YAHOTYN, UP","   15",",,I","  279",",,S",,,,,"  -71","H,,S"
"UPM00033356","1988-12-14","50.217","31.8","128.0","YAHOTYN, UP","   18",",,I","  279",",,S",,," -125",",,S","  -52","H,,S"
"UPM00033356","1988-12-15","50.217","31.8","128.0","YAHOTYN, UP","   23",",,I","  310",",,S",,,,,"  -41","H,,S"
"UPM00033356","1988-12-16","50.217","31.8","128.0","YAHOTYN, UP","   42",",,I",,,"  -66",",,S",,,"  -74","H,,S"
"UPM00033356","1988-12-17","50.217","31.8","128.0","YAHOTYN, UP","    2",",,I","  361",",,S",,,,,"  -84","H,,S"
"UPM00033356","1988-12-18","50.217","31.8","128.0","YAHOTYN, UP","    1",",,I",,,"  -67",",,S",,,"  -77","H,,S"
"UPM00033356","1988-12-19","50.217","31.8","128.0","YAHOTYN, UP","    3",",,I",,,,,,,,
"UPM00033356","1988-12-20","50.217","31.8","128.0","YAHOTYN, UP","   51",",,I","  371",",,S",,,,,"  -24","H,,S"
"UPM00033356","1988-12-21","50.217","31.8","128.0","YAHOTYN, UP","    0","T,,I","  419",",,S",,,,,"  -64","H,,S"
"UPM00033356","1988-12-22","50.217","31.8","128.0","YAHOTYN, UP","   18",",,I","  429",",,S","   24",",,S"," -125",",,S","  -10","H,,S"
"UPM00033356","1988-12-23","50.217","31.8","128.0","YAHOTYN, UP","   21",",,I",,,"   46",",,S",,,"   21","H,,S"
"UPM00033356","1988-12-24","50.217","31.8","128.0","YAHOTYN, UP","   23",",,I","  269",",,S","   24",",,S","   11",",,S","   18","H,,S"
"UPM00033356","1988-12-25","50.217","31.8","128.0","YAHOTYN, UP","   18",",,I","  201",",,S",,,,,"    2","H,,S"
"UPM00033356","1988-12-26","50.217","31.8","128.0","YAHOTYN, UP","    3",",,I",,,,,,,"  -65","H,,S"
"UPM00033356","1988-12-27","50.217","31.8","128.0","YAHOTYN, UP","   20",",,I","  170",",,S",,," -222",",,S","  -66","H,,S"
"UPM00033356","1988-12-28","50.217","31.8","128.0","YAHOTYN, UP","   27",",,I",,,"   30",",,S",,,"    6","H,,S"
"UPM00033356","1988-12-29","50.217","31.8","128.0","YAHOTYN, UP","    0",",,I",,,,,"  -98",",,S","  -83","H,,S"
"UPM00033356","1988-12-30","50.217","31.8","128.0","YAHOTYN, UP","   16",",,I",,,"   41",",,S",,,"   13","H,,S"
"UPM00033356","1988-12-31","50.217","31.8","128.0","YAHOTYN, UP","   13",",,I",,,,,,,,
"UPM00033356","1989-01-01","50.217","31.8","128.0","YAHOTYN, UP","    0","T,,I","  109",",,S",,,,,"  -30","H,,S"
"UPM00033356","1989-01-02","50.217","31.8","128.0","YAHOTYN, UP","    0","T,,I",,,,,,," -142","H,,S"
"UPM00033356","1989-01-03","50.217","31.8","128.0","YAHOTYN, UP","    8",",,I",,,,,,,,
"UPM00033356","1989-01-04","50.217","31.8","128.0","YAHOTYN, UP","    0","T,,I",,,,,,,"    3","H,,S"
"UPM00033356","1989-01-05","50.217","31.8","128.0","YAHOTYN, UP","    0","T,,I",,,"   -6",",,S",,,"  -12","H,,S"
"UPM00033356","1989-01-06","50.217","31.8","128.0","YAHOTYN, UP","    1",",,I",,,,,"  -17",",,S","  -12","H,,S"
"UPM00033356","1989-01-07","50.217","31.8","128.0","YAHOTYN, UP","    7",",,I",,,,,,,,
"UPM00033356","1989-01-08","50.217","31.8","128.0","YAHOTYN, UP","    0","T,,I","   99",",,S",,,"  -29",",,S","  -18","H,,S"
"UPM00033356","1989-01-09","50.217","31.8","128.0","YAHOTYN, UP","    0","T,,I",,,,,,,"  -13","H,,S"
"UPM00033356","1989-01-10","50.217","31.8","128.0","YAHOTYN, UP","    0","T,,I",,,,,,,"   13","H,,S"
"UPM00033356","1989-01-11","50.217","31.8","128.0","YAHOTYN, UP","   42",",,I","   61",",,S",,,,,"   14","H,,S"
"UPM00033356","1989-01-12","50.217","31.8","128.0","YAHOTYN, UP","    0",",,I",,,"   20",",,S",,,"    7","H,,S"
"UPM00033356","1989-01-13","50.217","31.8","128.0","YAHOTYN, UP","    0",",,I","   61",",,S","   23",",,S","  -39",",,S","  -25","H,,S"
"UPM00033356","1989-01-14","50.217","31.8","128.0","YAHOTYN, UP","    9",",,I","   61",",,S",,,"  -16",",,S","    8","H,,S"
"UPM00033356","1989-01-15","50.217","31.8","128.0","YAHOTYN, UP","   46",",,I",,,,,,,"   11","H,,S"
"UPM00033356","1989-01-16","50.217","31.8","128.0","YAHOTYN, UP","   30",",,I","   51",",,S","   60",",,S","   13",",,S","   39","H,,S"
"UPM00033356","1989-01-17","50.217","31.8","128.0","YAHOTYN, UP","    0","T,,I",,,,,,,"   30","H,,S"
"UPM00033356","1989-01-18","50.217","31.8","128.0","YAHOTYN, UP","   16",",,I",,,"   36",",,S",,,"   18","H,,S"
"UPM00033356","1989-01-19","50.217","31.8","128.0","YAHOTYN, UP","    1",",,I","   30",",,S","   17",",,S",,,"    1","H,,S"
"UPM00033356","1989-01-20","50.217","31.8","128.0","YAHOTYN, UP","    0",",,I","   20",",,S",,,"  -54",",,S","  -17","H,,S"
"UPM00033356","1989-01-21","50.217","31.8","128.0","YAHOTYN, UP","    0","T,,I",,,,,,,,
"UPM00033356","1989-01-22","50.217","31.8","128.0","YAHOTYN, UP","    0",",,I",,,,,,,,
"UPM00033356","1989-01-23","50.217","31.8","128.0","YAHOTYN, UP","    0",",,I",,,,,,,,
"UPM00033356","1989-01-24","50.217","31.8","128.0","YAHOTYN, UP","    0",",,I",,,,,,,"  -13","H,,S"
"UPM00033356","1989-01-25","50.217","31.8","128.0","YAHOTYN, UP","    7",",,I","   10",",,S",,,"    4",",,S","   16","H,,S"
"UPM00033356","1989-01-26","50.217","31.8","128.0","YAHOTYN, UP","    1",",,I","   10",",,S","   30",",,S","   10",",,S","   14","H,,S"
"UPM00033356","1989-01-27","50.217","31.8","128.0","YAHOTYN, UP","    0","T,,I",,,,,,,"   12","H,,S"
"UPM00033356","1989-01-28","50.217","31.8","128.0","YAHOTYN, UP","    0",",,I",,,,,,,,
"UPM00033356","1989-01-29","50.217","31.8","128.0","YAHOTYN, UP","    0",",,I","   30",",,S","   36",",,S",,,"    6","H,,S"
"UPM00033356","1989-01-30","50.217","31.8","128.0","YAHOTYN, UP","    0","T,,I",,,,,,,"    5","H,,S"
"UPM00033356","1989-01-31","50.217","31.8","128.0","YAHOTYN, UP","    9",",,I",,,,,,,"   54","H,,S"
"UPM00033356","1989-02-01","50.217","31.8","128.0","YAHOTYN, UP","    3",",,I",,,,,"  -21",",,S","   -6","H,,S"
"UPM00033356","1989-02-02","50.217","31.8","128.0","YAHOTYN, UP","    4",",,I",,,,,,,,
"UPM00033356","1989-02-03","50.217","31.8","128.0","YAHOTYN, UP","    0","T,,I",,,,,,,"   40","H,,S"
"UPM00033356","1989-02-04","50.217","31.8","128.0","YAHOTYN, UP","    0",",,I",,,"   31",",,S",,,"   17","H,,S"
"UPM00033356","1989-02-05","50.217","31.8","128.0","YAHOTYN, UP","    0",",,I",,,,,,,"    6","H,,S"
"UPM00033356","1989-02-06","50.217","31.8","128.0","YAHOTYN, UP","    3",",,I",,,"   52",",,S","   -5",",,S","    2","H,,S"
"UPM00033356","1989-02-07","50.217","31.8","128.0","YAHOTYN, UP","    0","T,,I",,,"   59",",,S",,,"   30","H,,S"
"UPM00033356","1989-02-08","50.217","31.8","128.0","YAHOTYN, UP","    0",",,I",,,"   68",",,S",,,"   53","H,,S"
"UPM00033356","1989-02-09","50.217","31.8","128.0","YAHOTYN, UP","    0",",,I",,,,,,,,
"UPM00033356","1989-02-10","50.217","31.8","128.0","YAHOTYN, UP","    0",",,I",,,,,,,"  -30","H,,S"
"UPM00033356","1989-02-11","50.217","31.8","128.0","YAHOTYN, UP","    0",",,I",,,,,"  -80",",,S","  -61","H,,S"
"UPM00033356","1989-02-12","50.217","31.8","128.0","YAHOTYN, UP","    0",",,I",,,,,"  -30",",,S","    0","H,,S"
"UPM00033356","1989-02-13","50.217","31.8","128.0","YAHOTYN, UP","    8",",,I",,,,,,,"    4","H,,S"
"UPM00033356","1989-02-14","50.217","31.8","128.0","YAHOTYN, UP","   12",",,I",,,,,,,"    2","H,,S"
"UPM00033356","1989-02-15","50.217","31.8","128.0","YAHOTYN, UP","    0",",,I",,,,,,,"   -8","H,,S"
"UPM00033356","1989-02-16","50.217","31.8","128.0","YAHOTYN, UP","    1",",,I",,,,,,,,
"UPM00033356","1989-02-17","50.217","31.8","128.0","YAHOTYN, UP","   21",",,I",,,,,,,,
"UPM00033356","1989-02-18","50.217","31.8","128.0","YAHOTYN, UP","    2",",,I",,,,,,,"  -16","H,,S"
"UPM00033356","1989-02-19","50.217","31.8","128.0","YAHOTYN, UP","    0",",,I",,,,,,,"  -25","H,,S"
"UPM00033356","1989-02-20","50.217","31.8","128.0","YAHOTYN, UP","   16",",,I","   10",",,S",,,"  -22",",,S","   19","H,,S"
"UPM00033356","1989-02-21","50.217","31.8","128.0","YAHOTYN, UP","   26",",,I",,,"   43",",,S",,,"   23","H,,S"
"UPM00033356","1989-02-22","50.217","31.8","128.0","YAHOTYN, UP","    0","T,,I",,,,,"   -9",",,S","    7","H,,S"
"UPM00033356","1989-02-23","50.217","31.8","128.0","YAHOTYN, UP","    0",",,I",,,"   59",",,S","  -17",",,S","    9","H,,S"
"UPM00033356","1989-02-24","50.217","31.8","128.0","YAHOTYN, UP","    0",",,I",,,,,"   -4",",,S","   19","H,,S"
"UPM00033356","1989-02-25","50.217","31.8","128.0","YAHOTYN, UP","    0","T,,I",,,"   92",",,S","   14",",,S","   46","H,,S"
"UPM00033356","1989-02-26","50.217","31.8","128.0","YAHOTYN, UP","    0",",,I",,,"  151",",,S","   36",",,S","   87","H,,S"
"UPM00033356","1989-02-27","50.217","31.8","128.0","YAHOTYN, UP","   58",",,I",,,,,,,,
"UPM00033356","1989-02-28","50.217","31.8","128.0","YAHOTYN, UP","   99",",,I",,,,,,,,
"UPM00033356","1989-03-01","50.217","31.8","128.0","YAHOTYN, UP","    0",",,I",,,"  118",",,S","    3",",,S","   51","H,,S"
"UPM00033356","1989-03-02","50.217","31.8","128.0","YAHOTYN, UP","    0",",,I",,,,,,,"   61","H,,S"
"UPM00033356","1989-03-03","50.217","31.8","128.0","YAHOTYN, UP","   87",",,I",,,"   52",",,S",,,"   45","H,,S"
"UPM00033356","1989-03-04","50.217","31.8","128.0","YAHOTYN, UP","   11",",,I",,,,,"   26",",,S","   38","H,,S"
"UPM00033356","1989-03-05","50.217","31.8","128.0","YAHOTYN, UP","   27",",,I",,,,,,,"   40","H,,S"
"UPM00033356","1989-03-06","50.217","31.8","128.0","YAHOTYN, UP","    0",",,I",,,,,,,"   30","H,,S"
"UPM00033356","1989-03-07","50.217","31.8","128.0","YAHOTYN, UP","   16",",,I",,,,,,,,
"UPM00033356","1989-03-08","50.217","31.8","128.0","YAHOTYN, UP","   33",",,I",,,,,,,"   11","H,,S"
"UPM00033356","1989-03-09","50.217","31.8","128.0","YAHOTYN, UP","    0",",,I",,,,,"  -27",",,S","    3","H,,S"
"UPM00033356","1989-03-10","50.217","31.8","128.0","YAHOTYN, UP","    8",",,I",,,,,,,,
"UPM00033356","1989-03-11","50.217","31.8","128.0","YAHOTYN, UP","    0",",,I",,,,,,,,
"UPM00033356","1989-03-12","50.217","31.8","128.0","YAHOTYN, UP","    0",",,I",,,"  102",",,S","    1",",,S","   36","H,,S"
"UPM00033356","1989-03-13","50.217","31.8","128.0","YAHOTYN, UP","    0",",,I",,,,,,,,
"UPM00033356","1989-03-14","50.217","31.8","128.0","YAHOTYN, UP","    0",",,I",,,,,,,"   52","H,,S"
"UPM00033356","1989-03-15","50.217","31.8","128.0","YAHOTYN, UP","    0",",,I",,,,,,,,
"UPM00033356","1989-03-16","50.217","31.8","128.0","YAHOTYN, UP","    3",",,I",,,,,,,,
"UPM00033356","1989-03-17","50.217","31.8","128.0","YAHOTYN, UP","    0","T,,I",,,,,,,,
"UPM00033356","1989-03-18","50.217","31.8","128.0","YAHOTYN, UP","    1",",,I",,,,,"   65",",,S","   84","H,,S"
"UPM00033356","1989-03-19","50.217","31.8","128.0","YAHOTYN, UP","    0","T,,I",,,,,,,,
"UPM00033356","1989-03-20","50.217","31.8","128.0","YAHOTYN, UP","    0",",,I",,,,,,,,
"UPM00033356","1989-03-21","50.217","31.8","128.0","YAHOTYN, UP","    0","T,,I",,,,,,,,
"UPM00033356","1989-03-22","50.217","31.8","128.0","YAHOTYN, UP","    0","T,,I",,,"  157",",,S",,,"   97","H,,S"
"UPM00033356","1989-03-23","50.217","31.8","128.0","YAHOTYN, UP","   12",",,I",,,,,"   40",",,S","   60","H,,S"
"UPM00033356","1989-03-24","50.217","31.8","128.0","YAHOTYN, UP","   11",",,I",,,,,"    1",",,S","   47","H,,S"
"UPM00033356","1989-03-25","50.217","31.8","128.0","YAHOTYN, UP","    3",",,I",,,"  107",",,S",,,"   46","H,,S"
"UPM00033356","1989-03-26","50.217","31.8","128.0","YAHOTYN, UP","    0","T,,I",,,"   80",",,S","   14",",,S","   27","H,,S"
"UPM00033356","1989-03-27","50.217","31.8","128.0","YAHOTYN, UP","   13",",,I",,,,,"   21",",,S","   31","H,,S"
"UPM00033356","1989-03-28","50.217","31.8","128.0","YAHOTYN, UP","    0",",,I",,,,,"    5",",,S","   52","H,,S"
"UPM00033356","1989-03-29","50.217","31.8","128.0","YAHOTYN, UP","    0","T,,I",,,,,,,"   77","H,,S"
"UPM00033356","1989-03-30","50.217","31.8","128.0","YAHOTYN, UP","    5",",,I",,,"  109",",,S",,,"   74","H,,S"
"UPM00033356","1989-03-31","50.217","31.8","128.0","YAHOTYN, UP","    3",",,I",,,,,"   44",",,S","   59","H,,S"
"UPM00033356","1989-04-01","50.217","31.8","128.0","YAHOTYN, UP","  100",",,I",,,,,,,"   82","H,,S"
"UPM00033356","1989-04-02","50.217","31.8","128.0","YAHOTYN, UP","    0",",,I",,,"   69",",,S",,,"   37","H,,S"
"UPM00033356","1989-04-03","50.217","31.8","128.0","YAHOTYN, UP","    0",",,I",,,,,"  -19",",,S","   12","H,,S"
"UPM00033356","1989-04-04","50.217","31.8","128.0","YAHOTYN, UP","   42",",,I",,,,,"  -29",",,S","   -1","H,,S"
"UPM00033356","1989-04-05","50.217","31.8","128.0","YAHOTYN, UP","   30",",,I",,,,,,,,
"UPM00033356","1989-04-06","50.217","31.8","128.0","YAHOTYN, UP","    0",",,I",,,"  129",",,S","   16",",,S","   68","H,,S"
"UPM00033356","1989-04-07","50.217","31.8","128.0","YAHOTYN, UP","   32",",,I",,,"  134",",,S",,,"   77","H,,S"
"UPM00033356","1989-04-08","50.217","31.8","128.0","YAHOTYN, UP","   80",",,I",,,,,,,"   35","H,,S"
"UPM00033356","1989-04-09","50.217","31.8","128.0","YAHOTYN, UP","    0",",,I",,,,,,,"   74","H,,S"
"UPM00033356","1989-04-10","50.217","31.8","128.0","YAHOTYN, UP","    0","T,,I",,,,,"   10",",,S","   91","H,,S"
"UPM00033356","1989-04-11","50.217","31.8","128.0","YAHOTYN, UP","    0","T,,I",,,,,,,"   98","H,,S"
"UPM00033356","1989-04-12","50.217","31.8","128.0","YAHOTYN, UP","    0",",,I",,,,,,,,
"UPM00033356","1989-04-13","50.217","31.8","128.0","YAHOTYN, UP","    0",",,I",,,,,,,,
"UPM00033356","1989-04-14","50.217","31.8","128.0","YAHOTYN, UP","    0",",,I",,,"  211",",,S","   73",",,S","  138","H,,S"
"UPM00033356","1989-04-15","50.217","31.8","128.0","YAHOTYN, UP","    0","T,,I",,,"  169",",,S",,,"  124","H,,S"
"UPM00033356","1989-04-16","50.217","31.8","128.0","YAHOTYN, UP","   80",",,I",,,"  119",",,S","   69",",,S","   97","H,,S"
"UPM00033356","1989-04-17","50.217","31.8","128.0","YAHOTYN, UP","   53",",,I",,,"  116",",,S",,,"   81","H,,S"
"UPM00033356","1989-04-18","50.217","31.8","128.0","YAHOTYN, UP","    0",",,I",,,,,"   43",",,S","   91","H,,S"
"UPM00033356","1989-04-19","50.217","31.8","128.0","YAHOTYN, UP","   26",",,I",,,,,"   96",",,S","  119","H,,S"
"UPM00033356","1989-04-20","50.217","31.8","128.0","YAHOTYN, UP","    0",",,I",,,"  142",",,S",,,"   93","H,,S"
"UPM00033356","1989-04-21","50.217","31.8","128.0","YAHOTYN, UP","    0",",,I",,,,,,,,
"UPM00033356","1989-04-22","50.217","31.8","128.0","YAHOTYN, UP","    0",",,I",,,"  210",",,S","   51",",,S","  124","H,,S"
"UPM00033356","1989-04-23","50.217","31.8","128.0","YAHOTYN, UP","    0",",,I",,,,,"   78",",,S","  156","H,,S"
"UPM00033356","1989-04-24","50.217","31.8","128.0","YAHOTYN, UP","    0",",,I",,,,,"   86",",,S","  140","H,,S"
"UPM00033356","1989-04-25","50.217","31.8","128.0","YAHOTYN, UP","    5",",,I",,,,,"   96",",,S","  152","H,,S"
"UPM00033356","1989-04-26","50.217","31.8","128.0","YAHOTYN, UP","    0","T,,I",,,,,"   53",",,S","   99","H,,S"
"UPM00033356","1989-04-27","50.217","31.8","128.0","YAHOTYN, UP","    0",",,I",,,,,,,,
"UPM00033356","1989-04-28","50.217","31.8","128.0","YAHOTYN, UP","    0",",,I",,,"  220",",,S",,,"  158","H,,S"
"UPM00033356","1989-04-29","50.217","31.8","128.0","YAHOTYN, UP","    0",",,I",,,,,,,"  154","H,,S"
"UPM00033356","1989-04-30","50.217","31.8","128.0","YAHOTYN, UP","    0",",,I",,,,,"  111",",,S","  173","H,,S"
"UPM00033356","1989-05-01","50.217","31.8","128.0","YAHOTYN, UP","    0",",,I",,,,,"  114",",,S","  177","H,,S"
"UPM00033356","1989-05-02","50.217","31.8","128.0","YAHOTYN, UP","    7",",,I",,,,,,,,
"UPM00033356","1989-05-03","50.217","31.8","128.0","YAHOTYN, UP","    1",",,I",,,,,,,,
"UPM00033356","1989-05-04","50.217","31.8","128.0","YAHOTYN, UP","    0","T,,I",,,"  175",",,S",,,"  123","H,,S"
"UPM00033356","1989-05-05","50.217","31.8","128.0","YAHOTYN, UP","    0",",,I",,,,,"   41",",,S","   97","H,,S"
"UPM00033356","1989-05-06","50.217","31.8","128.0","YAHOTYN, UP","   19",",,I",,,,,"   77",",,S","  116","H,,S"
"UPM00033356","1989-05-07","50.217","31.8","128.0","YAHOTYN, UP","    0",",,I",,,,,,,"  121","H,,S"
"UPM00033356","1989-05-08","50.217","31.8","128.0","YAHOTYN, UP","   76",",,I",,,,,,,"  107","H,,S"
"UPM00033356","1989-05-09","50.217","31.8","128.0","YAHOTYN, UP","   12",",,I",,,,,,,"  112","H,,S"
"UPM00033356","1989-05-10","50.217","31.8","128.0","YAHOTYN, UP","    0",",,I",,,"  196",",,S","   86",",,S","  127","H,,S"
"UPM00033356","1989-05-11","50.217","31.8","128.0","YAHOTYN, UP","    0",",,I",,,"  221",",,S",,,"  153","H,,S"
"UPM00033356","1989-05-12","50.217","31.8","128.0","YAHOTYN, UP","    0","T,,I",,,,,,,,
"UPM00033356","1989-05-13","50.217","31.8","128.0","YAHOTYN, UP","   22",",,I",,,,,"  111",",,S","  184","H,,S"
"UPM00033356","1989-05-14","50.217","31.8","128.0","YAHOTYN, UP","    0",",,I",,,,,"  127",",,S","  184","H,,S"
"UPM00033356","1989-05-15","50.217","31.8","128.0","YAHOTYN, UP","   30",",,I",,,,,,,"  157","H,,S"
"UPM00033356","1989-05-16","50.217","31.8","128.0","YAHOTYN, UP","    0",",,I",,,,,"   91",",,S","  141","H,,S"
"UPM00033356","1989-05-17","50.217","31.8","128.0","YAHOTYN, UP","    0",",,I",,,,,"   66",",,S","  168","H,,S"
"UPM00033356","1989-05-18","50.217","31.8","128.0","YAHOTYN, UP","    0",",,I",,,,,"  125",",,S","  179","H,,S"
"UPM00033356","1989-05-19","50.217","31.8","128.0","YAHOTYN, UP","    0",",,I",,,,,"   81",",,S","  175","H,,S"
"UPM00033356","1989-05-20","50.217","31.8","128.0","YAHOTYN, UP","    0",",,I",,,"  246",",,S","   71",",,S","  173","H,,S"
"UPM00033356","1989-05-21","50.217","31.8","128.0","YAHOTYN, UP","    0","T,,I",,,,,,,"  167","H,,S"
"UPM00033356","1989-05-22","50.217","31.8","128.0","YAHOTYN, UP","    0",",,I",,,,,"   73",",,S","  108","H,,S"
"UPM00033356","1989-05-23","50.217","31.8","128.0","YAHOTYN, UP","    0",",,I",,,,,,,,
"UPM00033356","1989-05-24","50.217","31.8","128.0","YAHOTYN, UP","    0",",,I",,,,,,,,
"UPM00033356","1989-05-25","50.217","31.8","128.0","YAHOTYN, UP","    0","T,,I",,,,,,,,
"UPM00033356","1989-05-26","50.217","31.8","128.0","YAHOTYN, UP","    0",",,I",,,,,,,,
"UPM00033356","1989-05-27","50.217","31.8","128.0","YAHOTYN, UP","    0",",,I",,,,,"   96",",,S","  167","H,,S"
"UPM00033356","1989-05-28","50.217","31.8","128.0","YAHOTYN, UP","    0",",,I",,,,,"   47",",,S","  143","H,,S"
"UPM00033356","1989-05-29","50.217","31.8","128.0","YAHOTYN, UP","    0",",,I",,,,,"   61",",,S","  127","H,,S"
"UPM00033356","1989-05-30","50.217","31.8","128.0","YAHOTYN, UP","    0",",,I",,,,,,,,
"UPM00033356","1989-05-31","50.217","31.8","128.0","YAHOTYN, UP","    0",",,I",,,,,,,"  153","H,,S"
"UPM00033356","1989-06-01","50.217","31.8","128.0","YAHOTYN, UP","    0",",,I",,,"  248",",,S",,,"  156","H,,S"
"UPM00033356","1989-06-02","50.217","31.8","128.0","YAHOTYN, UP","    0",",,I",,,"  244",",,S",,,"  181","H,,S"
"UPM00033356","1989-06-03","50.217","31.8","128.0","YAHOTYN, UP","    4",",,I",,,,,,,,
"UPM00033356","1989-06-04","50.217","31.8","128.0","YAHOTYN, UP","    1",",,I",,,,,"  125",",,S","  168","H,,S"
"UPM00033356","1989-06-05","50.217","31.8","128.0","YAHOTYN, UP","   14",",,I",,,,,,,,
"UPM00033356","1989-06-06","50.217","31.8","128.0","YAHOTYN, UP","    0",",,I",,,,,,,,
"UPM00033356","1989-06-07","50.217","31.8","128.0","YAHOTYN, UP","    0",",,I",,,,,,,,
"UPM00033356","1989-06-08","50.217","31.8","128.0","YAHOTYN, UP","    0",",,I",,,,,,,,
"UPM00033356","1989-06-09","50.217","31.8","128.0","YAHOTYN, UP","    0",",,I",,,,,,,,
"UPM00033356","1989-06-10","50.217","31.8","128.0","YAHOTYN, UP","   26",",,I",,,,,,,,
"UPM00033356","1989-06-11","50.217","31.8","128.0","YAHOTYN, UP","   44",",,I",,,,,"  167",",,S","  188","H,,S"
"UPM00033356","1989-06-12","50.217","31.8","128.0","YAHOTYN, UP","    0",",,I",,,"  255",",,S",,,"  207","H,,S"
"UPM00033356","1989-06-13","50.217","31.8","128.0","YAHOTYN, UP","   29",",,I",,,,,"  146",",,S","  195","H,,S"
"UPM00033356","1989-06-14","50.217","31.8","128.0","YAHOTYN, UP","  417",",,I",,,,,,,,
"UPM00033356","1989-06-15","50.217","31.8","128.0","YAHOTYN, UP","    9",",,I",,,,,,,,
"UPM00033356","1989-06-16","50.217","31.8","128.0","YAHOTYN, UP","    0",",,I",,,,,,,,
"UPM00033356","1989-06-17","50.217","31.8","128.0","YAHOTYN, UP","    0",",,I",,,,,,,,
"UPM00033356","1989-06-18","50.217","31.8","128.0","YAHOTYN, UP","    0",",,I",,,"  232",",,S",,,"  169","H,,S"
"UPM00033356","1989-06-19","50.217","31.8","128.0","YAHOTYN, UP","    0",",,I",,,,,,,,
"UPM00033356","1989-06-20","50.217","31.8","128.0","YAHOTYN, UP","    0",",,I",,,,,,,"  184","H,,S"
"UPM00033356","1989-06-21","50.217","31.8","128.0","YAHOTYN, UP","    0",",,I",,,,,"  111",",,S","  206","H,,S"
"UPM00033356","1989-06-22","50.217","31.8","128.0","YAHOTYN, UP","    0","T,,I",,,,,,,,
"UPM00033356","1989-06-23","50.217","31.8","128.0","YAHOTYN, UP","    0","T,,I",,,,,"  120",",,S","  202","H,,S"
"UPM00033356","1989-06-24","50.217","31.8","128.0","YAHOTYN, UP","   36",",,I",,,,,,,,
"UPM00033356","1989-06-25","50.217","31.8","128.0","YAHOTYN, UP","    0","T,,I",,,,,,,,
"UPM00033356","1989-06-26","50.217","31.8","128.0","YAHOTYN, UP","  219",",,I",,,,,,,"  197","H,,S"
"UPM00033356","1989-06-27","50.217","31.8","128.0","YAHOTYN, UP","    0",",,I",,,"  287",",,S","  162",",,S","  227","H,,S"
"UPM00033356","1989-06-28","50.217","31.8","128.0","YAHOTYN, UP","   60",",,I",,,,,,,,
"UPM00033356","1989-06-29","50.217","31.8","128.0","YAHOTYN, UP","    6",",,I",,,,,"  167",",,S","  197","H,,S"
"UPM00033356","1989-06-30","50.217","31.8","128.0","YAHOTYN, UP","    0",",,I",,,,,,,,
"UPM00033356","1989-07-01","50.217","31.8","128.0","YAHOTYN, UP","  382",",,I",,,,,,,,
"UPM00033356","1989-07-02","50.217","31.8","128.0","YAHOTYN, UP","    0",",,I",,,,,,,,
"UPM00033356","1989-07-03","50.217","31.8","128.0","YAHOTYN, UP","    0","T,,I",,,,,"  148",",,S","  181","H,,S"
"UPM00033356","1989-07-04","50.217","31.8","128.0","YAHOTYN, UP","    0",",,I",,,"  263",",,S",,,"  181","H,,S"
"UPM00033356","1989-07-05","50.217","31.8","128.0","YAHOTYN, UP","    0","T,,I",,,,,,,,
"UPM00033356","1989-07-06","50.217","31.8","128.0","YAHOTYN, UP","   10",",,I",,,,,,,"  217","H,,S"
"UPM00033356","1989-07-07","50.217","31.8","128.0","YAHOTYN, UP","    0",",,I",,,,,,,,
"UPM00033356","1989-07-08","50.217","31.8","128.0","YAHOTYN, UP","    0",",,I",,,,,,,,
"UPM00033356","1989-07-09","50.217","31.8","128.0","YAHOTYN, UP","    0",",,I",,,,,"  101",",,S","  209","H,,S"
"UPM00033356","1989-07-10","50.217","31.8","128.0","YAHOTYN, UP","    0",",,I",,,,,,,,
"UPM00033356","1989-07-11","50.217","31.8","128.0","YAHOTYN, UP","    0",",,I",,,,,,,"  283","H,,S"
"UPM00033356","1989-07-12","50.217","31.8","128.0","YAHOTYN, UP","    0",",,I",,,,,,,"  220","H,,S"
"UPM00033356","1989-07-13","50.217","31.8","128.0","YAHOTYN, UP","    0",",,I",,,,,,,"  274","H,,S"
"UPM00033356","1989-07-14","50.217","31.8","128.0","YAHOTYN, UP","    1",",,I",,,,,,,,
"UPM00033356","1989-07-15","50.217","31.8","128.0","YAHOTYN, UP","    0",",,I",,,,,,,"  227","H,,S"
"UPM00033356","1989-07-16","50.217","31.8","128.0","YAHOTYN, UP","   20",",,I",,,,,"  137",",,S","  169","H,,S"
"UPM00033356","1989-07-17","50.217","31.8","128.0","YAHOTYN, UP","    0",",,I",,,,,,,"  160","H,,S"
"UPM00033356","1989-07-18","50.217","31.8","128.0","YAHOTYN, UP","    0",",,I",,,,,,,"  165","H,,S"
"UPM00033356","1989-07-19","50.217","31.8","128.0","YAHOTYN, UP","    0",",,I",,,,,,,,
"UPM00033356","1989-07-20","50.217","31.8","128.0","YAHOTYN, UP","   75",",,I",,,,,,,,
"UPM00033356","1989-07-21","50.217","31.8","128.0","YAHOTYN, UP","    0","T,,I",,,,,,,,
"UPM00033356","1989-07-22","50.217","31.8","128.0","YAHOTYN, UP","   15",",,I",,,,,"  121",",,S","  151","H,,S"
"UPM00033356","1989-07-23","50.217","31.8","128.0","YAHOTYN, UP","    0",",,I",,,,,,,,
"UPM00033356","1989-07-24","50.217","31.8","128.0","YAHOTYN, UP","    0","T,,I",,,,,,,,
"UPM00033356","1989-07-25","50.217","31.8","128.0","YAHOTYN, UP","    0",",,I",,,,,"  118",",,S","  167","H,,S"
"UPM00033356","1989-07-26","50.217","31.8","128.0","YAHOTYN, UP","    0",",,I",,,,,"  111",",,S","  219","H,,S"
"UPM00033356","1989-07-27","50.217","31.8","128.0","YAHOTYN, UP","    0",",,I",,,"  247",",,S","  121",",,S","  188","H,,S"
"UPM00033356","1989-07-28","50.217","31.8","128.0","YAHOTYN, UP","    0",",,I",,,,,,,,
"UPM00033356","1989-07-29","50.217","31.8","128.0","YAHOTYN, UP","    0",",,I",,,,,"  111",",,S","  203","H,,S"
"UPM00033356","1989-07-30","50.217","31.8","128.0","YAHOTYN, UP","    0",",,I",,,"  285",",,S","  140",",,S","  233","H,,S"
"UPM00033356","1989-07-31","50.217","31.8","128.0","YAHOTYN, UP","    0",",,I",,,,,,,"  204","H,,S"
"UPM00033356","1989-08-01","50.217","31.8","128.0","YAHOTYN, UP","    0",",,I",,,"  302",",,S",,,"  242","H,,S"
"UPM00033356","1989-08-02","50.217","31.8","128.0","YAHOTYN, UP","   10",",,I",,,,,,,"  208","H,,S"
"UPM00033356","1989-08-03","50.217","31.8","128.0","YAHOTYN, UP","   50",",,I",,,,,,,"  163","H,,S"
"UPM00033356","1989-08-04","50.217","31.8","128.0","YAHOTYN, UP","    0",",,I",,,,,,,,
"UPM00033356","1989-08-05","50.217","31.8","128.0","YAHOTYN, UP","    1",",,I",,,,,,,"  161","H,,S"
"UPM00033356","1989-08-06","50.217","31.8","128.0","YAHOTYN, UP","    0",",,I",,,"  220",",,S",,,"  156","H,,S"
"UPM00033356","1989-08-07","50.217","31.8","128.0","YAHOTYN, UP","   48",",,I",,,,,,,"  188","H,,S"
"UPM00033356","1989-08-08","50.217","31.8","128.0","YAHOTYN, UP","    0",",,I",,,,,,,"  187","H,,S"
"UPM00033356","1989-08-09","50.217","31.8","128.0","YAHOTYN, UP","   28",",,I",,,,,,,"  179","H,,S"
"UPM00033356","1989-08-10","50.217","31.8","128.0","YAHOTYN, UP","  444",",,I",,,,,,,"  167","H,,S"
"UPM00033356","1989-08-11","50.217","31.8","128.0","YAHOTYN, UP","    0",",,I",,,"  236",",,S","  115",",,S","  167","H,,S"
"UPM00033356","1989-08-12","50.217","31.8","128.0","YAHOTYN, UP","    0",",,I",,,"  259",",,S","  128",",,S","  168","H,,S"
"UPM00033356","1989-08-13","50.217","31.8","128.0","YAHOTYN, UP","    0",",,I",,,"  282",",,S","  136",",,S","  219","H,,S"
"UPM00033356","1989-08-14","50.217","31.8","128.0","YAHOTYN, UP","    0",",,I",,,"  246",",,S",,,"  191","H,,S"
"UPM00033356","1989-08-15","50.217","31.8","128.0","YAHOTYN, UP","    0",",,I",,,,,"  151",",,S","  183","H,,S"
"UPM00033356","1989-08-16","50.217","31.8","128.0","YAHOTYN, UP","    0",",,I",,,,,,,"  199","H,,S"
"UPM00033356","1989-08-17","50.217","31.8","128.0","YAHOTYN, UP","    0",",,I",,,,,,,,
"UPM00033356","1989-08-18","50.217","31.8","128.0","YAHOTYN, UP","    0",",,I",,,"  329",",,S","  163",",,S","  236","H,,S"
"UPM00033356","1989-08-19","50.217","31.8","128.0","YAHOTYN, UP","    0",",,I",,,"  286",",,S","  179",",,S","  241","H,,S"
"UPM00033356","1989-08-20","50.217","31.8","128.0","YAHOTYN, UP","    0",",,I",,,"  260",",,S",,,"  199","H,,S"
"UPM00033356","1989-08-21","50.217","31.8","128.0","YAHOTYN, UP","    0",",,I",,,"  275",",,S",,,"  189","H,,S"
"UPM00033356","1989-08-22","50.217","31.8","128.0","YAHOTYN, UP","    0","T,,I",,,,,,,,
"UPM00033356","1989-08-23","50.217","31.8","128.0","YAHOTYN, UP","    0",",,I",,,,,"  168",",,S","  219","H,,S"
"UPM00033356","1989-08-24","50.217","31.8","128.0","YAHOTYN, UP","    0",",,I",,,,,,,"  173","H,,S"
"UPM00033356","1989-08-25","50.217","31.8","128.0","YAHOTYN, UP","    0",",,I",,,"  258",",,S",,,"  182","H,,S"
"UPM00033356","1989-08-26","50.217","31.8","128.0","YAHOTYN, UP","    3",",,I",,,"  192",",,S",,,"  151","H,,S"
"UPM00033356","1989-08-27","50.217","31.8","128.0","YAHOTYN, UP","    0",",,I",,,,,"   71",",,S","  142","H,,S"
"UPM00033356","1989-08-28","50.217","31.8","128.0","YAHOTYN, UP","    1",",,I",,,,,,,"  147","H,,S"
"UPM00033356","1989-08-29","50.217","31.8","128.0","YAHOTYN, UP","   74",",,I",,,,,,,,
"UPM00033356","1989-08-30","50.217","31.8","128.0","YAHOTYN, UP","    0",",,I",,,"  289",",,S",,,"  230","H,,S"
"UPM00033356","1989-08-31","50.217","31.8","128.0","YAHOTYN, UP","    9",",,I",,,,,,,,
"UPM00033356","1989-09-01","50.217","31.8","128.0","YAHOTYN, UP","  249",",,I",,,,,,,"  161","H,,S"
"UPM00033356","1989-09-02","50.217","31.8","128.0","YAHOTYN, UP","  230",",,I",,,,,"  136",",,S","  159","H,,S"
"UPM00033356","1989-09-03","50.217","31.8","128.0","YAHOTYN, UP","   15",",,I",,,"  173",",,S","  138",",,S","  152","H,,S"
"UPM00033356","1989-09-04","50.217","31.8","128.0","YAHOTYN, UP","    0",",,I",,,"  207",",,S","  123",",,S","  167","H,,S"
"UPM00033356","1989-09-05","50.217","31.8","128.0","YAHOTYN, UP","    4",",,I",,,"  211",",,S","  130",",,S","  169","H,,S"
"UPM00033356","1989-09-06","50.217","31.8","128.0","YAHOTYN, UP","  205",",,I",,,"  169",",,S",,,"  157","H,,S"
"UPM00033356","1989-09-07","50.217","31.8","128.0","YAHOTYN, UP","   14",",,I",,,,,"  119",",,S","  144","H,,S"
"UPM00033356","1989-09-08","50.217","31.8","128.0","YAHOTYN, UP","   29",",,I",,,"  168",",,S","  125",",,S","  139","H,,S"
"UPM00033356","1989-09-09","50.217","31.8","128.0","YAHOTYN, UP","   33",",,I",,,"  173",",,S","  120",",,S","  144","H,,S"
"UPM00033356","1989-09-10","50.217","31.8","128.0","YAHOTYN, UP","    6",",,I",,,"  175",",,S","  130",",,S","  153","H,,S"
"UPM00033356","1989-09-11","50.217","31.8","128.0","YAHOTYN, UP","    7",",,I",,,"  163",",,S",,,"  141","H,,S"
"UPM00033356","1989-09-12","50.217","31.8","128.0","YAHOTYN, UP","    0","T,,I",,,"  138",",,S",,,"   96","H,,S"
"UPM00033356","1989-09-13","50.217","31.8","128.0","YAHOTYN, UP","    0","T,,I",,,,,"   51",",,S","   95","H,,S"
"UPM00033356","1989-09-14","50.217","31.8","128.0","YAHOTYN, UP","    3",",,I",,,"  159",",,S",,,"  119","H,,S"
"UPM00033356","1989-09-15","50.217","31.8","128.0","YAHOTYN, UP","    0",",,I",,,"  173",",,S",,,"  135","H,,S"
"UPM00033356","1989-09-16","50.217","31.8","128.0","YAHOTYN, UP","  235",",,I",,,,,,,,
"UPM00033356","1989-09-17","50.217","31.8","128.0","YAHOTYN, UP","    6",",,I",,,,,"   95",",,S","  124","H,,S"
"UPM00033356","1989-09-18","50.217","31.8","128.0","YAHOTYN, UP","    0",",,I",,,,,,,,
"UPM00033356","1989-09-19","50.217","31.8","128.0","YAHOTYN, UP","    0","T,,I",,,"  229",",,S","   99",",,S","  171","H,,S"
"UPM00033356","1989-09-20","50.217","31.8","128.0","YAHOTYN, UP","    0",",,I",,,,,,,,
"UPM00033356","1989-09-21","50.217","31.8","128.0","YAHOTYN, UP","    0",",,I",,,"  225",",,S",,,"  144","H,,S"
"UPM00033356","1989-09-22","50.217","31.8","128.0","YAHOTYN, UP","    0",",,I",,,"  218",",,S",,,"  149","H,,S"
"UPM00033356","1989-09-23","50.217","31.8","128.0","YAHOTYN, UP","    0",",,I",,,"  234",",,S","   76",",,S","  163","H,,S"
"UPM00033356","1989-09-24","50.217","31.8","128.0","YAHOTYN, UP","    0",",,I",,,"  233",",,S","   91",",,S","  161","H,,S"
"UPM00033356","1989-09-25","50.217","31.8","128.0","YAHOTYN, UP","    0",",,I",,,"  219",",,S","  103",",,S","  166","H,,S"
"UPM00033356","1989-09-26","50.217","31.8","128.0","YAHOTYN, UP","    0",",,I",,,"  201",",,S","   93",",,S","  143","H,,S"
"UPM00033356","1989-09-27","50.217","31.8","128.0","YAHOTYN, UP","    5",",,I",,,,,,,"  147","H,,S"
"UPM00033356","1989-09-28","50.217","31.8","128.0","YAHOTYN, UP","    6",",,I",,,"  176",",,S",,,"  117","H,,S"
"UPM00033356","1989-09-29","50.217","31.8","128.0","YAHOTYN, UP","    0",",,I",,,"  177",",,S","   68",",,S","  104","H,,S"
"UPM00033356","1989-09-30","50.217","31.8","128.0","YAHOTYN, UP","   24",",,I",,,"  141",",,S","   49",",,S","   98","H,,S"
"UPM00033356","1989-10-01","50.217","31.8","128.0","YAHOTYN, UP","   96",",,I",,,,,,,"   63","H,,S"
"UPM00033356","1989-10-02","50.217","31.8","128.0","YAHOTYN, UP","   48",",,I",,,"   89",",,S","   15",",,S","   53","H,,S"
"UPM00033356","1989-10-03","50.217","31.8","128.0","YAHOTYN, UP","   41",",,I",,,"  108",",,S",,,"   74","H,,S"
"UPM00033356","1989-10-04","50.217","31.8","128.0","YAHOTYN, UP","   25",",,I",,,,,,,,
"UPM00033356","1989-10-05","50.217","31.8","128.0","YAHOTYN, UP","   14",",,I",,,"   87",",,S",,,"   73","H,,S"
"UPM00033356","1989-10-06","50.217","31.8","128.0","YAHOTYN, UP","    0",",,I",,,"   87",",,S",,,"   54","H,,S"
"UPM00033356","1989-10-07","50.217","31.8","128.0","YAHOTYN, UP","    4",",,I",,,"   83",",,S",,,"   44","H,,S"
"UPM00033356","1989-10-08","50.217","31.8","128.0","YAHOTYN, UP","    0",",,I",,,"  155",",,S",,,"   86","H,,S"
"UPM00033356","1989-10-09","50.217","31.8","128.0","YAHOTYN, UP","   85",",,I",,,"  108",",,S",,,"  105","H,,S"
"UPM00033356","1989-10-10","50.217","31.8","128.0","YAHOTYN, UP","   12",",,I",,,"  154",",,S","  100",",,S","  131","H,,S"
"UPM00033356","1989-10-11","50.217","31.8","128.0","YAHOTYN, UP","   69",",,I",,,,,,,"  114","H,,S"
"UPM00033356","1989-10-12","50.217","31.8","128.0","YAHOTYN, UP","    3",",,I",,,"  116",",,S","   26",",,S","   71","H,,S"
"UPM00033356","1989-10-13","50.217","31.8","128.0","YAHOTYN, UP","   11",",,I",,,"  114",",,S",,,"   82","H,,S"
"UPM00033356","1989-10-14","50.217","31.8","128.0","YAHOTYN, UP","    4",",,I",,,"  172",",,S","   92",",,S","  126","H,,S"
"UPM00033356","1989-10-15","50.217","31.8","128.0","YAHOTYN, UP","    0",",,I",,,,,"   60",",,S","  115","H,,S"
"UPM00033356","1989-10-16","50.217","31.8","128.0","YAHOTYN, UP","   42",",,I",,,"  112",",,S","   86",",,S","   96","H,,S"
"UPM00033356","1989-10-17","50.217","31.8","128.0","YAHOTYN, UP","    0",",,I",,,"  106",",,S",,,"   84","H,,S"
"UPM00033356","1989-10-18","50.217","31.8","128.0","YAHOTYN, UP","   38",",,I",,,,,,,"   78","H,,S"
"UPM00033356","1989-10-19","50.217","31.8","128.0","YAHOTYN, UP","    0",",,I",,,,,,,,
"UPM00033356","1989-10-20","50.217","31.8","128.0","YAHOTYN, UP","    0",",,I",,,"   87",",,S","  -20",",,S","   36","H,,S"
"UPM00033356","1989-10-21","50.217","31.8","128.0","YAHOTYN, UP","    0",",,I",,,,,"    9",",,S","   60","H,,S"
"UPM00033356","1989-10-22","50.217","31.8","128.0","YAHOTYN, UP","    5",",,I",,,"  169",",,S","   66",",,S","  122","H,,S"
"UPM00033356","1989-10-23","50.217","31.8","128.0","YAHOTYN, UP","    0",",,I",,,"  204",",,S",,,"  115","H,,S"
"UPM00033356","1989-10-24","50.217","31.8","128.0","YAHOTYN, UP","    0",",,I",,,,,,,,
"UPM00033356","1989-10-25","50.217","31.8","128.0","YAHOTYN, UP","    0",",,I",,,,,,,"  130","H,,S"
"UPM00033356","1989-10-26","50.217","31.8","128.0","YAHOTYN, UP","    0",",,I",,,,,"   67",",,S","  108","H,,S"
"UPM00033356","1989-10-27","50.217","31.8","128.0","YAHOTYN, UP","    0",",,I",,,"  155",",,S","   66",",,S","  113","H,,S"
"UPM00033356","1989-10-28","50.217","31.8","128.0","YAHOTYN, UP","    0",",,I",,,"  114",",,S",,,"   58","H,,S"
"UPM00033356","1989-10-29","50.217","31.8","128.0","YAHOTYN, UP","    0",",,I",,,"  133",",,S","   11",",,S","   71","H,,S"
"UPM00033356","1989-10-30","50.217","31.8","128.0","YAHOTYN, UP","    6",",,I",,,,,"   46",",,S","   74","H,,S"
"UPM00033356","1989-10-31","50.217","31.8","128.0","YAHOTYN, UP","   29",",,I",,,"  112",",,S",,,"  102","H,,S"
"UPM00033356","1989-11-01","50.217","31.8","128.0","YAHOTYN, UP","   29",",,I",,,"  117",",,S",,,"   77","H,,S"
"UPM00033356","1989-11-02","50.217","31.8","128.0","YAHOTYN, UP","    0","T,,I",,,"  105",",,S",,,"   86","H,,S"
"UPM00033356","1989-11-03","50.217","31.8","128.0","YAHOTYN, UP","   40",",,I",,,,,,,"   69","H,,S"
"UPM00033356","1989-11-04","50.217","31.8","128.0","YAHOTYN, UP","    0",",,I",,,"  100",",,S",,,"   56","H,,S"
"UPM00033356","1989-11-05","50.217","31.8","128.0","YAHOTYN, UP","    0","T,,I",,,,,,,,
"UPM00033356","1989-11-06","50.217","31.8","128.0","YAHOTYN, UP","    0","T,,I",,,,,"   38",",,S","   48","H,,S"
"UPM00033356","1989-11-07","50.217","31.8","128.0","YAHOTYN, UP","    0","T,,I",,,"   32",",,S",,,"   26","H,,S"
"UPM00033356","1989-11-08","50.217","31.8","128.0","YAHOTYN, UP","    0","T,,I",,,"   31",",,S",,,"   26","H,,S"
"UPM00033356","1989-11-09","50.217","31.8","128.0","YAHOTYN, UP","    0",",,I",,,,,"   16",",,S","   41","H,,S"
"UPM00033356","1989-11-10","50.217","31.8","128.0","YAHOTYN, UP","    0",",,I",,,,,"   29",",,S","   53","H,,S"
"UPM00033356","1989-11-11","50.217","31.8","128.0","YAHOTYN, UP","    0",",,I",,,,,,,"   29","H,,S"
"UPM00033356","1989-11-12","50.217","31.8","128.0","YAHOTYN, UP","    0",",,I",,,"   64",",,S","  -36",",,S","   11","H,,S"
"UPM00033356","1989-11-13","50.217","31.8","128.0","YAHOTYN, UP","    0",",,I",,,,,,,,
"UPM00033356","1989-11-14","50.217","31.8","128.0","YAHOTYN, UP","    0","T,,I",,,,,"  -39",",,S","   -1","H,,S"
"UPM00033356","1989-11-15","50.217","31.8","128.0","YAHOTYN, UP","   24",",,I",,,,,,,"   10","H,,S"
"UPM00033356","1989-11-16","50.217","31.8","128.0","YAHOTYN, UP","   51",",,I",,,,,,,,
"UPM00033356","1989-11-17","50.217","31.8","128.0","YAHOTYN, UP","   11",",,I",,,,,,,"  -15","H,,S"
"UPM00033356","1989-11-18","50.217","31.8","128.0","YAHOTYN, UP","    0","T,,I","   10",",,S",,,,,"  -51","H,,S"
"UPM00033356","1989-11-19","50.217","31.8","128.0","YAHOTYN, UP","    0","T,,I","   10",",,S",,,,,"  -58","H,,S"
"UPM00033356","1989-11-20","50.217","31.8","128.0","YAHOTYN, UP","    0","T,,I","   10",",,S",,,,,"  -73","H,,S"
"UPM00033356","1989-11-21","50.217","31.8","128.0","YAHOTYN, UP","    0",",,I","   10",",,S","    9",",,S","  -90",",,S","  -46","H,,S"
"UPM00033356","1989-11-22","50.217","31.8","128.0","YAHOTYN, UP","    0",",,I",,,,,,,"    7","H,,S"
"UPM00033356","1989-11-23","50.217","31.8","128.0","YAHOTYN, UP","   66",",,I",,,"   12",",,S",,,"    0","H,,S"
"UPM00033356","1989-11-24","50.217","31.8","128.0","YAHOTYN, UP","    0",",,I",,,,,,,"  -27","H,,S"
"UPM00033356","1989-11-25","50.217","31.8","128.0","YAHOTYN, UP","   10",",,I","   51",",,S",,,"  -60",",,S","   -5","H,,S"
"UPM00033356","1989-11-26","50.217","31.8","128.0","YAHOTYN, UP","    0","T,,I",,,,,,,,
"UPM00033356","1989-11-27","50.217","31.8","128.0","YAHOTYN, UP","    0","T,,I",,,,,,,"  -73","H,,S"
"UPM00033356","1989-11-28","50.217","31.8","128.0","YAHOTYN, UP","    6",",,I","   41",",,S","  -15",",,S","  -57",",,S","  -29","H,,S"
"UPM00033356","1989-11-29","50.217","31.8","128.0","YAHOTYN, UP","    8",",,I","   51",",,S",,,,," -123","H,,S"
"UPM00033356","1989-11-30","50.217","31.8","128.0","YAHOTYN, UP","    0","T,,I",,,,,,,"  -67","H,,S"
"UPM00033356","1989-12-01","50.217","31.8","128.0","YAHOTYN, UP","    2",",,I",,,,,,,"  -17","H,,S"
"UPM00033356","1989-12-02","50.217","31.8","128.0","YAHOTYN, UP","    0",",,I","   30",",,S",,,"  -13",",,S","    4","H,,S"
"UPM00033356","1989-12-03","50.217","31.8","128.0","YAHOTYN, UP","    0","T,,I","   30",",,S","   10",",,S","  -29",",,S","   -6","H,,S"
"UPM00033356","1989-12-04","50.217","31.8","128.0","YAHOTYN, UP","    0",",,I","   30",",,S","   20",",,S","  -10",",,S","    3","H,,S"
"UPM00033356","1989-12-05","50.217","31.8","128.0","YAHOTYN, UP","    6",",,I",,,,,,,"  -29","H,,S"
"UPM00033356","1989-12-06","50.217","31.8","128.0","YAHOTYN, UP","    0",",,I","   10",",,S",,,,,"  -62","H,,S"
"UPM00033356","1989-12-07","50.217","31.8","128.0","YAHOTYN, UP","   39",",,I",,,,,,,"  -11","H,,S"
"UPM00033356","1989-12-08","50.217","31.8","128.0","YAHOTYN, UP","   34",",,I","   20",",,S","  -40",",,S",,,"  -69","H,,S"
"UPM00033356","1989-12-09","50.217","31.8","128.0","YAHOTYN, UP","    0",",,I",,,,,,,"  -96","H,,S"
"UPM00033356","1989-12-10","50.217","31.8","128.0","YAHOTYN, UP","    0",",,I","   41",",,S"," -110",",,S"," -159",",,S"," -129","H,,S"
"UPM00033356","1989-12-11","50.217","31.8","128.0","YAHOTYN, UP","    0","T,,I",,," -101",",,S",,," -131","H,,S"
"UPM00033356","1989-12-12","50.217","31.8","128.0","YAHOTYN, UP","    0","T,,I","   41",",,S",,,,,"  -56","H,,S"
"UPM00033356","1989-12-13","50.217","31.8","128.0","YAHOTYN, UP","    0",",,I","   41",",,S",,," -115",",,S","  -76","H,,S"
"UPM00033356","1989-12-14","50.217","31.8","128.0","YAHOTYN, UP","    5",",,I","   41",",,S","   38",",,S","  -39",",,S","   -3","H,,S"
"UPM00033356","1989-12-15","50.217","31.8","128.0","YAHOTYN, UP","    0",",,I",,,"   68",",,S",,,"   52","H,,S"
"UPM00033356","1989-12-16","50.217","31.8","128.0","YAHOTYN, UP","  143",",,I",,,,,,,"   33","H,,S"
"UPM00033356","1989-12-17","50.217","31.8","128.0","YAHOTYN, UP","    0","T,,I",,,,,"  -21",",,S","   16","H,,S"
"UPM00033356","1989-12-18","50.217","31.8","128.0","YAHOTYN, UP","    0","T,,I",,,,,,,"   59","H,,S"
"UPM00033356","1989-12-19","50.217","31.8","128.0","YAHOTYN, UP","    0",",,I",,,,,,,"   47","H,,S"
"UPM00033356","1989-12-20","50.217","31.8","128.0","YAHOTYN, UP","   86",",,I",,,"   70",",,S",,,"   34","H,,S"
"UPM00033356","1989-12-21","50.217","31.8","128.0","YAHOTYN, UP","   38",",,I",,,"   24",",,S","   -9",",,S","   10","H,,S"
"UPM00033356","1989-12-22","50.217","31.8","128.0","YAHOTYN, UP","   22",",,I",,,"   91",",,S","   15",",,S","   56","H,,S"
"UPM00033356","1989-12-23","50.217","31.8","128.0","YAHOTYN, UP","   18",",,I",,,,,,,,
"UPM00033356","1989-12-24","50.217","31.8","128.0","YAHOTYN, UP","    3",",,I",,,,,,,,
"UPM00033356","1989-12-25","50.217","31.8","128.0","YAHOTYN, UP","    0",",,I",,,,,"    6",",,S","   16","H,,S"
"UPM00033356","1989-12-26","50.217","31.8","128.0","YAHOTYN, UP","    0",",,I",,,,,,,"    7","H,,S"
"UPM00033356","1989-12-27","50.217","31.8","128.0","YAHOTYN, UP","    0","T,,I",,,"   10",",,S",,,"    4","H,,S"
"UPM00033356","1989-12-28","50.217","31.8","128.0","YAHOTYN, UP","    0","T,,I",,,"   -4",",,S","  -14",",,S","   -7","H,,S"
"UPM00033356","1989-12-29","50.217","31.8","128.0","YAHOTYN, UP","    0","T,,I",,,,,,,"  -17","H,,S"
"UPM00033356","1989-12-30","50.217","31.8","128.0","YAHOTYN, UP","    0",",,I",,,,,"  -39",",,S","  -24","H,,S"
"UPM00033356","1989-12-31","50.217","31.8","128.0","YAHOTYN, UP","    2",",,I",,,,,,,"  -42","H,,S"
"UPM00033356","1990-01-01","50.217","31.8","128.0","YAHOTYN, UP","    0","T,,I",,,,,,,"  -53","H,,S"
"UPM00033356","1990-01-02","50.217","31.8","128.0","YAHOTYN, UP","    2",",,I",,,,,"  -67",",,S","  -57","H,,S"
"UPM00033356","1990-01-03","50.217","31.8","128.0","YAHOTYN, UP","    5",",,I",,,,,,,,
"UPM00033356","1990-01-04","50.217","31.8","128.0","YAHOTYN, UP","    1",",,I",,,,,,,,
"UPM00033356","1990-01-05","50.217","31.8","128.0","YAHOTYN, UP","    0",",,I",,,,,,,,
"UPM00033356","1990-01-06","50.217","31.8","128.0","YAHOTYN, UP","    1",",,I",,,"  -42",",,S","  -88",",,S","  -64","H,,S"
"UPM00033356","1990-01-07","50.217","31.8","128.0","YAHOTYN, UP","    4",",,I",,,,,,,"  -42","H,,S"
"UPM00033356","1990-01-08","50.217","31.8","128.0","YAHOTYN, UP","    0",",,I",,,,,"  -25",",,S","  -21","H,,S"
"UPM00033356","1990-01-09","50.217","31.8","128.0","YAHOTYN, UP","   11",",,I",,,"   12",",,S","  -51",",,S","  -22","H,,S"
"UPM00033356","1990-01-10","50.217","31.8","128.0","YAHOTYN, UP","    0",",,I","   10",",,S","   22",",,S","  -10",",,S","    2","H,,S"
"UPM00033356","1990-01-11","50.217","31.8","128.0","YAHOTYN, UP","    0","T,,I","   10",",,S",,,"  -34",",,S","   10","H,,S"
"UPM00033356","1990-01-12","50.217","31.8","128.0","YAHOTYN, UP","    0","T,,I",,,"   50",",,S",,,"   29","H,,S"
"UPM00033356","1990-01-13","50.217","31.8","128.0","YAHOTYN, UP","    5",",,I",,,"   32",",,S","    5",",,S","   19","H,,S"
"UPM00033356","1990-01-14","50.217","31.8","128.0","YAHOTYN, UP","   36",",,I",,,"   32",",,S",,,"   12","H,,S"
"UPM00033356","1990-01-15","50.217","31.8","128.0","YAHOTYN, UP","    7",",,I",,,"   34",",,S",,,"    1","H,,S"
"UPM00033356","1990-01-16","50.217","31.8","128.0","YAHOTYN, UP","   59",",,I",,,,,,,,
"UPM00033356","1990-01-17","50.217","31.8","128.0","YAHOTYN, UP","    8",",,I",,,,,"   12",",,S","   46","H,,S"
"UPM00033356","1990-01-18","50.217","31.8","128.0","YAHOTYN, UP","    1",",,I",,,,,,,"   45","H,,S"
"UPM00033356","1990-01-19","50.217","31.8","128.0","YAHOTYN, UP","    0",",,I",,,,,"   -4",",,S","    7","H,,S"
"UPM00033356","1990-01-20","50.217","31.8","128.0","YAHOTYN, UP","    0",",,I",,,"   26",",,S","   -2",",,S","    9","H,,S"
"UPM00033356","1990-01-21","50.217","31.8","128.0","YAHOTYN, UP","   12",",,I",,,"   20",",,S",,,"    6","H,,S"
"UPM00033356","1990-01-22","50.217","31.8","128.0","YAHOTYN, UP","   44",",,I",,,,,,,"    7","H,,S"
"UPM00033356","1990-01-23","50.217","31.8","128.0","YAHOTYN, UP","    0",",,I","   10",",,S",,,,,"  -12","H,,S"
"UPM00033356","1990-01-24","50.217","31.8","128.0","YAHOTYN, UP","    1",",,I",,,,,,,,
"UPM00033356","1990-01-25","50.217","31.8","128.0","YAHOTYN, UP","    0",",,I","   10",",,S",,,"   -9",",,S","    7","H,,S"
"UPM00033356","1990-01-26","50.217","31.8","128.0","YAHOTYN, UP","    0","T,,I",,,"   37",",,S","  -15",",,S","   14","H,,S"
"UPM00033356","1990-01-27","50.217","31.8","128.0","YAHOTYN, UP","   13",",,I",,,"   63",",,S",,,"   24","H,,S"
"UPM00033356","1990-01-28","50.217","31.8","128.0","YAHOTYN, UP","    0",",,I",,,,,"   -4",",,S","   19","H,,S"
"UPM00033356","1990-01-29","50.217","31.8","128.0","YAHOTYN, UP","    8",",,I",,,,,,,,
"UPM00033356","1990-01-30","50.217","31.8","128.0","YAHOTYN, UP","   19",",,I",,,,,,,,
"UPM00033356","1990-01-31","50.217","31.8","128.0","YAHOTYN, UP","    0",",,I",,,,,,,,
"UPM00033356","1990-02-01","50.217","31.8","128.0","YAHOTYN, UP","    0",",,I",,,"   -1",",,S",,,"  -12","H,,S"
"UPM00033356","1990-02-02","50.217","31.8","128.0","YAHOTYN, UP","    0","T,,I",,,"   -2",",,S","  -27",",,S","   -4","H,,S"
"UPM00033356","1990-02-03","50.217","31.8","128.0","YAHOTYN, UP","    0",",,I",,,,,,,"   -4","H,,S"
"UPM00033356","1990-02-04","50.217","31.8","128.0","YAHOTYN, UP","    4",",,I",,,"   17",",,S","   -4",",,S","    4","H,,S"
"UPM00033356","1990-02-05","50.217","31.8","128.0","YAHOTYN, UP","   32",",,I","   10",",,S",,,"    0",",,S","   19","H,,S"
"UPM00033356","1990-02-06","50.217","31.8","128.0","YAHOTYN, UP","    0",",,I",,,"   35",",,S",,,"   14","H,,S"
"UPM00033356","1990-02-07","50.217","31.8","128.0","YAHOTYN, UP","    0",",,I",,,,,"  -24",",,S","  -14","H,,S"
"UPM00033356","1990-02-08","50.217","31.8","128.0","YAHOTYN, UP","    0",",,I",,,,,"  -25",",,S","  -14","H,,S"
"UPM00033356","1990-02-09","50.217","31.8","128.0","YAHOTYN, UP","    0",",,I",,,,,"  -20",",,S","   28","H,,S"
"UPM00033356","1990-02-10","50.217","31.8","128.0","YAHOTYN, UP","    0",",,I",,,,,,,"   17","H,,S"
"UPM00033356","1990-02-11","50.217","31.8","128.0","YAHOTYN, UP","    0",",,I",,,"   54",",,S","  -14",",,S","   16","H,,S"
"UPM00033356","1990-02-12","50.217","31.8","128.0","YAHOTYN, UP","    0",",,I",,,"   38",",,S","  -17",",,S","    6","H,,S"
"UPM00033356","1990-02-13","50.217","31.8","128.0","YAHOTYN, UP","    7",",,I",,,"   17",",,S","   -6",",,S","    2","H,,S"
"UPM00033356","1990-02-14","50.217","31.8","128.0","YAHOTYN, UP","   72",",,I",,,"   30",",,S","    1",",,S","   17","H,,S"
"UPM00033356","1990-02-15","50.217","31.8","128.0","YAHOTYN, UP","   23",",,I",,,"   27",",,S","    4",",,S","   13","H,,S"
"UPM00033356","1990-02-16","50.217","31.8","128.0","YAHOTYN, UP","  219",",,I",,,,,,,"   -3","H,,S"
"UPM00033356","1990-02-17","50.217","31.8","128.0","YAHOTYN, UP","    2",",,I",,,,,,,,
"UPM00033356","1990-02-18","50.217","31.8","128.0","YAHOTYN, UP","    4",",,I",,,"    7",",,S",,,"   -1","H,,S"
"UPM00033356","1990-02-19","50.217","31.8","128.0","YAHOTYN, UP","   36",",,I","   89",",,S",,,"  -10",",,S","    1","H,,S"
"UPM00033356","1990-02-20","50.217","31.8","128.0","YAHOTYN, UP","    0",",,I","   89",",,S",,,"  -22",",,S","  -13","H,,S"
"UPM00033356","1990-02-21","50.217","31.8","128.0","YAHOTYN, UP","    0",",,I","   89",",,S",,,"  -30",",,S","    5","H,,S"
"UPM00033356","1990-02-22","50.217","31.8","128.0","YAHOTYN, UP","    0",",,I","   61",",,S","   95",",,S","   12",",,S","   61","H,,S"
"UPM00033356","1990-02-23","50.217","31.8","128.0","YAHOTYN, UP","    0",",,I",,,"   62",",,S","   27",",,S","   39","H,,S"
"UPM00033356","1990-02-24","50.217","31.8","128.0","YAHOTYN, UP","    0",",,I",,,"  141",",,S",,,"   62","H,,S"
"UPM00033356","1990-02-25","50.217","31.8","128.0","YAHOTYN, UP","    0",",,I",,,,,,,"   78","H,,S"
"UPM00033356","1990-02-26","50.217","31.8","128.0","YAHOTYN, UP","    0",",,I",,,,,"   34",",,S","   89","H,,S"
"UPM00033356","1990-02-27","50.217","31.8","128.0","YAHOTYN, UP","   28",",,I",,,,,,,,
"UPM00033356","1990-02-28","50.217","31.8","128.0","YAHOTYN, UP","    0","T,,I",,,,,,,"   33","H,,S"
"UPM00033356","1990-03-01","50.217","31.8","128.0","YAHOTYN, UP","   17",",,I",,,,,"   -9",",,S","   31","H,,S"
"UPM00033356","1990-03-02","50.217","31.8","128.0","YAHOTYN, UP","    5",",,I",,,,,"   19",",,S","   27","H,,S"
"UPM00033356","1990-03-03","50.217","31.8","128.0","YAHOTYN, UP","    6",",,I",,,,,,,,
"UPM00033356","1990-03-04","50.217","31.8","128.0","YAHOTYN, UP","    0",",,I",,,"   34",",,S",,,"    9","H,,S"
"UPM00033356","1990-03-05","50.217","31.8","128.0","YAHOTYN, UP","   31",",,I",,,,,"    5",",,S","   32","H,,S"
"UPM00033356","1990-03-06","50.217","31.8","128.0","YAHOTYN, UP","    0",",,I",,,,,"   11",",,S","   59","H,,S"
"UPM00033356","1990-03-07","50.217","31.8","128.0","YAHOTYN, UP","    2",",,I",,,,,,,"   32","H,,S"
"UPM00033356","1990-03-08","50.217","31.8","128.0","YAHOTYN, UP","    3",",,I",,,"  106",",,S","   -5",",,S","   61","H,,S"
"UPM00033356","1990-03-09","50.217","31.8","128.0","YAHOTYN, UP","    0",",,I",,,"  142",",,S",,,"   93","H,,S"
"UPM00033356","1990-03-10","50.217","31.8","128.0","YAHOTYN, UP","   22",",,I",,,,,,,"   51","H,,S"
"UPM00033356","1990-03-11","50.217","31.8","128.0","YAHOTYN, UP","    0",",,I",,,"   82",",,S","  -26",",,S","   24","H,,S"
"UPM00033356","1990-03-12","50.217","31.8","128.0","YAHOTYN, UP","    9",",,I",,,,,"   27",",,S","   94","H,,S"
"UPM00033356","1990-03-13","50.217","31.8","128.0","YAHOTYN, UP","   16",",,I",,,"   75",",,S","   26",",,S","   45","H,,S"
"UPM00033356","1990-03-14","50.217","31.8","128.0","YAHOTYN, UP","    0","T,,I",,,,,"  -17",",,S","   -5","H,,S"
"UPM00033356","1990-03-15","50.217","31.8","128.0","YAHOTYN, UP","    0",",,I",,,"   29",",,S",,,"   -6","H,,S"
"UPM00033356","1990-03-16","50.217","31.8","128.0","YAHOTYN, UP","    0",",,I",,,,,"  -65",",,S","    7","H,,S"
"UPM00033356","1990-03-17","50.217","31.8","128.0","YAHOTYN, UP","    0",",,I",,,"  166",",,S","   13",",,S","   87","H,,S"
"UPM00033356","1990-03-18","50.217","31.8","128.0","YAHOTYN, UP","    0",",,I",,,"  162",",,S","   55",",,S","  114","H,,S"
"UPM00033356","1990-03-19","50.217","31.8","128.0","YAHOTYN, UP","    0",",,I",,,,,"   23",",,S","   72","H,,S"
"UPM00033356","1990-03-20","50.217","31.8","128.0","YAHOTYN, UP","    0",",,I",,,"  222",",,S",,,"  124","H,,S"
"UPM00033356","1990-03-21","50.217","31.8","128.0","YAHOTYN, UP","    0",",,I",,,,,,,"   91","H,,S"
"UPM00033356","1990-03-22","50.217","31.8","128.0","YAHOTYN, UP","    0",",,I",,,,,"   11",",,S","  106","H,,S"
"UPM00033356","1990-03-23","50.217","31.8","128.0","YAHOTYN, UP","    3",",,I",,,,,,,"  112","H,,S"
"UPM00033356","1990-03-24","50.217","31.8","128.0","YAHOTYN, UP","    0",",,I",,,,,"   20",",,S","   78","H,,S"
"UPM00033356","1990-03-25","50.217","31.8","128.0","YAHOTYN, UP","    0",",,I",,,,,"   35",",,S","  118","H,,S"
"UPM00033356","1990-03-26","50.217","31.8","128.0","YAHOTYN, UP","    0","T,,I",,,"  125",",,S",,,"  102","H,,S"
"UPM00033356","1990-03-27","50.217","31.8","128.0","YAHOTYN, UP","    0",",,I",,,,,"   26",",,S","   92","H,,S"
"UPM00033356","1990-03-28","50.217","31.8","128.0","YAHOTYN, UP","    0",",,I",,,"  122",",,S",,,"   83","H,,S"
"UPM00033356","1990-03-29","50.217","31.8","128.0","YAHOTYN, UP","    0",",,I",,,,,"  -20",",,S","   37","H,,S"
"UPM00033356","1990-03-30","50.217","31.8","128.0","YAHOTYN, UP","    0",",,I",,,,,"  -29",",,S","   62","H,,S"
"UPM00033356","1990-03-31","50.217","31.8","128.0","YAHOTYN, UP","   14",",,I",,,,,"   41",",,S","   68","H,,S"
"UPM00033356","1990-04-01","50.217","31.8","128.0","YAHOTYN, UP","    0",",,I",,,,,"   23",",,S","   86","H,,S"
"UPM00033356","1990-04-02","50.217","31.8","128.0","YAHOTYN, UP","    0",",,I",,,,,,,"  148","H,,S"
"UPM00033356","1990-04-03","50.217","31.8","128.0","YAHOTYN, UP","    0",",,I",,,"  250",",,S",,,"  178","H,,S"
"UPM00033356","1990-04-04","50.217","31.8","128.0","YAHOTYN, UP","    0",",,I",,,"  221",",,S","   67",",,S","  141","H,,S"
"UPM00033356","1990-04-05","50.217","31.8","128.0","YAHOTYN, UP","    0",",,I",,,"  156",",,S",,,"   95","H,,S"
"UPM00033356","1990-04-06","50.217","31.8","128.0","YAHOTYN, UP","    0",",,I",,,,,,,,
"UPM00033356","1990-04-07","50.217","31.8","128.0","YAHOTYN, UP","    0","T,,I",,,"  178",",,S","   81",",,S","  121","H,,S"
"UPM00033356","1990-04-08","50.217","31.8","128.0","YAHOTYN, UP","   31",",,I",,,"  105",",,S",,,"   69","H,,S"
"UPM00033356","1990-04-09","50.217","31.8","128.0","YAHOTYN, UP","  366",",,I","   10",",,S",,,,,"   -6","H,,S"
"UPM00033356","1990-04-10","50.217","31.8","128.0","YAHOTYN, UP","   11",",,I",,,"    7",",,S",,,"   -3","H,,S"
"UPM00033356","1990-04-11","50.217","31.8","128.0","YAHOTYN, UP","    0","T,,I","   71",",,S","   30",",,S","    1",",,S","   14","H,,S"
"UPM00033356","1990-04-12","50.217","31.8","128.0","YAHOTYN, UP","  121",",,I",,,,,,,"   45","H,,S"
"UPM00033356","1990-04-13","50.217","31.8","128.0","YAHOTYN, UP","   46",",,I",,,"   68",",,S","   30",",,S","   58","H,,S"
"UPM00033356","1990-04-14","50.217","31.8","128.0","YAHOTYN, UP","   52",",,I",,,,,,,,
"UPM00033356","1990-04-15","50.217","31.8","128.0","YAHOTYN, UP","    0",",,I",,,,,,,"   79","H,,S"
"UPM00033356","1990-04-16","50.217","31.8","128.0","YAHOTYN, UP","    0",",,I",,,,,,,"  104","H,,S"
"UPM00033356","1990-04-17","50.217","31.8","128.0","YAHOTYN, UP","    0",",,I",,,,,,,"  116","H,,S"
"UPM00033356","1990-04-18","50.217","31.8","128.0","YAHOTYN, UP","    0",",,I",,,,,"   59",",,S","  117","H,,S"
"UPM00033356","1990-04-19","50.217","31.8","128.0","YAHOTYN, UP","   15",",,I",,,,,,,"  121","H,,S"
"UPM00033356","1990-04-20","50.217","31.8","128.0","YAHOTYN, UP","    0",",,I",,,"  177",",,S",,,"  121","H,,S"
"UPM00033356","1990-04-21","50.217","31.8","128.0","YAHOTYN, UP","    0",",,I",,,,,,,,
"UPM00033356","1990-04-22","50.217","31.8","128.0","YAHOTYN, UP","    0","T,,I",,,"  161",",,S","   51",",,S","  119","H,,S"
"UPM00033356","1990-04-23","50.217","31.8","128.0","YAHOTYN, UP","    0","T,,I",,,"  153",",,S",,,"  102","H,,S"
"UPM00033356","1990-04-24","50.217","31.8","128.0","YAHOTYN, UP","    0","T,,I",,,,,"   45",",,S","  100","H,,S"
"UPM00033356","1990-04-25","50.217","31.8","128.0","YAHOTYN, UP","  155",",,I",,,"  121",",,S",,,"  106","H,,S"
"UPM00033356","1990-04-26","50.217","31.8","128.0","YAHOTYN, UP","   16",",,I",,,,,,,"   93","H,,S"
"UPM00033356","1990-04-27","50.217","31.8","128.0","YAHOTYN, UP","   44",",,I",,,"   93",",,S","   68",",,S","   81","H,,S"
"UPM00033356","1990-04-28","50.217","31.8","128.0","YAHOTYN, UP","   51",",,I",,,,,"   60",",,S","   81","H,,S"
"UPM00033356","1990-04-29","50.217","31.8","128.0","YAHOTYN, UP","    0","T,,I",,,,,,,"  107","H,,S"
"UPM00033356","1990-04-30","50.217","31.8","128.0","YAHOTYN, UP","    0",",,I",,,,,"   57",",,S","  121","H,,S"
"UPM00033356","1990-05-01","50.217","31.8","128.0","YAHOTYN, UP","    0",",,I",,,"  196",",,S","   56",",,S","  149","H,,S"
"UPM00033356","1990-05-02","50.217","31.8","128.0","YAHOTYN, UP","   20",",,I",,,"  112",",,S",,,"   82","H,,S"
"UPM00033356","1990-05-03","50.217","31.8","128.0","YAHOTYN, UP","    0",",,I",,,,,"   14",",,S","   73","H,,S"
"UPM00033356","1990-05-04","50.217","31.8","128.0","YAHOTYN, UP","    0",",,I",,,,,,,"  134","H,,S"
"UPM00033356","1990-05-05","50.217","31.8","128.0","YAHOTYN, UP","    0",",,I",,,"  206",",,S","  106",",,S","  150","H,,S"
"UPM00033356","1990-05-06","50.217","31.8","128.0","YAHOTYN, UP","    0",",,I",,,"  232",",,S","   71",",,S","  158","H,,S"
"UPM00033356","1990-05-07","50.217","31.8","128.0","YAHOTYN, UP","    0",",,I",,,"  259",",,S","   90",",,S","  158","H,,S"
"UPM00033356","1990-05-08","50.217","31.8","128.0","YAHOTYN, UP","    0",",,I",,,,,,,,
"UPM00033356","1990-05-09","50.217","31.8","128.0","YAHOTYN, UP","    0",",,I",,,,,"   65",",,S","  124","H,,S"
"UPM00033356","1990-05-10","50.217","31.8","128.0","YAHOTYN, UP","    0",",,I",,,,,,,,
"UPM00033356","1990-05-11","50.217","31.8","128.0","YAHOTYN, UP","    0",",,I",,,,,,,,
"UPM00033356","1990-05-12","50.217","31.8","128.0","YAHOTYN, UP","    0",",,I",,,,,"  111",",,S","  181","H,,S"
"UPM00033356","1990-05-13","50.217","31.8","128.0","YAHOTYN, UP","    0",",,I",,,,,,,"  152","H,,S"
"UPM00033356","1990-05-14","50.217","31.8","128.0","YAHOTYN, UP","    5",",,I",,,,,"  111",",,S","  144","H,,S"
"UPM00033356","1990-05-15","50.217","31.8","128.0","YAHOTYN, UP","  261",",,I",,,,,,,"  166","H,,S"
"UPM00033356","1990-05-16","50.217","31.8","128.0","YAHOTYN, UP","   30",",,I",,,,,,,"  171","H,,S"
"UPM00033356","1990-05-17","50.217","31.8","128.0","YAHOTYN, UP","    0",",,I",,,,,"   96",",,S","  168","H,,S"
"UPM00033356","1990-05-18","50.217","31.8","128.0","YAHOTYN, UP","   42",",,I",,,,,,,"  164","H,,S"
"UPM00033356","1990-05-19","50.217","31.8","128.0","YAHOTYN, UP","    0","T,,I",,,,,,,"   93","H,,S"
"UPM00033356","1990-05-20","50.217","31.8","128.0","YAHOTYN, UP","   12",",,I",,,,,"   34",",,S","   53","H,,S"
"UPM00033356","1990-05-21","50.217","31.8","128.0","YAHOTYN, UP","    0",",,I",,,,,"    6",",,S","   76","H,,S"
"UPM00033356","1990-05-22","50.217","31.8","128.0","YAHOTYN, UP","    0",",,I",,,,,"   51",",,S","  129","H,,S"
"UPM00033356","1990-05-23","50.217","31.8","128.0","YAHOTYN, UP","    0",",,I",,,,,"   74",",,S","  151","H,,S"
"UPM00033356","1990-05-24","50.217","31.8","128.0","YAHOTYN, UP","    0",",,I",,,,,"   89",",,S","  151","H,,S"
"UPM00033356","1990-05-25","50.217","31.8","128.0","YAHOTYN, UP","    0",",,I",,,,,,,,
"UPM00033356","1990-05-26","50.217","31.8","128.0","YAHOTYN, UP","    1",",,I",,,,,,,"  134","H,,S"
"UPM00033356","1990-05-27","50.217","31.8","128.0","YAHOTYN, UP","    0",",,I",,,"  189",",,S","   53",",,S","  133","H,,S"
"UPM00033356","1990-05-28","50.217","31.8","128.0","YAHOTYN, UP","   79",",,I",,,,,,,"  101","H,,S"
"UPM00033356","1990-05-29","50.217","31.8","128.0","YAHOTYN, UP","   20",",,I",,,"  178",",,S","   53",",,S","  121","H,,S"
"UPM00033356","1990-05-30","50.217","31.8","128.0","YAHOTYN, UP","   96",",,I",,,,,,,"   94","H,,S"
"UPM00033356","1990-05-31","50.217","31.8","128.0","YAHOTYN, UP","    0",",,I",,,"  157",",,S","   40",",,S","   99","H,,S"
"UPM00033356","1990-06-01","50.217","31.8","128.0","YAHOTYN, UP","    0",",,I",,,"  181",",,S","   41",",,S","  100","H,,S"
"UPM00033356","1990-06-02","50.217","31.8","128.0","YAHOTYN, UP","   24",",,I",,,,,"   81",",,S","  123","H,,S"
"UPM00033356","1990-06-03","50.217","31.8","128.0","YAHOTYN, UP","  156",",,I",,,"  152",",,S","  101",",,S","  121","H,,S"
"UPM00033356","1990-06-04","50.217","31.8","128.0","YAHOTYN, UP","  179",",,I",,,,,"  110",",,S","  136","H,,S"
"UPM00033356","1990-06-05","50.217","31.8","128.0","YAHOTYN, UP","  117",",,I",,,,,"  101",",,S","  149","H,,S"
"UPM00033356","1990-06-06","50.217","31.8","128.0","YAHOTYN, UP","   22",",,I",,,,,"   89",",,S","  165","H,,S"
"UPM00033356","1990-06-07","50.217","31.8","128.0","YAHOTYN, UP","    0",",,I",,,,,"  100",",,S","  154","H,,S"
"UPM00033356","1990-06-08","50.217","31.8","128.0","YAHOTYN, UP","    0",",,I",,,,,"  131",",,S","  171","H,,S"
"UPM00033356","1990-06-09","50.217","31.8","128.0","YAHOTYN, UP","   13",",,I",,,,,"  121",",,S","  163","H,,S"
"UPM00033356","1990-06-10","50.217","31.8","128.0","YAHOTYN, UP","  132",",,I",,,"  156",",,S",,,"  137","H,,S"
"UPM00033356","1990-06-11","50.217","31.8","128.0","YAHOTYN, UP","   61",",,I",,,,,"   77",",,S","  123","H,,S"
"UPM00033356","1990-06-12","50.217","31.8","128.0","YAHOTYN, UP","  335",",,I",,,,,"  133",",,S","  154","H,,S"
"UPM00033356","1990-06-13","50.217","31.8","128.0","YAHOTYN, UP","   28",",,I",,,"  166",",,S",,,"  149","H,,S"
"UPM00033356","1990-06-14","50.217","31.8","128.0","YAHOTYN, UP","    6",",,I",,,,,"  110",",,S","  146","H,,S"
"UPM00033356","1990-06-15","50.217","31.8","128.0","YAHOTYN, UP","   50",",,I",,,,,"   96",",,S","  135","H,,S"
"UPM00033356","1990-06-16","50.217","31.8","128.0","YAHOTYN, UP","    0",",,I",,,,,,,"  160","H,,S"
"UPM00033356","1990-06-17","50.217","31.8","128.0","YAHOTYN, UP","    0",",,I",,,,,"  126",",,S","  178","H,,S"
"UPM00033356","1990-06-18","50.217","31.8","128.0","YAHOTYN, UP","    0",",,I",,,"  246",",,S","  100",",,S","  174","H,,S"
"UPM00033356","1990-06-19","50.217","31.8","128.0","YAHOTYN, UP","   50",",,I",,,"  226",",,S",,,"  174","H,,S"
"UPM00033356","1990-06-20","50.217","31.8","128.0","YAHOTYN, UP","    0",",,I",,,"  236",",,S","  126",",,S","  186","H,,S"
"UPM00033356","1990-06-21","50.217","31.8","128.0","YAHOTYN, UP","    0",",,I",,,,,,,"  182","H,,S"
"UPM00033356","1990-06-22","50.217","31.8","128.0","YAHOTYN, UP","    0",",,I",,,"  217",",,S","  106",",,S","  157","H,,S"
"UPM00033356","1990-06-23","50.217","31.8","128.0","YAHOTYN, UP","    0",",,I",,,,,,,"  156","H,,S"
"UPM00033356","1990-06-24","50.217","31.8","128.0","YAHOTYN, UP","  224",",,I",,,"  197",",,S","  126",",,S","  163","H,,S"
"UPM00033356","1990-06-25","50.217","31.8","128.0","YAHOTYN, UP","    0",",,I",,,,,"  125",",,S","  153","H,,S"
"UPM00033356","1990-06-26","50.217","31.8","128.0","YAHOTYN, UP","   29",",,I",,,,,,,"  178","H,,S"
"UPM00033356","1990-06-27","50.217","31.8","128.0","YAHOTYN, UP","    0","T,,I",,,,,,,,
"UPM00033356","1990-06-28","50.217","31.8","128.0","YAHOTYN, UP","    0",",,I",,,"  275",",,S","  152",",,S","  229","H,,S"
"UPM00033356","1990-06-29","50.217","31.8","128.0","YAHOTYN, UP","    0",",,I",,,,,,,,
"UPM00033356","1990-06-30","50.217","31.8","128.0","YAHOTYN, UP","    0",",,I",,,,,"  188",",,S","  227","H,,S"
"UPM00033356","1990-07-01","50.217","31.8","128.0","YAHOTYN, UP","    0",",,I",,,,,"  178",",,S","  217","H,,S"
"UPM00033356","1990-07-02","50.217","31.8","128.0","YAHOTYN, UP","   36",",,I",,,,,"  177",",,S","  193","H,,S"
"UPM00033356","1990-07-03","50.217","31.8","128.0","YAHOTYN, UP","    0",",,I",,,,,"  175",",,S","  221","H,,S"
"UPM00033356","1990-07-04","50.217","31.8","128.0","YAHOTYN, UP","  130",",,I",,,,,"  176",",,S","  227","H,,S"
"UPM00033356","1990-07-05","50.217","31.8","128.0","YAHOTYN, UP","    0",",,I",,,"  304",",,S",,,"  257","H,,S"
"UPM00033356","1990-07-06","50.217","31.8","128.0","YAHOTYN, UP","  252",",,I",,,,,"  170",",,S","  222","H,,S"
"UPM00033356","1990-07-07","50.217","31.8","128.0","YAHOTYN, UP","   56",",,I",,,,,,,"  224","H,,S"
"UPM00033356","1990-07-08","50.217","31.8","128.0","YAHOTYN, UP","    4",",,I",,,,,,,"  153","H,,S"
"UPM00033356","1990-07-09","50.217","31.8","128.0","YAHOTYN, UP","    1",",,I",,,,,"   91",",,S","  158","H,,S"
"UPM00033356","1990-07-10","50.217","31.8","128.0","YAHOTYN, UP","   10",",,I",,,"  254",",,S","  146",",,S","  212","H,,S"
"UPM00033356","1990-07-11","50.217","31.8","128.0","YAHOTYN, UP","    0",",,I",,,,,"  160",",,S","  230","H,,S"
"UPM00033356","1990-07-12","50.217","31.8","128.0","YAHOTYN, UP","    0",",,I",,,,,"  131",",,S","  187","H,,S"
"UPM00033356","1990-07-13","50.217","31.8","128.0","YAHOTYN, UP","    0",",,I",,,,,"  124",",,S","  192","H,,S"
"UPM00033356","1990-07-14","50.217","31.8","128.0","YAHOTYN, UP","   27",",,I",,,,,"  130",",,S","  183","H,,S"
"UPM00033356","1990-07-15","50.217","31.8","128.0","YAHOTYN, UP","  163",",,I",,,,,,,"  151","H,,S"
"UPM00033356","1990-07-16","50.217","31.8","128.0","YAHOTYN, UP","    0",",,I",,,,,"   87",",,S","  157","H,,S"
"UPM00033356","1990-07-17","50.217","31.8","128.0","YAHOTYN, UP","    0","T,,I",,,,,"  125",",,S","  193","H,,S"
"UPM00033356","1990-07-18","50.217","31.8","128.0","YAHOTYN, UP","  112",",,I",,,,,,,"  162","H,,S"
"UPM00033356","1990-07-19","50.217","31.8","128.0","YAHOTYN, UP","    1",",,I",,,"  228",",,S","  116",",,S","  181","H,,S"
"UPM00033356","1990-07-20","50.217","31.8","128.0","YAHOTYN, UP","    0",",,I",,,"  246",",,S","  109",",,S","  183","H,,S"
"UPM00033356","1990-07-21","50.217","31.8","128.0","YAHOTYN, UP","    0","T,,I",,,,,"  121",",,S","  174","H,,S"
"UPM00033356","1990-07-22","50.217","31.8","128.0","YAHOTYN, UP","    0",",,I",,,,,"  115",",,S","  167","H,,S"
"UPM00033356","1990-07-23","50.217","31.8","128.0","YAHOTYN, UP","    0",",,I",,,"  241",",,S",,,"  173","H,,S"
"UPM00033356","1990-07-24","50.217","31.8","128.0","YAHOTYN, UP","    1",",,I",,,,,"  103",",,S","  185","H,,S"
"UPM00033356","1990-07-25","50.217","31.8","128.0","YAHOTYN, UP","   33",",,I",,,"  223",",,S","  101",",,S","  164","H,,S"
"UPM00033356","1990-07-26","50.217","31.8","128.0","YAHOTYN, UP","   48",",,I",,,,,"  130",",,S","  149","H,,S"
"UPM00033356","1990-07-27","50.217","31.8","128.0","YAHOTYN, UP","    0",",,I",,,"  215",",,S","  111",",,S","  154","H,,S"
"UPM00033356","1990-07-28","50.217","31.8","128.0","YAHOTYN, UP","    0",",,I",,,,,"   96",",,S","  155","H,,S"
"UPM00033356","1990-07-29","50.217","31.8","128.0","YAHOTYN, UP","    3",",,I",,,,,,,"  163","H,,S"
"UPM00033356","1990-07-30","50.217","31.8","128.0","YAHOTYN, UP","    4",",,I",,,"  217",",,S",,,"  158","H,,S"
"UPM00033356","1990-07-31","50.217","31.8","128.0","YAHOTYN, UP","    0",",,I",,,,,"  154",",,S","  187","H,,S"
"UPM00033356","1990-08-01","50.217","31.8","128.0","YAHOTYN, UP","   66",",,I",,,,,,,,
"UPM00033356","1990-08-02","50.217","31.8","128.0","YAHOTYN, UP","    0",",,I",,,"  208",",,S","  141",",,S","  168","H,,S"
"UPM00033356","1990-08-03","50.217","31.8","128.0","YAHOTYN, UP","   80",",,I",,,,,,,"  159","H,,S"
"UPM00033356","1990-08-04","50.217","31.8","128.0","YAHOTYN, UP","    0",",,I",,,,,"  126",",,S","  169","H,,S"
"UPM00033356","1990-08-05","50.217","31.8","128.0","YAHOTYN, UP","    0",",,I",,,,,"  126",",,S","  202","H,,S"
"UPM00033356","1990-08-06","50.217","31.8","128.0","YAHOTYN, UP","    0",",,I",,,,,"  111",",,S","  197","H,,S"
"UPM00033356","1990-08-07","50.217","31.8","128.0","YAHOTYN, UP","    0",",,I",,,,,,,"  219","H,,S"
"UPM00033356","1990-08-08","50.217","31.8","128.0","YAHOTYN, UP","    0",",,I",,,,,,,"  220","H,,S"
"UPM00033356","1990-08-09","50.217","31.8","128.0","YAHOTYN, UP","    0",",,I",,,,,"  146",",,S","  229","H,,S"
"UPM00033356","1990-08-10","50.217","31.8","128.0","YAHOTYN, UP","    0",",,I",,,,,"  137",",,S","  215","H,,S"
"UPM00033356","1990-08-11","50.217","31.8","128.0","YAHOTYN, UP","    0",",,I",,,"  242",",,S",,,"  183","H,,S"
"UPM00033356","1990-08-12","50.217","31.8","128.0","YAHOTYN, UP","    0",",,I",,,,,,,"  182","H,,S"
"UPM00033356","1990-08-13","50.217","31.8","128.0","YAHOTYN, UP","    0",",,I",,,"  232",",,S",,,"  174","H,,S"
"UPM00033356","1990-08-14","50.217","31.8","128.0","YAHOTYN, UP","   56",",,I",,,,,,,"  189","H,,S"
"UPM00033356","1990-08-15","50.217","31.8","128.0","YAHOTYN, UP","    0",",,I",,,,,"  111",",,S","  189","H,,S"
"UPM00033356","1990-08-16","50.217","31.8","128.0","YAHOTYN, UP","    0",",,I",,,,,,,"  204","H,,S"
"UPM00033356","1990-08-17","50.217","31.8","128.0","YAHOTYN, UP","    0",",,I",,,,,,,"  250","H,,S"
"UPM00033356","1990-08-18","50.217","31.8","128.0","YAHOTYN, UP","   10",",,I",,,"  295",",,S","  179",",,S","  211","H,,S"
"UPM00033356","1990-08-19","50.217","31.8","128.0","YAHOTYN, UP","    1",",,I",,,,,,,"  158","H,,S"
"UPM00033356","1990-08-20","50.217","31.8","128.0","YAHOTYN, UP","    0","T,,I",,,,,,,,
"UPM00033356","1990-08-21","50.217","31.8","128.0","YAHOTYN, UP","    0",",,I",,,"  230",",,S",,,"  164","H,,S"
"UPM00033356","1990-08-22","50.217","31.8","128.0","YAHOTYN, UP","  162",",,I",,,,,,,"  146","H,,S"
"UPM00033356","1990-08-23","50.217","31.8","128.0","YAHOTYN, UP","    0","T,,I",,,"  191",",,S","   86",",,S","  151","H,,S"
"UPM00033356","1990-08-24","50.217","31.8","128.0","YAHOTYN, UP","   13",",,I",,,,,,,"  150","H,,S"
"UPM00033356","1990-08-25","50.217","31.8","128.0","YAHOTYN, UP","    0",",,I",,,,,"   96",",,S","  157","H,,S"
"UPM00033356","1990-08-26","50.217","31.8","128.0","YAHOTYN, UP","    0",",,I",,,,,"  106",",,S","  197","H,,S"
"UPM00033356","1990-08-27","50.217","31.8","128.0","YAHOTYN, UP","    0","T,,I",,,,,"  116",",,S","  173","H,,S"
"UPM00033356","1990-08-28","50.217","31.8","128.0","YAHOTYN, UP","    0",",,I",,,"  204",",,S","   78",",,S","  137","H,,S"
"UPM00033356","1990-08-29","50.217","31.8","128.0","YAHOTYN, UP","    0",",,I",,,,,,,"  139","H,,S"
"UPM00033356","1990-08-30","50.217","31.8","128.0","YAHOTYN, UP","    0",",,I",,,,,"   82",",,S","  161","H,,S"
"UPM00033356","1990-08-31","50.217","31.8","128.0","YAHOTYN, UP","    0",",,I",,,,,,,"  168","H,,S"
"UPM00033356","1990-09-01","50.217","31.8","128.0","YAHOTYN, UP","    4",",,I",,,,,,,"  164","H,,S"
"UPM00033356","1990-09-02","50.217","31.8","128.0","YAHOTYN, UP","   53",",,I",,,,,,,"  167","H,,S"
"UPM00033356","1990-09-03","50.217","31.8","128.0","YAHOTYN, UP","   15",",,I",,,,,,,"  146","H,,S"
"UPM00033356","1990-09-04","50.217","31.8","128.0","YAHOTYN, UP","   27",",,I",,,,,,,"   99","H,,S"
"UPM00033356","1990-09-05","50.217","31.8","128.0","YAHOTYN, UP","    1",",,I",,,"  153",",,S",,,"  104","H,,S"
"UPM00033356","1990-09-06","50.217","31.8","128.0","YAHOTYN, UP","   53",",,I",,,"  179",",,S","   61",",,S","  132","H,,S"
"UPM00033356","1990-09-07","50.217","31.8","128.0","YAHOTYN, UP","    0",",,I",,,,,"   60",",,S","  127","H,,S"
"UPM00033356","1990-09-08","50.217","31.8","128.0","YAHOTYN, UP","    0",",,I",,,"  232",",,S","   91",",,S","  161","H,,S"
"UPM00033356","1990-09-09","50.217","31.8","128.0","YAHOTYN, UP","   70",",,I",,,,,,,"  149","H,,S"
"UPM00033356","1990-09-10","50.217","31.8","128.0","YAHOTYN, UP","    0",",,I",,,"  161",",,S","   91",",,S","  124","H,,S"
"UPM00033356","1990-09-11","50.217","31.8","128.0","YAHOTYN, UP","    2",",,I",,,,,,,"  104","H,,S"
"UPM00033356","1990-09-12","50.217","31.8","128.0","YAHOTYN, UP","    0","T,,I",,,,,"   80",",,S","  117","H,,S"
"UPM00033356","1990-09-13","50.217","31.8","128.0","YAHOTYN, UP","    0",",,I",,,,,,,"  103","H,,S"
"UPM00033356","1990-09-14","50.217","31.8","128.0","YAHOTYN, UP","   64",",,I",,,,,,,"  103","H,,S"
"UPM00033356","1990-09-15","50.217","31.8","128.0","YAHOTYN, UP","    1",",,I",,,,,"   76",",,S","  128","H,,S"
"UPM00033356","1990-09-16","50.217","31.8","128.0","YAHOTYN, UP","   83",",,I",,,"  177",",,S",,,"  113","H,,S"
"UPM00033356","1990-09-17","50.217","31.8","128.0","YAHOTYN, UP","    1",",,I",,,,,,,"  115","H,,S"
"UPM00033356","1990-09-18","50.217","31.8","128.0","YAHOTYN, UP","   24",",,I",,,,,,,"   98","H,,S"
"UPM00033356","1990-09-19","50.217","31.8","128.0","YAHOTYN, UP","    1",",,I",,,"  155",",,S","   39",",,S","  104","H,,S"
"UPM00033356","1990-09-20","50.217","31.8","128.0","YAHOTYN, UP","    5",",,I",,,,,"   86",",,S","  131","H,,S"
"UPM00033356","1990-09-21","50.217","31.8","128.0","YAHOTYN, UP","    0",",,I",,,,,"   94",",,S","  151","H,,S"
"UPM00033356","1990-09-22","50.217","31.8","128.0","YAHOTYN, UP","   18",",,I",,,,,,,"  121","H,,S"
"UPM00033356","1990-09-23","50.217","31.8","128.0","YAHOTYN, UP","    0",",,I",,,,,,,"  159","H,,S"
"UPM00033356","1990-09-24","50.217","31.8","128.0","YAHOTYN, UP","    0",",,I",,,"  217",",,S","   80",",,S","  165","H,,S"
"UPM00033356","1990-09-25","50.217","31.8","128.0","YAHOTYN, UP","   71",",,I",,,"  161",",,S",,,"  131","H,,S"
"UPM00033356","1990-09-26","50.217","31.8","128.0","YAHOTYN, UP","    0",",,I",,,,,,,"  108","H,,S"
"UPM00033356","1990-09-27","50.217","31.8","128.0","YAHOTYN, UP","    0",",,I",,,,,"   51",",,S","   95","H,,S"
"UPM00033356","1990-09-28","50.217","31.8","128.0","YAHOTYN, UP","    0",",,I",,,,,"   26",",,S","   67","H,,S"
"UPM00033356","1990-09-29","50.217","31.8","128.0","YAHOTYN, UP","    3",",,I",,,,,"   22",",,S","   83","H,,S"
"UPM00033356","1990-09-30","50.217","31.8","128.0","YAHOTYN, UP","    1",",,I",,,,,"   81",",,S","  123","H,,S"
"UPM00033356","1990-10-01","50.217","31.8","128.0","YAHOTYN, UP","   10",",,I",,,"  215",",,S",,,"  143","H,,S"
"UPM00033356","1990-10-02","50.217","31.8","128.0","YAHOTYN, UP","   16",",,I",,,,,,,"   98","H,,S"
"UPM00033356","1990-10-03","50.217","31.8","128.0","YAHOTYN, UP","    0",",,I",,,,,"   16",",,S","   47","H,,S"
"UPM00033356","1990-10-04","50.217","31.8","128.0","YAHOTYN, UP","    0",",,I",,,"  137",",,S",,,"   62","H,,S"
"UPM00033356","1990-10-05","50.217","31.8","128.0","YAHOTYN, UP","    0",",,I",,,,,,,,
"UPM00033356","1990-10-06","50.217","31.8","128.0","YAHOTYN, UP","    0","T,,I",,,"  152",",,S",,,"  121","H,,S"
"UPM00033356","1990-10-07","50.217","31.8","128.0","YAHOTYN, UP","    1",",,I",,,"  211",",,S",,,"  145","H,,S"
"UPM00033356","1990-10-08","50.217","31.8","128.0","YAHOTYN, UP","    0",",,I",,,,,,,"  151","H,,S"
"UPM00033356","1990-10-09","50.217","31.8","128.0","YAHOTYN, UP","   17",",,I",,,,,,,,
"UPM00033356","1990-10-10","50.217","31.8","128.0","YAHOTYN, UP","    0",",,I",,,,,,,"   81","H,,S"
"UPM00033356","1990-10-11","50.217","31.8","128.0","YAHOTYN, UP","    0",",,I",,,,,,,,
"UPM00033356","1990-10-12","50.217","31.8","128.0","YAHOTYN, UP","    0",",,I",,,"  161",",,S",,,"   97","H,,S"
"UPM00033356","1990-10-13","50.217","31.8","128.0","YAHOTYN, UP","    0",",,I",,,"  119",",,S",,,"   61","H,,S"
"UPM00033356","1990-10-14","50.217","31.8","128.0","YAHOTYN, UP","    0",",,I",,,"  116",",,S",,,"   34","H,,S"
"UPM00033356","1990-10-15","50.217","31.8","128.0","YAHOTYN, UP","    0",",,I",,,,,,,"   51","H,,S"
"UPM00033356","1990-10-16","50.217","31.8","128.0","YAHOTYN, UP","    0",",,I",,,"  193",",,S","   27",",,S","   73","H,,S"
"UPM00033356","1990-10-17","50.217","31.8","128.0","YAHOTYN, UP","    0",",,I",,,"  206",",,S",,,"   93","H,,S"
"UPM00033356","1990-10-18","50.217","31.8","128.0","YAHOTYN, UP","    0",",,I",,,,,,,,
"UPM00033356","1990-10-19","50.217","31.8","128.0","YAHOTYN, UP","    0",",,I",,,"  178",",,S","   36",",,S","   83","H,,S"
"UPM00033356","1990-10-20","50.217","31.8","128.0","YAHOTYN, UP","    0","T,,I",,,,,"   16",",,S","   74","H,,S"
"UPM00033356","1990-10-21","50.217","31.8","128.0","YAHOTYN, UP","    0",",,I",,,,,,,"   47","H,,S"
"UPM00033356","1990-10-22","50.217","31.8","128.0","YAHOTYN, UP","   10",",,I",,,,,,,"    7","H,,S"
"UPM00033356","1990-10-23","50.217","31.8","128.0","YAHOTYN, UP","    0","T,,I",,,"   38",",,S",,,"   17","H,,S"
"UPM00033356","1990-10-24","50.217","31.8","128.0","YAHOTYN, UP","    0","T,,I",,,"   76",",,S",,,"   52","H,,S"
"UPM00033356","1990-10-25","50.217","31.8","128.0","YAHOTYN, UP","    0",",,I",,,"   89",",,S",,,"   39","H,,S"
"UPM00033356","1990-10-26","50.217","31.8","128.0","YAHOTYN, UP","    0",",,I",,,,,,,"   31","H,,S"
"UPM00033356","1990-10-27","50.217","31.8","128.0","YAHOTYN, UP","    0",",,I",,,,,,,"   41","H,,S"
"UPM00033356","1990-10-28","50.217","31.8","128.0","YAHOTYN, UP","    0","T,,I",,,,,,,"   36","H,,S"
"UPM00033356","1990-10-29","50.217","31.8","128.0","YAHOTYN, UP","    0","T,,I",,,"   60",",,S",,,"   27","H,,S"
"UPM00033356","1990-10-30","50.217","31.8","128.0","YAHOTYN, UP","    0","T,,I",,,"   73",",,S","   42",",,S","   58","H,,S"
"UPM00033356","1990-10-31","50.217","31.8","128.0","YAHOTYN, UP","  142",",,I",,,,,,,"   74","H,,S"
"UPM00033356","1990-11-01","50.217","31.8","128.0","YAHOTYN, UP","   27",",,I",,,,,,,"   79","H,,S"
"UPM00033356","1990-11-02","50.217","31.8","128.0","YAHOTYN, UP","   50",",,I",,,,,,,"   76","H,,S"
"UPM00033356","1990-11-03","50.217","31.8","128.0","YAHOTYN, UP","   80",",,I",,,,,"    7",",,S","   68","H,,S"
"UPM00033356","1990-11-04","50.217","31.8","128.0","YAHOTYN, UP","    5",",,I",,,"  118",",,S","   77",",,S","   89","H,,S"
"UPM00033356","1990-11-05","50.217","31.8","128.0","YAHOTYN, UP","   69",",,I",,,,,,,"   58","H,,S"
"UPM00033356","1990-11-06","50.217","31.8","128.0","YAHOTYN, UP","    5",",,I",,,"   63",",,S",,,"   25","H,,S"
"UPM00033356","1990-11-07","50.217","31.8","128.0","YAHOTYN, UP","   31",",,I",,,"   67",",,S","   -4",",,S","   21","H,,S"
"UPM00033356","1990-11-08","50.217","31.8","128.0","YAHOTYN, UP","   10",",,I",,,"   26",",,S","   -5",",,S","    7","H,,S"
"UPM00033356","1990-11-09","50.217","31.8","128.0","YAHOTYN, UP","    0","T,,I",,,,,,,"   12","H,,S"
"UPM00033356","1990-11-10","50.217","31.8","128.0","YAHOTYN, UP","   10",",,I",,,"   66",",,S",,,"   38","H,,S"
"UPM00033356","1990-11-11","50.217","31.8","128.0","YAHOTYN, UP","    0",",,I",,,"   70",",,S",,,"   43","H,,S"
"UPM00033356","1990-11-12","50.217","31.8","128.0","YAHOTYN, UP","    0",",,I",,,,,,,"   21","H,,S"
"UPM00033356","1990-11-13","50.217","31.8","128.0","YAHOTYN, UP","    3",",,I",,,"   28",",,S",,,"   22","H,,S"
"UPM00033356","1990-11-14","50.217","31.8","128.0","YAHOTYN, UP","    0","T,,I",,,"   42",",,S",,,"   19","H,,S"
"UPM00033356","1990-11-15","50.217","31.8","128.0","YAHOTYN, UP","    0",",,I",,,,,"   -4",",,S","   23","H,,S"
"UPM00033356","1990-11-16","50.217","31.8","128.0","YAHOTYN, UP","    0",",,I",,,"   55",",,S","   21",",,S","   40","H,,S"
"UPM00033356","1990-11-17","50.217","31.8","128.0","YAHOTYN, UP","    0",",,I",,,,,"   11",",,S","   45","H,,S"
"UPM00033356","1990-11-18","50.217","31.8","128.0","YAHOTYN, UP","  123",",,I",,,,,,,"   57","H,,S"
"UPM00033356","1990-11-19","50.217","31.8","128.0","YAHOTYN, UP","   34",",,I",,,"   58",",,S","    2",",,S","   40","H,,S"
"UPM00033356","1990-11-20","50.217","31.8","128.0","YAHOTYN, UP","    8",",,I",,,"   67",",,S",,,"   31","H,,S"
"UPM00033356","1990-11-21","50.217","31.8","128.0","YAHOTYN, UP","    0","T,,I",,,"  103",",,S","   -4",",,S","   64","H,,S"
"UPM00033356","1990-11-22","50.217","31.8","128.0","YAHOTYN, UP","    3",",,I",,,,,"   61",",,S","   77","H,,S"
"UPM00033356","1990-11-23","50.217","31.8","128.0","YAHOTYN, UP","    3",",,I",,,"   62",",,S","    2",",,S","   42","H,,S"
"UPM00033356","1990-11-24","50.217","31.8","128.0","YAHOTYN, UP","   12",",,I",,,"   76",",,S","   58",",,S","   68","H,,S"
"UPM00033356","1990-11-25","50.217","31.8","128.0","YAHOTYN, UP","    6",",,I",,,"   83",",,S",,,"   79","H,,S"
"UPM00033356","1990-11-26","50.217","31.8","128.0","YAHOTYN, UP","    4",",,I",,,"   76",",,S",,,"   67","H,,S"
"UPM00033356","1990-11-27","50.217","31.8","128.0","YAHOTYN, UP","    4",",,I",,,,,,,"   73","H,,S"
"UPM00033356","1990-11-28","50.217","31.8","128.0","YAHOTYN, UP","  206",",,I",,,"   73",",,S",,,"   66","H,,S"
"UPM00033356","1990-11-29","50.217","31.8","128.0","YAHOTYN, UP","    3",",,I",,,"   64",",,S",,,"   57","H,,S"
"UPM00033356","1990-11-30","50.217","31.8","128.0","YAHOTYN, UP","    5",",,I",,,,,"   35",",,S","   46","H,,S"
"UPM00033356","1990-12-01","50.217","31.8","128.0","YAHOTYN, UP","    0",",,I",,,,,,,"   17","H,,S"
"UPM00033356","1990-12-02","50.217","31.8","128.0","YAHOTYN, UP","    0",",,I",,,,,,,"  -14","H,,S"
"UPM00033356","1990-12-03","50.217","31.8","128.0","YAHOTYN, UP","    0",",,I",,,,,,,"  -27","H,,S"
"UPM00033356","1990-12-04","50.217","31.8","128.0","YAHOTYN, UP","    3",",,I",,,"    4",",,S",,,"   -6","H,,S"
"UPM00033356","1990-12-05","50.217","31.8","128.0","YAHOTYN, UP","    0","T,,I",,,"   16",",,S",,,"    8","H,,S"
"UPM00033356","1990-12-06","50.217","31.8","128.0","YAHOTYN, UP","    0",",,I",,,,,,,"    4","H,,S"
"UPM00033356","1990-12-07","50.217","31.8","128.0","YAHOTYN, UP","    0",",,I",,,"    7",",,S",,,"  -18","H,,S"
"UPM00033356","1990-12-08","50.217","31.8","128.0","YAHOTYN, UP","    4",",,I",,,,,,,"  -27","H,,S"
"UPM00033356","1990-12-09","50.217","31.8","128.0","YAHOTYN, UP","   49",",,I",,,"  -15",",,S",,,"  -24","H,,S"
"UPM00033356","1990-12-10","50.217","31.8","128.0","YAHOTYN, UP","    6",",,I",,,"  -11",",,S",,,"  -18","H,,S"
"UPM00033356","1990-12-11","50.217","31.8","128.0","YAHOTYN, UP","    0",",,I","   61",",,S",,,"  -24",",,S","   -5","H,,S"
"UPM00033356","1990-12-12","50.217","31.8","128.0","YAHOTYN, UP","   23",",,I","   20",",,S",,,,,"   10","H,,S"
"UPM00033356","1990-12-13","50.217","31.8","128.0","YAHOTYN, UP","  142",",,I",,,"   14",",,S",,,"    9","H,,S"
"UPM00033356","1990-12-14","50.217","31.8","128.0","YAHOTYN, UP","   41",",,I",,,,,"    1",",,S","    6","H,,S"
"UPM00033356","1990-12-15","50.217","31.8","128.0","YAHOTYN, UP","    0",",,I",,,,,"  -10",",,S","   -5","H,,S"
"UPM00033356","1990-12-16","50.217","31.8","128.0","YAHOTYN, UP","   24",",,I",,,,,,,"  -21","H,,S"
"UPM00033356","1990-12-17","50.217","31.8","128.0","YAHOTYN, UP","    5",",,I","   10",",,S",,,"  -35",",,S","  -16","H,,S"
"UPM00033356","1990-12-18","50.217","31.8","128.0","YAHOTYN, UP","    0",",,I","   10",",,S",,,,,"  -66","H,,S"
"UPM00033356","1990-12-19","50.217","31.8","128.0","YAHOTYN, UP","    0",",,I","   10",",,S",,," -111",",,S","  -82","H,,S"
"UPM00033356","1990-12-20","50.217","31.8","128.0","YAHOTYN, UP","    0",",,I","   10",",,S","  -32",",,S","  -93",",,S","  -58","H,,S"
"UPM00033356","1990-12-21","50.217","31.8","128.0","YAHOTYN, UP","    0","T,,I","   10",",,S","  -21",",,S","  -63",",,S","  -43","H,,S"
"UPM00033356","1990-12-22","50.217","31.8","128.0","YAHOTYN, UP","   35",",,I","   10",",,S",,,,,"  -30","H,,S"
"UPM00033356","1990-12-23","50.217","31.8","128.0","YAHOTYN, UP","    4",",,I","   79",",,S",,,"  -56",",,S","  -34","H,,S"
"UPM00033356","1990-12-24","50.217","31.8","128.0","YAHOTYN, UP","    0","T,,I","   30",",,S",,,,,"  -61","H,,S"
"UPM00033356","1990-12-25","50.217","31.8","128.0","YAHOTYN, UP","    0","T,,I","   30",",,S","  -83",",,S","  -95",",,S","  -88","H,,S"
"UPM00033356","1990-12-26","50.217","31.8","128.0","YAHOTYN, UP","    0",",,I","   20",",,S","  -80",",,S"," -105",",,S","  -89","H,,S"
"UPM00033356","1990-12-27","50.217","31.8","128.0","YAHOTYN, UP","    0",",,I","   20",",,S",,," -125",",,S","  -75","H,,S"
"UPM00033356","1990-12-28","50.217","31.8","128.0","YAHOTYN, UP","    0","T,,I","   20",",,S","   17",",,S","  -30",",,S","   -1","H,,S"
"UPM00033356","1990-12-29","50.217","31.8","128.0","YAHOTYN, UP","    7",",,I","   30",",,S",,,,,"  -24","H,,S"
"UPM00033356","1990-12-30","50.217","31.8","128.0","YAHOTYN, UP","   19",",,I","   30",",,S",,,"  -60",",,S","  -13","H,,S"
"UPM00033356","1990-12-31","50.217","31.8","128.0","YAHOTYN, UP","    3",",,I",,,"   28",",,S",,,"    6","H,,S"
"UPM00033356","1991-01-01","50.217","31.8","128.0","YAHOTYN, UP","    0",",,S","   20",",,S","   24",",,S",,,"   -1","H,,S"
"UPM00033356","1991-01-02","50.217","31.8","128.0","YAHOTYN, UP","    5",",,S","   51",",,S","    9",",,S","   -6",",,S","    1","H,,S"
"UPM00033356","1991-01-03","50.217","31.8","128.0","YAHOTYN, UP","   51",",,S","   61",",,S",,,"  -12",",,S","   -1","H,,S"
"UPM00033356","1991-01-04","50.217","31.8","128.0","YAHOTYN, UP","   30",",,S","   89",",,S",,,"  -17",",,S","    4","H,,S"
"UPM00033356","1991-01-05","50.217","31.8","128.0","YAHOTYN, UP","    5",",,S","   51",",,S","   30",",,S","    1",",,S","   21","H,,S"
"UPM00033356","1991-01-06","50.217","31.8","128.0","YAHOTYN, UP","   10",",,S","   30",",,S","   16",",,S",,,"    5","H,,S"
"UPM00033356","1991-01-07","50.217","31.8","128.0","YAHOTYN, UP","    0",",,S","   30",",,S","   30",",,S",,,"    6","H,,S"
"UPM00033356","1991-01-08","50.217","31.8","128.0","YAHOTYN, UP","    0",",,S","   30",",,S",,,"  -19",",,S","    3","H,,S"
"UPM00033356","1991-01-09","50.217","31.8","128.0","YAHOTYN, UP","    3",",,S","   20",",,S",,,"  -17",",,S","    3","H,,S"
"UPM00033356","1991-01-10","50.217","31.8","128.0","YAHOTYN, UP","    0",",,S",,,"   18",",,S","    2",",,S","    7","H,,S"
"UPM00033356","1991-01-11","50.217","31.8","128.0","YAHOTYN, UP","    0",",,S","   10",",,S","   93",",,S","    5",",,S","   49","H,,S"
"UPM00033356","1991-01-12","50.217","31.8","128.0","YAHOTYN, UP","    0",",,S",,,,,,,"   44","H,,S"
"UPM00033356","1991-01-13","50.217","31.8","128.0","YAHOTYN, UP","    5",",,S",,,"   52",",,S","   -8",",,S","   13","H,,S"
"UPM00033356","1991-01-14","50.217","31.8","128.0","YAHOTYN, UP","    0",",,S",,,,,"  -49",",,S","  -32","H,,S"
"UPM00033356","1991-01-15","50.217","31.8","128.0","YAHOTYN, UP","    0",",,S",,,"  -20",",,S","  -55",",,S","  -41","H,,S"
"UPM00033356","1991-01-16","50.217","31.8","128.0","YAHOTYN, UP","    0",",,S",,,"  -35",",,S","  -90",",,S","  -61","H,,S"
"UPM00033356","1991-01-17","50.217","31.8","128.0","YAHOTYN, UP","    0",",,S",,,"  -20",",,S",,,"  -30","H,,S"
"UPM00033356","1991-01-18","50.217","31.8","128.0","YAHOTYN, UP","   10",",,S",,,"  -22",",,S","  -39",",,S","  -29","H,,S"
"UPM00033356","1991-01-19","50.217","31.8","128.0","YAHOTYN, UP","    3",",,S",,,"  -17",",,S",,,"  -34","H,,S"
"UPM00033356","1991-01-20","50.217","31.8","128.0","YAHOTYN, UP","    0",",,S",,,,,,,"  -51","H,,S"
"UPM00033356","1991-01-21","50.217","31.8","128.0","YAHOTYN, UP","    0",",,S",,,,,"  -80",",,S","  -66","H,,S"
"UPM00033356","1991-01-22","50.217","31.8","128.0","YAHOTYN, UP","    0",",,S",,,"   -6",",,S","  -74",",,S","  -37","H,,S"
"UPM00033356","1991-01-23","50.217","31.8","128.0","YAHOTYN, UP","    0",",,S",,,"    9",",,S","  -18",",,S","   -6","H,,S"
"UPM00033356","1991-01-24","50.217","31.8","128.0","YAHOTYN, UP","    0",",,S",,,"    4",",,S","  -16",",,S","   -4","H,,S"
"UPM00033356","1991-01-25","50.217","31.8","128.0","YAHOTYN, UP","    3",",,S",,,"    0",",,S",,,"  -17","H,,S"
"UPM00033356","1991-01-26","50.217","31.8","128.0","YAHOTYN, UP","    0",",,S",,,"   46",",,S","  -39",",,S","   16","H,,S"
"UPM00033356","1991-01-27","50.217","31.8","128.0","YAHOTYN, UP","    0",",,S",,,,,"  -75",",,S","  -52","H,,S"
"UPM00033356","1991-01-28","50.217","31.8","128.0","YAHOTYN, UP","    0",",,S",,,"  -57",",,S"," -143",",,S","  -94","H,,S"
"UPM00033356","1991-01-29","50.217","31.8","128.0","YAHOTYN, UP","    0",",,S",,,,,,,"  -48","H,,S"
"UPM00033356","1991-01-30","50.217","31.8","128.0","YAHOTYN, UP","   20",",,S","   30",",,S",,,,," -123","H,,S"
"UPM00033356","1991-01-31","50.217","31.8","128.0","YAHOTYN, UP","   20",",,S","   30",",,S",,," -212",",,S"," -194","H,,S"
"UPM00033356","1991-02-01","50.217","31.8","128.0","YAHOTYN, UP","    0",",,S","   30",",,S"," -135",",,S"," -205",",,S"," -167","H,,S"
"UPM00033356","1991-02-02","50.217","31.8","128.0","YAHOTYN, UP","    0",",,S","   30",",,S"," -110",",,S"," -144",",,S"," -129","H,,S"
"UPM00033356","1991-02-03","50.217","31.8","128.0","YAHOTYN, UP","   30",",,S","   41",",,S","  -85",",,S"," -169",",,S"," -122","H,,S"
"UPM00033356","1991-02-04","50.217","31.8","128.0","YAHOTYN, UP","    8",",,S","   51",",,S",,,,," -164","H,,S"
"UPM00033356","1991-02-05","50.217","31.8","128.0","YAHOTYN, UP","    0",",,S","   51",",,S",,," -204",",,S"," -171","H,,S"
"UPM00033356","1991-02-06","50.217","31.8","128.0","YAHOTYN, UP","    0",",,S","   51",",,S","  -97",",,S"," -200",",,S"," -150","H,,S"
"UPM00033356","1991-02-07","50.217","31.8","128.0","YAHOTYN, UP","    0",",,S","   51",",,S",,," -130",",,S"," -103","H,,S"
"UPM00033356","1991-02-08","50.217","31.8","128.0","YAHOTYN, UP","    3",",,S","   51",",,S",,," -103",",,S","  -76","H,,S"
"UPM00033356","1991-02-09","50.217","31.8","128.0","YAHOTYN, UP","    3",",,S","   51",",,S","  -79",",,S"," -147",",,S"," -116","H,,S"
"UPM00033356","1991-02-10","50.217","31.8","128.0","YAHOTYN, UP","    0",",,S","   51",",,S","  -80",",,S"," -127",",,S","  -96","H,,S"
"UPM00033356","1991-02-11","50.217","31.8","128.0","YAHOTYN, UP","    3",",,S","   51",",,S","  -56",",,S","  -88",",,S","  -70","H,,S"
"UPM00033356","1991-02-12","50.217","31.8","128.0","YAHOTYN, UP","    0",",,S","   51",",,S","  -32",",,S","  -75",",,S","  -62","H,,S"
"UPM00033356","1991-02-13","50.217","31.8","128.0","YAHOTYN, UP",,,"   51",",,S","   10",",,S","  -83",",,S","   -7","H,,S"
"UPM00033356","1991-02-14","50.217","31.8","128.0","YAHOTYN, UP","   30",",,S","   30",",,S","   12",",,S",,,"   -4","H,,S"
"UPM00033356","1991-02-15","50.217","31.8","128.0","YAHOTYN, UP","    0",",,S","   20",",,S","    1",",,S","  -74",",,S","  -37","H,,S"
"UPM00033356","1991-02-16","50.217","31.8","128.0","YAHOTYN, UP","    0",",,S","   51",",,S","   16",",,S","  -58",",,S","  -34","H,,S"
"UPM00033356","1991-02-17","50.217","31.8","128.0","YAHOTYN, UP","   51","B,,S","  170",",,S",,,,,"  -61","H,,S"
"UPM00033356","1991-02-18","50.217","31.8","128.0","YAHOTYN, UP","   25","B,,S","  150",",,S","   -7",",,S","  -84",",,S","  -34","H,,S"
"UPM00033356","1991-02-19","50.217","31.8","128.0","YAHOTYN, UP",,,"  160",",,S",,,,,"  -59","H,,S"
"UPM00033356","1991-02-20","50.217","31.8","128.0","YAHOTYN, UP",,,"  160",",,S","    4",",,S",,,"  -47","H,,S"
"UPM00033356","1991-02-21","50.217","31.8","128.0","YAHOTYN, UP","    0",",,S","  160",",,S","   30",",,S"," -133",",,S","  -49","H,,S"
"UPM00033356","1991-02-22","50.217","31.8","128.0","YAHOTYN, UP","    0",",,S","  160",",,S","   16",",,S","  -41",",,S","  -16","H,,S"
"UPM00033356","1991-02-23","50.217","31.8","128.0","YAHOTYN, UP","    0",",,S","  160",",,S",,,,,"  -28","H,,S"
"UPM00033356","1991-02-24","50.217","31.8","128.0","YAHOTYN, UP","    0",",,S","  150",",,S","   24",",,S",,,"  -32","H,,S"
"UPM00033356","1991-02-25","50.217","31.8","128.0","YAHOTYN, UP","    0",",,S","  130",",,S","   14",",,S","  -98",",,S","  -18","H,,S"
"UPM00033356","1991-02-26","50.217","31.8","128.0","YAHOTYN, UP","    0",",,S","   99",",,S","   22",",,S","    2",",,S","    9","H,,S"
"UPM00033356","1991-02-27","50.217","31.8","128.0","YAHOTYN, UP","    8",",,S",,,"   27",",,S",,,"    6","H,,S"
"UPM00033356","1991-02-28","50.217","31.8","128.0","YAHOTYN, UP","   30",",,S","   79",",,S","    5",",,S",,,"  -12","H,,S"
"UPM00033356","1991-03-01","50.217","31.8","128.0","YAHOTYN, UP","    5",",,S","   71",",,S","   -6",",,S","  -45",",,S","  -22","H,,S"
"UPM00033356","1991-03-02","50.217","31.8","128.0","YAHOTYN, UP","    0",",,S","   71",",,S","  -15",",,S",,,"  -37","H,,S"
"UPM00033356","1991-03-03","50.217","31.8","128.0","YAHOTYN, UP","    0",",,S","   71",",,S","  -37",",,S"," -113",",,S","  -74","H,,S"
"UPM00033356","1991-03-04","50.217","31.8","128.0","YAHOTYN, UP","    0",",,S","   71",",,S","   -3",",,S"," -144",",,S","  -79","H,,S"
"UPM00033356","1991-03-05","50.217","31.8","128.0","YAHOTYN, UP","    0",",,S","   71",",,S",,," -128",",,S","  -52","H,,S"
"UPM00033356","1991-03-06","50.217","31.8","128.0","YAHOTYN, UP","   20",",,S",,,"  -15",",,S",,,"  -41","H,,S"
"UPM00033356","1991-03-07","50.217","31.8","128.0","YAHOTYN, UP","    3",",,S","   79",",,S","  -12",",,S"," -115",",,S","  -63","H,,S"
"UPM00033356","1991-03-08","50.217","31.8","128.0","YAHOTYN, UP","    0",",,S","   79",",,S","  -27",",,S","  -69",",,S","  -54","H,,S"
"UPM00033356","1991-03-09","50.217","31.8","128.0","YAHOTYN, UP","    0",",,S","   71",",,S",,,,,"  -50","H,,S"
"UPM00033356","1991-03-10","50.217","31.8","128.0","YAHOTYN, UP","    0",",,S","   71",",,S","    2",",,S","  -86",",,S","  -50","H,,S"
"UPM00033356","1991-03-11","50.217","31.8","128.0","YAHOTYN, UP","    0",",,S","   71",",,S","  -23",",,S",,,"  -53","H,,S"
"UPM00033356","1991-03-12","50.217","31.8","128.0","YAHOTYN, UP","    0",",,S","   71",",,S","   24",",,S","  -80",",,S","  -37","H,,S"
"UPM00033356","1991-03-13","50.217","31.8","128.0","YAHOTYN, UP","    0",",,S",,,"   48",",,S",,,"   13","H,,S"
"UPM00033356","1991-03-14","50.217","31.8","128.0","YAHOTYN, UP","    0",",,S","   41",",,S",,,"    5",",,S","   16","H,,S"
"UPM00033356","1991-03-15","50.217","31.8","128.0","YAHOTYN, UP",,,"   30",",,S","   59",",,S","  -34",",,S","    7","H,,S"
"UPM00033356","1991-03-16","50.217","31.8","128.0","YAHOTYN, UP","    0",",,S","   20",",,S","   90",",,S",,,"   24","H,,S"
"UPM00033356","1991-03-17","50.217","31.8","128.0","YAHOTYN, UP","    0",",,S","   10",",,S","   18",",,S","  -17",",,S","    6","H,,S"
"UPM00033356","1991-03-18","50.217","31.8","128.0","YAHOTYN, UP","    0",",,S",,,,,"  -14",",,S","   13","H,,S"
"UPM00033356","1991-03-19","50.217","31.8","128.0","YAHOTYN, UP","    0",",,S",,,"    4",",,S","  -19",",,S","   -9","H,,S"
"UPM00033356","1991-03-20","50.217","31.8","128.0","YAHOTYN, UP","    0",",,S",,,,,,,"   16","H,,S"
"UPM00033356","1991-03-21","50.217","31.8","128.0","YAHOTYN, UP","    0",",,S",,,"   52",",,S","   15",",,S","   26","H,,S"
"UPM00033356","1991-03-22","50.217","31.8","128.0","YAHOTYN, UP","    3",",,S",,,"  136",",,S",,,"   68","H,,S"
"UPM00033356","1991-03-23","50.217","31.8","128.0","YAHOTYN, UP","    0",",,S",,,"  105",",,S","   26",",,S","   61","H,,S"
"UPM00033356","1991-03-24","50.217","31.8","128.0","YAHOTYN, UP","    0",",,S",,,"  109",",,S",,,"   66","H,,S"
"UPM00033356","1991-03-25","50.217","31.8","128.0","YAHOTYN, UP","    0",",,S",,,"  171",",,S","   39",",,S","   74","H,,S"
"UPM00033356","1991-03-26","50.217","31.8","128.0","YAHOTYN, UP","    0",",,S",,,"   46",",,S",,,"   19","H,,S"
"UPM00033356","1991-03-27","50.217","31.8","128.0","YAHOTYN, UP","    0",",,S",,,"   48",",,S","  -29",",,S","    8","H,,S"
"UPM00033356","1991-03-28","50.217","31.8","128.0","YAHOTYN, UP","    0",",,S",,,"   62",",,S","   -2",",,S","   26","H,,S"
"UPM00033356","1991-03-29","50.217","31.8","128.0","YAHOTYN, UP","    0",",,S",,,"   53",",,S",,,"   13","H,,S"
"UPM00033356","1991-03-30","50.217","31.8","128.0","YAHOTYN, UP","    0",",,S",,,"   17",",,S",,,"    0","H,,S"
"UPM00033356","1991-03-31","50.217","31.8","128.0","YAHOTYN, UP","    0",",,S",,,"   88",",,S",,,"   34","H,,S"
"UPM00033356","1991-04-01","50.217","31.8","128.0","YAHOTYN, UP","    0",",,S",,,"   92",",,S",,,"   48","H,,S"
"UPM00033356","1991-04-02","50.217","31.8","128.0","YAHOTYN, UP","    0",",,S",,,"  107",",,S",,,"   59","H,,S"
"UPM00033356","1991-04-03","50.217","31.8","128.0","YAHOTYN, UP","    0",",,S",,,"  137",",,S",,,"   70","H,,S"
"UPM00033356","1991-04-04","50.217","31.8","128.0","YAHOTYN, UP","    0",",,S",,,"  121",",,S","   18",",,S","   71","H,,S"
"UPM00033356","1991-04-05","50.217","31.8","128.0","YAHOTYN, UP","    3",",,S",,,"   88",",,S","   56",",,S","   72","H,,S"
"UPM00033356","1991-04-06","50.217","31.8","128.0","YAHOTYN, UP","   10",",,S",,,"   69",",,S","   43",",,S","   55","H,,S"
"UPM00033356","1991-04-07","50.217","31.8","128.0","YAHOTYN, UP","    5",",,S",,,"   82",",,S","   43",",,S","   62","H,,S"
"UPM00033356","1991-04-08","50.217","31.8","128.0","YAHOTYN, UP","    8",",,S",,,"  121",",,S","   56",",,S","   85","H,,S"
"UPM00033356","1991-04-09","50.217","31.8","128.0","YAHOTYN, UP","    0",",,S",,,"  128",",,S","   32",",,S","   62","H,,S"
"UPM00033356","1991-04-10","50.217","31.8","128.0","YAHOTYN, UP","   10",",,S",,,"  161",",,S",,,"  108","H,,S"
"UPM00033356","1991-04-11","50.217","31.8","128.0","YAHOTYN, UP","    0",",,S",,,"  166",",,S",,,"  109","H,,S"
"UPM00033356","1991-04-12","50.217","31.8","128.0","YAHOTYN, UP","    0",",,S",,,"  163",",,S",,,"   89","H,,S"
"UPM00033356","1991-04-13","50.217","31.8","128.0","YAHOTYN, UP","    0",",,S",,,"  168",",,S","   48",",,S","  111","H,,S"
"UPM00033356","1991-04-14","50.217","31.8","128.0","YAHOTYN, UP","    0",",,S",,,,,"   41",",,S","   92","H,,S"
"UPM00033356","1991-04-16","50.217","31.8","128.0","YAHOTYN, UP","    0",",,S",,,"  193",",,S",,,"  101","H,,S"
"UPM00033356","1991-04-17","50.217","31.8","128.0","YAHOTYN, UP",,,,,,,,,"  107","H,,S"
"UPM00033356","1991-04-18","50.217","31.8","128.0","YAHOTYN, UP","    5",",,S",,,"  124",",,S","   36",",,S","   85","H,,S"
"UPM00033356","1991-04-19","50.217","31.8","128.0","YAHOTYN, UP","    0",",,S",,,"  213",",,S",,,"  148","H,,S"
"UPM00033356","1991-04-20","50.217","31.8","128.0","YAHOTYN, UP","    8",",,S",,,"  155",",,S",,,"  121","H,,S"
"UPM00033356","1991-04-21","50.217","31.8","128.0","YAHOTYN, UP","    3",",,S",,,"  105",",,S","   41",",,S","   67","H,,S"
"UPM00033356","1991-04-22","50.217","31.8","128.0","YAHOTYN, UP","   30",",,S",,,"   74",",,S",,,"   47","H,,S"
"UPM00033356","1991-04-23","50.217","31.8","128.0","YAHOTYN, UP","    0",",,S",,,"   88",",,S",,,"   47","H,,S"
"UPM00033356","1991-04-24","50.217","31.8","128.0","YAHOTYN, UP","    0",",,S",,,"  105",",,S","   14",",,S","   62","H,,S"
"UPM00033356","1991-04-25","50.217","31.8","128.0","YAHOTYN, UP","    0",",,S",,,"  114",",,S",,,"   72","H,,S"
"UPM00033356","1991-04-26","50.217","31.8","128.0","YAHOTYN, UP","    0",",,S",,,"   80",",,S","   52",",,S","   64","H,,S"
"UPM00033356","1991-04-27","50.217","31.8","128.0","YAHOTYN, UP","    0",",,S",,,"  151",",,S","   12",",,S","   97","H,,S"
"UPM00033356","1991-04-28","50.217","31.8","128.0","YAHOTYN, UP","    0",",,S",,,"  149",",,S","   41",",,S","   90","H,,S"
"UPM00033356","1991-04-29","50.217","31.8","128.0","YAHOTYN, UP","  109",",,S",,,"  153",",,S",,,"  126","H,,S"
"UPM00033356","1991-04-30","50.217","31.8","128.0","YAHOTYN, UP","    5",",,S",,,"  156",",,S",,,"  134","H,,S"
"UPM00033356","1991-05-01","50.217","31.8","128.0","YAHOTYN, UP","  150",",,S",,,"  125",",,S",,,"  111","H,,S"
"UPM00033356","1991-05-02","50.217","31.8","128.0","YAHOTYN, UP","   79",",,S",,,"  192",",,S","   53",",,S","  126","H,,S"
"UPM00033356","1991-05-03","50.217","31.8","128.0","YAHOTYN, UP","    0",",,S",,,"  208",",,S","  102",",,S","  155","H,,S"
"UPM00033356","1991-05-04","50.217","31.8","128.0","YAHOTYN, UP","    0",",,S",,,,,"   82",",,S","  144","H,,S"
"UPM00033356","1991-05-05","50.217","31.8","128.0","YAHOTYN, UP","   20",",,S",,,"  186",",,S","  108",",,S","  129","H,,S"
"UPM00033356","1991-05-06","50.217","31.8","128.0","YAHOTYN, UP","   89",",,S",,,"  147",",,S","   76",",,S","  114","H,,S"
"UPM00033356","1991-05-07","50.217","31.8","128.0","YAHOTYN, UP","    0",",,S",,,"  181",",,S","   54",",,S","  127","H,,S"
"UPM00033356","1991-05-08","50.217","31.8","128.0","YAHOTYN, UP","    0",",,S",,,,,"  109",",,S","  131","H,,S"
"UPM00033356","1991-05-09","50.217","31.8","128.0","YAHOTYN, UP","   61",",,S",,,,,"  110",",,S","  119","H,,S"
"UPM00033356","1991-05-10","50.217","31.8","128.0","YAHOTYN, UP","   61",",,S",,,"  149",",,S",,,"  117","H,,S"
"UPM00033356","1991-05-11","50.217","31.8","128.0","YAHOTYN, UP","    0",",,S",,,"  155",",,S","   39",",,S","   97","H,,S"
"UPM00033356","1991-05-12","50.217","31.8","128.0","YAHOTYN, UP","    0",",,S",,,,,"   46",",,S","  115","H,,S"
"UPM00033356","1991-05-13","50.217","31.8","128.0","YAHOTYN, UP","    0",",,S",,,"  214",",,S",,,"  125","H,,S"
"UPM00033356","1991-05-14","50.217","31.8","128.0","YAHOTYN, UP","    0",",,S",,,"  218",",,S","   81",",,S","  154","H,,S"
"UPM00033356","1991-05-15","50.217","31.8","128.0","YAHOTYN, UP",,,,,"  223",",,S",,,"  179","H,,S"
"UPM00033356","1991-05-16","50.217","31.8","128.0","YAHOTYN, UP","    0",",,S",,,"  212",",,S",,,"  126","H,,S"
"UPM00033356","1991-05-17","50.217","31.8","128.0","YAHOTYN, UP","    5",",,S",,,"  207",",,S",,,"  142","H,,S"
"UPM00033356","1991-05-18","50.217","31.8","128.0","YAHOTYN, UP","    3",",,S",,,"  171",",,S",,,"  134","H,,S"
"UPM00033356","1991-05-19","50.217","31.8","128.0","YAHOTYN, UP","   20",",,S",,,"  171",",,S","  114",",,S","  129","H,,S"
"UPM00033356","1991-05-20","50.217","31.8","128.0","YAHOTYN, UP","   41",",,S",,,"  183",",,S","  101",",,S","  136","H,,S"
"UPM00033356","1991-05-21","50.217","31.8","128.0","YAHOTYN, UP","    0",",,S",,,"  203",",,S","   69",",,S","  112","H,,S"
"UPM00033356","1991-05-22","50.217","31.8","128.0","YAHOTYN, UP","   61",",,S",,,"  169",",,S",,,"  114","H,,S"
"UPM00033356","1991-05-23","50.217","31.8","128.0","YAHOTYN, UP","    0",",,S",,,"  173",",,S",,,"  109","H,,S"
"UPM00033356","1991-05-24","50.217","31.8","128.0","YAHOTYN, UP","    0",",,S",,,"  136",",,S","   44",",,S","   99","H,,S"
"UPM00033356","1991-05-25","50.217","31.8","128.0","YAHOTYN, UP","   30",",,S",,,"  117",",,S","   86",",,S","  100","H,,S"
"UPM00033356","1991-05-26","50.217","31.8","128.0","YAHOTYN, UP","    0",",,S",,,"  196",",,S",,,"  147","H,,S"
"UPM00033356","1991-05-27","50.217","31.8","128.0","YAHOTYN, UP","   79",",,S",,,,,,,"  144","H,,S"
"UPM00033356","1991-05-28","50.217","31.8","128.0","YAHOTYN, UP","   41",",,S",,,,,,,"  126","H,,S"
"UPM00033356","1991-05-29","50.217","31.8","128.0","YAHOTYN, UP","    0",",,S",,,"  191",",,S",,,"  126","H,,S"
"UPM00033356","1991-05-30","50.217","31.8","128.0","YAHOTYN, UP","    0",",,S",,,"  203",",,S",,,"  122","H,,S"
"UPM00033356","1991-05-31","50.217","31.8","128.0","YAHOTYN, UP",,,,,"  164",",,S","   96",",,S","  127","H,,S"
"UPM00033356","1991-06-01","50.217","31.8","128.0","YAHOTYN, UP",,,,,"  172",",,S",,,"  124","H,,S"
"UPM00033356","1991-06-02","50.217","31.8","128.0","YAHOTYN, UP","    0",",,S",,,"  221",",,S","   86",",,S","  155","H,,S"
"UPM00033356","1991-06-03","50.217","31.8","128.0","YAHOTYN, UP","   10",",,S",,,"  188",",,S","   86",",,S","  140","H,,S"
"UPM00033356","1991-06-04","50.217","31.8","128.0","YAHOTYN, UP","    0",",,S",,,"  242",",,S",,,"  182","H,,S"
"UPM00033356","1991-06-05","50.217","31.8","128.0","YAHOTYN, UP","    0",",,S",,,"  245",",,S","  115",",,S","  188","H,,S"
"UPM00033356","1991-06-06","50.217","31.8","128.0","YAHOTYN, UP","    0",",,S",,,"  199",",,S",,,"  147","H,,S"
"UPM00033356","1991-06-07","50.217","31.8","128.0","YAHOTYN, UP","    0",",,S",,,,,,,"  141","H,,S"
"UPM00033356","1991-06-08","50.217","31.8","128.0","YAHOTYN, UP",,,,,"  246",",,S","  111",",,S","  190","H,,S"
"UPM00033356","1991-06-09","50.217","31.8","128.0","YAHOTYN, UP","    0",",,S",,,"  224",",,S","  131",",,S","  181","H,,S"
"UPM00033356","1991-06-10","50.217","31.8","128.0","YAHOTYN, UP","    0",",,S",,,,,,,"  191","H,,S"
"UPM00033356","1991-06-11","50.217","31.8","128.0","YAHOTYN, UP","    0",",,S",,,"  257",",,S",,,"  197","H,,S"
"UPM00033356","1991-06-12","50.217","31.8","128.0","YAHOTYN, UP","    0",",,S",,,,,,,"  160","H,,S"
"UPM00033356","1991-06-13","50.217","31.8","128.0","YAHOTYN, UP","    8",",,S",,,"  213",",,S","  111",",,S","  163","H,,S"
"UPM00033356","1991-06-14","50.217","31.8","128.0","YAHOTYN, UP","    0",",,S",,,"  254",",,S","   91",",,S","  187","H,,S"
"UPM00033356","1991-06-15","50.217","31.8","128.0","YAHOTYN, UP","   89",",,S",,,"  211",",,S",,,"  153","H,,S"
"UPM00033356","1991-06-16","50.217","31.8","128.0","YAHOTYN, UP","    0",",,S",,,"  266",",,S","  103",",,S","  195","H,,S"
"UPM00033356","1991-06-17","50.217","31.8","128.0","YAHOTYN, UP","    0",",,S",,,"  297",",,S",,,"  240","H,,S"
"UPM00033356","1991-06-18","50.217","31.8","128.0","YAHOTYN, UP",,,,,"  314",",,S","  171",",,S","  256","H,,S"
"UPM00033356","1991-06-19","50.217","31.8","128.0","YAHOTYN, UP","    0",",,S",,,,,,,"  249","H,,S"
"UPM00033356","1991-06-20","50.217","31.8","128.0","YAHOTYN, UP","    0",",,S",,,"  305",",,S",,,"  203","H,,S"
"UPM00033356","1991-06-21","50.217","31.8","128.0","YAHOTYN, UP","   51",",,S",,,"  219",",,S",,,"  178","H,,S"
"UPM00033356","1991-06-22","50.217","31.8","128.0","YAHOTYN, UP","    0",",,S",,,"  265",",,S","  144",",,S","  208","H,,S"
"UPM00033356","1991-06-23","50.217","31.8","128.0","YAHOTYN, UP","   61",",,S",,,"  260",",,S","  178",",,S","  213","H,,S"
"UPM00033356","1991-06-24","50.217","31.8","128.0","YAHOTYN, UP","    0",",,S",,,"  272",",,S",,,"  206","H,,S"
"UPM00033356","1991-06-25","50.217","31.8","128.0","YAHOTYN, UP","  770",",,S",,,,,,,"  188","H,,S"
"UPM00033356","1991-06-26","50.217","31.8","128.0","YAHOTYN, UP","  231",",,S",,,"  232",",,S",,,"  185","H,,S"
"UPM00033356","1991-06-27","50.217","31.8","128.0","YAHOTYN, UP","    0",",,S",,,"  254",",,S","  136",",,S","  202","H,,S"
"UPM00033356","1991-06-28","50.217","31.8","128.0","YAHOTYN, UP","    0",",,S",,,,,,,"  221","H,,S"
"UPM00033356","1991-06-29","50.217","31.8","128.0","YAHOTYN, UP","   10",",,S",,,"  248",",,S","  188",",,S","  212","H,,S"
"UPM00033356","1991-06-30","50.217","31.8","128.0","YAHOTYN, UP","    0",",,S",,,,,,,"  228","H,,S"
"UPM00033356","1991-07-01","50.217","31.8","128.0","YAHOTYN, UP","  351",",,S",,,"  304",",,S",,,"  247","H,,S"
"UPM00033356","1991-07-02","50.217","31.8","128.0","YAHOTYN, UP","    0",",,S",,,"  328",",,S","  220",",,S","  274","H,,S"
"UPM00033356","1991-07-03","50.217","31.8","128.0","YAHOTYN, UP","    0",",,S",,,"  293",",,S",,,"  255","H,,S"
"UPM00033356","1991-07-04","50.217","31.8","128.0","YAHOTYN, UP","    0",",,S",,,"  311",",,S","  197",",,S","  243","H,,S"
"UPM00033356","1991-07-05","50.217","31.8","128.0","YAHOTYN, UP","    0",",,S",,,"  267",",,S","  182",",,S","  213","H,,S"
"UPM00033356","1991-07-06","50.217","31.8","128.0","YAHOTYN, UP","    0",",,S",,,"  267",",,S","  172",",,S","  205","H,,S"
"UPM00033356","1991-07-07","50.217","31.8","128.0","YAHOTYN, UP","    0",",,S",,,"  258",",,S","  154",",,S","  202","H,,S"
"UPM00033356","1991-07-08","50.217","31.8","128.0","YAHOTYN, UP","    0",",,S",,,"  272",",,S","  147",",,S","  203","H,,S"
"UPM00033356","1991-07-09","50.217","31.8","128.0","YAHOTYN, UP","    0",",,S",,,"  290",",,S","  151",",,S","  221","H,,S"
"UPM00033356","1991-07-10","50.217","31.8","128.0","YAHOTYN, UP","    0",",,S",,,"  308",",,S",,,"  230","H,,S"
"UPM00033356","1991-07-11","50.217","31.8","128.0","YAHOTYN, UP","    0",",,S",,,"  264",",,S",,,"  201","H,,S"
"UPM00033356","1991-07-12","50.217","31.8","128.0","YAHOTYN, UP",,,,,"  232",",,S","  131",",,S","  192","H,,S"
"UPM00033356","1991-07-13","50.217","31.8","128.0","YAHOTYN, UP","    0",",,S",,,"  250",",,S","  146",",,S","  201","H,,S"
"UPM00033356","1991-07-14","50.217","31.8","128.0","YAHOTYN, UP","    0",",,S",,,"  277",",,S","  123",",,S","  218","H,,S"
"UPM00033356","1991-07-16","50.217","31.8","128.0","YAHOTYN, UP","   10",",,S",,,"  252",",,S",,,"  207","H,,S"
"UPM00033356","1991-07-17","50.217","31.8","128.0","YAHOTYN, UP","    0",",,S",,,,,,,"  201","H,,S"
"UPM00033356","1991-07-18","50.217","31.8","128.0","YAHOTYN, UP","    0",",,S",,,"  288",",,S","  131",",,S","  217","H,,S"
"UPM00033356","1991-07-19","50.217","31.8","128.0","YAHOTYN, UP","    5",",,S",,,"  226",",,S",,,"  188","H,,S"
"UPM00033356","1991-07-20","50.217","31.8","128.0","YAHOTYN, UP","    0",",,S",,,"  279",",,S","  101",",,S","  189","H,,S"
"UPM00033356","1991-07-21","50.217","31.8","128.0","YAHOTYN, UP","    0",",,S",,,"  262",",,S","  169",",,S","  197","H,,S"
"UPM00033356","1991-07-22","50.217","31.8","128.0","YAHOTYN, UP","   10",",,S",,,"  273",",,S","  151",",,S","  187","H,,S"
"UPM00033356","1991-07-23","50.217","31.8","128.0","YAHOTYN, UP","  119",",,S",,,,,,,"  177","H,,S"
"UPM00033356","1991-07-24","50.217","31.8","128.0","YAHOTYN, UP","  109",",,S",,,"  224",",,S",,,"  171","H,,S"
"UPM00033356","1991-07-25","50.217","31.8","128.0","YAHOTYN, UP","    0",",,S",,,,,"  119",",,S","  188","H,,S"
"UPM00033356","1991-07-26","50.217","31.8","128.0","YAHOTYN, UP","    0",",,S",,,"  293",",,S","  172",",,S","  214","H,,S"
"UPM00033356","1991-07-27","50.217","31.8","128.0","YAHOTYN, UP","    0",",,S",,,"  259",",,S","  180",",,S","  213","H,,S"
"UPM00033356","1991-07-28","50.217","31.8","128.0","YAHOTYN, UP","    0",",,S",,,"  242",",,S",,,"  204","H,,S"
"UPM00033356","1991-07-29","50.217","31.8","128.0","YAHOTYN, UP","    0",",,S",,,"  245",",,S",,,"  192","H,,S"
"UPM00033356","1991-07-30","50.217","31.8","128.0","YAHOTYN, UP","  130",",,S",,,,,"  148",",,S","  197","H,,S"
"UPM00033356","1991-07-31","50.217","31.8","128.0","YAHOTYN, UP","    8",",,S",,,"  257",",,S","  180",",,S","  213","H,,S"
"UPM00033356","1991-08-01","50.217","31.8","128.0","YAHOTYN, UP","   71",",,S",,,"  226",",,S",,,"  191","H,,S"
"UPM00033356","1991-08-02","50.217","31.8","128.0","YAHOTYN, UP","  119",",,S",,,"  209",",,S","  167",",,S","  189","H,,S"
"UPM00033356","1991-08-03","50.217","31.8","128.0","YAHOTYN, UP","    5",",,S",,,"  283",",,S","  188",",,S","  232","H,,S"
"UPM00033356","1991-08-04","50.217","31.8","128.0","YAHOTYN, UP","    0",",,S",,,"  280",",,S","  185",",,S","  224","H,,S"
"UPM00033356","1991-08-05","50.217","31.8","128.0","YAHOTYN, UP",,,,,,,,,"  239","H,,S"
"UPM00033356","1991-08-06","50.217","31.8","128.0","YAHOTYN, UP","    0",",,S",,,"  282",",,S","  158",",,S","  207","H,,S"
"UPM00033356","1991-08-07","50.217","31.8","128.0","YAHOTYN, UP","    0",",,S",,,,,"  138",",,S","  224","H,,S"
"UPM00033356","1991-08-08","50.217","31.8","128.0","YAHOTYN, UP","    0",",,S",,,"  313",",,S","  177",",,S","  229","H,,S"
"UPM00033356","1991-08-09","50.217","31.8","128.0","YAHOTYN, UP","    0",",,S",,,,,"  183",",,S","  252","H,,S"
"UPM00033356","1991-08-10","50.217","31.8","128.0","YAHOTYN, UP","    0",",,S",,,"  266",",,S",,,"  223","H,,S"
"UPM00033356","1991-08-11","50.217","31.8","128.0","YAHOTYN, UP","    0",",,S",,,"  242",",,S",,,"  199","H,,S"
"UPM00033356","1991-08-12","50.217","31.8","128.0","YAHOTYN, UP","    0",",,S",,,"  265",",,S","  161",",,S","  214","H,,S"
"UPM00033356","1991-08-13","50.217","31.8","128.0","YAHOTYN, UP","    5",",,S",,,"  234",",,S",,,"  194","H,,S"
"UPM00033356","1991-08-14","50.217","31.8","128.0","YAHOTYN, UP","    0",",,S",,,"  211",",,S","  128",",,S","  152","H,,S"
"UPM00033356","1991-08-15","50.217","31.8","128.0","YAHOTYN, UP","    0",",,S",,,"  232",",,S","   91",",,S","  164","H,,S"
"UPM00033356","1991-08-16","50.217","31.8","128.0","YAHOTYN, UP","    0",",,S",,,"  230",",,S","  101",",,S","  167","H,,S"
"UPM00033356","1991-08-17","50.217","31.8","128.0","YAHOTYN, UP","    0",",,S",,,"  257",",,S","   94",",,S","  179","H,,S"
"UPM00033356","1991-08-18","50.217","31.8","128.0","YAHOTYN, UP",,,,,"  268",",,S",,,"  202","H,,S"
"UPM00033356","1991-08-19","50.217","31.8","128.0","YAHOTYN, UP","    0",",,S",,,"  247",",,S","  127",",,S","  179","H,,S"
"UPM00033356","1991-08-20","50.217","31.8","128.0","YAHOTYN, UP","   30",",,S",,,"  201",",,S","  128",",,S","  153","H,,S"
"UPM00033356","1991-08-21","50.217","31.8","128.0","YAHOTYN, UP","   30",",,S",,,"  207",",,S",,,"  158","H,,S"
"UPM00033356","1991-08-22","50.217","31.8","128.0","YAHOTYN, UP","    0",",,S",,,,,"   96",",,S","  143","H,,S"
"UPM00033356","1991-08-23","50.217","31.8","128.0","YAHOTYN, UP","    5",",,S",,,"  217",",,S","  110",",,S","  148","H,,S"
"UPM00033356","1991-08-24","50.217","31.8","128.0","YAHOTYN, UP","    5",",,S",,,"  221",",,S","  119",",,S","  169","H,,S"
"UPM00033356","1991-08-25","50.217","31.8","128.0","YAHOTYN, UP","    0",",,S",,,"  222",",,S","   81",",,S","  152","H,,S"
"UPM00033356","1991-08-26","50.217","31.8","128.0","YAHOTYN, UP","    0",",,S",,,"  234",",,S","  111",",,S","  170","H,,S"
"UPM00033356","1991-08-27","50.217","31.8","128.0","YAHOTYN, UP","    0",",,S",,,"  224",",,S","  104",",,S","  169","H,,S"
"UPM00033356","1991-08-28","50.217","31.8","128.0","YAHOTYN, UP","    0",",,S",,,"  230",",,S","  116",",,S","  168","H,,S"
"UPM00033356","1991-08-29","50.217","31.8","128.0","YAHOTYN, UP","    0",",,S",,,"  156",",,S","  126",",,S","  146","H,,S"
"UPM00033356","1991-08-30","50.217","31.8","128.0","YAHOTYN, UP","   51",",,S",,,"  180",",,S",,,"  143","H,,S"
"UPM00033356","1991-08-31","50.217","31.8","128.0","YAHOTYN, UP","    0",",,S",,,"  185",",,S","  126",",,S","  147","H,,S"
"UPM00033356","1991-09-01","50.217","31.8","128.0","YAHOTYN, UP","    5",",,S",,,"  234",",,S","  111",",,S","  169","H,,S"
"UPM00033356","1991-09-02","50.217","31.8","128.0","YAHOTYN, UP","    0",",,S",,,"  210",",,S","  114",",,S","  159","H,,S"
"UPM00033356","1991-09-03","50.217","31.8","128.0","YAHOTYN, UP","    0",",,S",,,,,"   85",",,S","  145","H,,S"
"UPM00033356","1991-09-04","50.217","31.8","128.0","YAHOTYN, UP","    0",",,S",,,"  259",",,S",,,"  170","H,,S"
"UPM00033356","1991-09-05","50.217","31.8","128.0","YAHOTYN, UP","    0",",,S",,,"  266",",,S",,,"  199","H,,S"
"UPM00033356","1991-09-06","50.217","31.8","128.0","YAHOTYN, UP",,,,,"  200",",,S",,,"  149","H,,S"
"UPM00033356","1991-09-07","50.217","31.8","128.0","YAHOTYN, UP","    0",",,S",,,"  122",",,S",,,"   74","H,,S"
"UPM00033356","1991-09-08","50.217","31.8","128.0","YAHOTYN, UP",,,,,"  122",",,S","   26",",,S","   59","H,,S"
"UPM00033356","1991-09-09","50.217","31.8","128.0","YAHOTYN, UP",,,,,,,,,"  107","H,,S"
"UPM00033356","1991-09-10","50.217","31.8","128.0","YAHOTYN, UP",,,,,"  197",",,S",,,"  138","H,,S"
"UPM00033356","1991-09-11","50.217","31.8","128.0","YAHOTYN, UP",,,,,,,"   80",",,S","  169","H,,S"
"UPM00033356","1991-09-12","50.217","31.8","128.0","YAHOTYN, UP",,,,,,,,,"  124","H,,S"
"UPM00033356","1991-09-13","50.217","31.8","128.0","YAHOTYN, UP","    3",",,S",,,"  177",",,S",,,"  104","H,,S"
"UPM00033356","1991-09-14","50.217","31.8","128.0","YAHOTYN, UP","    0",",,S",,,"  209",",,S","   20",",,S","  112","H,,S"
"UPM00033356","1991-09-15","50.217","31.8","128.0","YAHOTYN, UP","    0",",,S",,,"  244",",,S","   48",",,S","  140","H,,S"
"UPM00033356","1991-09-16","50.217","31.8","128.0","YAHOTYN, UP","    0",",,S",,,"  233",",,S","   92",",,S","  155","H,,S"
"UPM00033356","1991-09-17","50.217","31.8","128.0","YAHOTYN, UP","    0",",,S",,,,,,,"  170","H,,S"
"UPM00033356","1991-09-18","50.217","31.8","128.0","YAHOTYN, UP","    0",",,S",,,"  243",",,S","   96",",,S","  159","H,,S"
"UPM00033356","1991-09-19","50.217","31.8","128.0","YAHOTYN, UP","    0",",,S",,,"  249",",,S","   85",",,S","  166","H,,S"
"UPM00033356","1991-09-20","50.217","31.8","128.0","YAHOTYN, UP","    0",",,S",,,"  211",",,S",,,"  147","H,,S"
"UPM00033356","1991-09-21","50.217","31.8","128.0","YAHOTYN, UP","    0",",,S",,,,,"   54",",,S","  133","H,,S"
"UPM00033356","1991-09-22","50.217","31.8","128.0","YAHOTYN, UP","   20",",,S",,,"  177",",,S",,,"  117","H,,S"
"UPM00033356","1991-09-23","50.217","31.8","128.0","YAHOTYN, UP","    0",",,S",,,"  200",",,S","   41",",,S","  123","H,,S"
"UPM00033356","1991-09-24","50.217","31.8","128.0","YAHOTYN, UP","    0",",,S",,,"  156",",,S",,,"  123","H,,S"
"UPM00033356","1991-09-25","50.217","31.8","128.0","YAHOTYN, UP","    0",",,S",,,"  206",",,S","   41",",,S","  126","H,,S"
"UPM00033356","1991-09-26","50.217","31.8","128.0","YAHOTYN, UP","    0",",,S",,,"  245",",,S",,,"  161","H,,S"
"UPM00033356","1991-09-27","50.217","31.8","128.0","YAHOTYN, UP","    0",",,S",,,"  230",",,S","  111",",,S","  168","H,,S"
"UPM00033356","1991-09-28","50.217","31.8","128.0","YAHOTYN, UP","    0",",,S",,,"  242",",,S","  129",",,S","  168","H,,S"
"UPM00033356","1991-09-29","50.217","31.8","128.0","YAHOTYN, UP","    5",",,S",,,"  182",",,S","  121",",,S","  142","H,,S"
"UPM00033356","1991-09-30","50.217","31.8","128.0","YAHOTYN, UP","    0",",,S",,,"  237",",,S","  103",",,S","  162","H,,S"
"UPM00033356","1991-10-01","50.217","31.8","128.0","YAHOTYN, UP","    0",",,S",,,"  268",",,S","  132",",,S","  206","H,,S"
"UPM00033356","1991-10-02","50.217","31.8","128.0","YAHOTYN, UP","    0",",,S",,,,,,,"  184","H,,S"
"UPM00033356","1991-10-03","50.217","31.8","128.0","YAHOTYN, UP","  119",",,S",,,"  161",",,S",,,"  132","H,,S"
"UPM00033356","1991-10-04","50.217","31.8","128.0","YAHOTYN, UP","    0",",,S",,,"  145",",,S",,,"  116","H,,S"
"UPM00033356","1991-10-05","50.217","31.8","128.0","YAHOTYN, UP","    0",",,S",,,"  165",",,S",,,"  107","H,,S"
"UPM00033356","1991-10-06","50.217","31.8","128.0","YAHOTYN, UP","    0",",,S",,,"  207",",,S",,,"  132","H,,S"
"UPM00033356","1991-10-07","50.217","31.8","128.0","YAHOTYN, UP","    0",",,S",,,"  216",",,S","   75",",,S","  146","H,,S"
"UPM00033356","1991-10-08","50.217","31.8","128.0","YAHOTYN, UP","    0",",,S",,,"  215",",,S",,,"  141","H,,S"
"UPM00033356","1991-10-09","50.217","31.8","128.0","YAHOTYN, UP",,,,,"  207",",,S","   66",",,S","  121","H,,S"
"UPM00033356","1991-10-10","50.217","31.8","128.0","YAHOTYN, UP",,,,,"  167",",,S","   51",",,S","   99","H,,S"
"UPM00033356","1991-10-11","50.217","31.8","128.0","YAHOTYN, UP","    0",",,S",,,"  138",",,S","   39",",,S","   82","H,,S"
"UPM00033356","1991-10-12","50.217","31.8","128.0","YAHOTYN, UP","    0",",,S",,,,,"   24",",,S","   89","H,,S"
"UPM00033356","1991-10-13","50.217","31.8","128.0","YAHOTYN, UP","    0",",,S",,,"  148",",,S","   41",",,S","   94","H,,S"
"UPM00033356","1991-10-14","50.217","31.8","128.0","YAHOTYN, UP","   30",",,S",,,"  143",",,S",,,"  123","H,,S"
"UPM00033356","1991-10-15","50.217","31.8","128.0","YAHOTYN, UP","    0",",,S",,,"  181",",,S","   81",",,S","  126","H,,S"
"UPM00033356","1991-10-16","50.217","31.8","128.0","YAHOTYN, UP","    0",",,S",,,,,"  122",",,S","  146","H,,S"
"UPM00033356","1991-10-17","50.217","31.8","128.0","YAHOTYN, UP","   30",",,S",,,"  168",",,S",,,"  133","H,,S"
"UPM00033356","1991-10-18","50.217","31.8","128.0","YAHOTYN, UP","    0",",,S",,,,,"   82",",,S","  119","H,,S"
"UPM00033356","1991-10-19","50.217","31.8","128.0","YAHOTYN, UP","    0",",,S",,,"  142",",,S",,,"  101","H,,S"
"UPM00033356","1991-10-20","50.217","31.8","128.0","YAHOTYN, UP","   20",",,S",,,,,,,"  124","H,,S"
"UPM00033356","1991-10-21","50.217","31.8","128.0","YAHOTYN, UP","    5",",,S",,,,,,,"  103","H,,S"
"UPM00033356","1991-10-22","50.217","31.8","128.0","YAHOTYN, UP","   61",",,S",,,,,,,"   58","H,,S"
"UPM00033356","1991-10-23","50.217","31.8","128.0","YAHOTYN, UP","   99",",,S",,,"   62",",,S","   23",",,S","   36","H,,S"
"UPM00033356","1991-10-24","50.217","31.8","128.0","YAHOTYN, UP","   20",",,S",,,"   29",",,S",,,"   22","H,,S"
"UPM00033356","1991-10-25","50.217","31.8","128.0","YAHOTYN, UP","    8",",,S",,,"   20",",,S","    4",",,S","   11","H,,S"
"UPM00033356","1991-10-26","50.217","31.8","128.0","YAHOTYN, UP","   20",",,S",,,,,"    4",",,S","   19","H,,S"
"UPM00033356","1991-10-27","50.217","31.8","128.0","YAHOTYN, UP","    0",",,S",,,"    5",",,S",,,"   -3","H,,S"
"UPM00033356","1991-10-28","50.217","31.8","128.0","YAHOTYN, UP","   20",",,S","   20",",,S","    6",",,S","  -23",",,S","  -12","H,,S"
"UPM00033356","1991-10-29","50.217","31.8","128.0","YAHOTYN, UP","   20",",,S","   41",",,S","    4",",,S","  -19",",,S","   -4","H,,S"
"UPM00033356","1991-10-30","50.217","31.8","128.0","YAHOTYN, UP","   20",",,S",,,"   12",",,S",,,"   -5","H,,S"
"UPM00033356","1991-10-31","50.217","31.8","128.0","YAHOTYN, UP","   10",",,S","   30",",,S","   -8",",,S",,,"  -13","H,,S"
"UPM00033356","1991-11-01","50.217","31.8","128.0","YAHOTYN, UP","    0",",,S","   20",",,S",,,,,"  -24","H,,S"
"UPM00033356","1991-11-02","50.217","31.8","128.0","YAHOTYN, UP","    0",",,S","   20",",,S","   -1",",,S","  -95",",,S","  -57","H,,S"
"UPM00033356","1991-11-03","50.217","31.8","128.0","YAHOTYN, UP",,,,,"   -1",",,S","  -95",",,S","  -44","H,,S"
"UPM00033356","1991-11-04","50.217","31.8","128.0","YAHOTYN, UP",,,,,,,"  -70",",,S","  -32","H,,S"
"UPM00033356","1991-11-05","50.217","31.8","128.0","YAHOTYN, UP","    0",",,S",,,"   23",",,S","  -19",",,S","    6","H,,S"
"UPM00033356","1991-11-06","50.217","31.8","128.0","YAHOTYN, UP","    0",",,S",,,,,,,"   32","H,,S"
"UPM00033356","1991-11-07","50.217","31.8","128.0","YAHOTYN, UP","   99",",,S",,,"   42",",,S",,,"   31","H,,S"
"UPM00033356","1991-11-08","50.217","31.8","128.0","YAHOTYN, UP","    0",",,S",,,"   22",",,S",,,"   13","H,,S"
"UPM00033356","1991-11-09","50.217","31.8","128.0","YAHOTYN, UP",,,,,,,"    8",",,S","   48","H,,S"
"UPM00033356","1991-11-10","50.217","31.8","128.0","YAHOTYN, UP","    0",",,S",,,"   92",",,S","   26",",,S","   44","H,,S"
"UPM00033356","1991-11-11","50.217","31.8","128.0","YAHOTYN, UP","   20",",,S",,,"   59",",,S",,,"   33","H,,S"
"UPM00033356","1991-11-12","50.217","31.8","128.0","YAHOTYN, UP","    0",",,S",,,"   52",",,S","  -27",",,S","   18","H,,S"
"UPM00033356","1991-11-13","50.217","31.8","128.0","YAHOTYN, UP",,,,,"   34",",,S","   21",",,S","   28","H,,S"
"UPM00033356","1991-11-14","50.217","31.8","128.0","YAHOTYN, UP",,,,,,,"   30",",,S","   46","H,,S"
"UPM00033356","1991-11-15","50.217","31.8","128.0","YAHOTYN, UP","    0",",,S",,,"   66",",,S","   16",",,S","   44","H,,S"
"UPM00033356","1991-11-16","50.217","31.8","128.0","YAHOTYN, UP","   51",",,S",,,"   68",",,S",,,"   63","H,,S"
"UPM00033356","1991-11-17","50.217","31.8","128.0","YAHOTYN, UP","    3",",,S",,,"   69",",,S",,,"   61","H,,S"
"UPM00033356","1991-11-18","50.217","31.8","128.0","YAHOTYN, UP","    0",",,S",,,,,,,"    3","H,,S"
"UPM00033356","1991-11-19","50.217","31.8","128.0","YAHOTYN, UP","    0",",,S",,,,,"   -9",",,S","    7","H,,S"
"UPM00033356","1991-11-20","50.217","31.8","128.0","YAHOTYN, UP","   20",",,S",,,"   27",",,S","   12",",,S","   19","H,,S"
"UPM00033356","1991-11-21","50.217","31.8","128.0","YAHOTYN, UP","   71",",,S",,,"   34",",,S","    5",",,S","   16","H,,S"
"UPM00033356","1991-11-22","50.217","31.8","128.0","YAHOTYN, UP","    0",",,S",,,,,,,"   44","H,,S"
"UPM00033356","1991-11-23","50.217","31.8","128.0","YAHOTYN, UP","    0",",,S",,,"   41",",,S","   20",",,S","   28","H,,S"
"UPM00033356","1991-11-24","50.217","31.8","128.0","YAHOTYN, UP","    0",",,S",,,"   74",",,S",,,"   37","H,,S"
"UPM00033356","1991-11-25","50.217","31.8","128.0","YAHOTYN, UP","    0",",,S",,,,,"   23",",,S","   35","H,,S"
"UPM00033356","1991-11-26","50.217","31.8","128.0","YAHOTYN, UP",,,,,"   25",",,S",,,"   14","H,,S"
"UPM00033356","1991-11-27","50.217","31.8","128.0","YAHOTYN, UP",,,,,,,,,"   -6","H,,S"
"UPM00033356","1991-11-28","50.217","31.8","128.0","YAHOTYN, UP","    5",",,S",,,"   -8",",,S","  -18",",,S","  -12","H,,S"
"UPM00033356","1991-11-29","50.217","31.8","128.0","YAHOTYN, UP","    0",",,S",,,,,"  -15",",,S","   -4","H,,S"
"UPM00033356","1991-11-30","50.217","31.8","128.0","YAHOTYN, UP","    3",",,S",,,"   22",",,S",,,"   11","H,,S"
"UPM00033356","1991-12-01","50.217","31.8","128.0","YAHOTYN, UP","    0",",,S",,,,,,,"   11","H,,S"
"UPM00033356","1991-12-02","50.217","31.8","128.0","YAHOTYN, UP","    0",",,S",,,,,,,"    1","H,,S"
"UPM00033356","1991-12-03","50.217","31.8","128.0","YAHOTYN, UP","    0",",,S",,,"   17",",,S",,,"    9","H,,S"
"UPM00033356","1991-12-04","50.217","31.8","128.0","YAHOTYN, UP","    0",",,S",,,,,"  -21",",,S","  -12","H,,S"
"UPM00033356","1991-12-05","50.217","31.8","128.0","YAHOTYN, UP",,,"   41",",,S","   18",",,S",,,"   -3","H,,S"
"UPM00033356","1991-12-06","50.217","31.8","128.0","YAHOTYN, UP","   30",",,S",,,,,,,"  -61","H,,S"
"UPM00033356","1991-12-07","50.217","31.8","128.0","YAHOTYN, UP","   20",",,S","   61",",,S"," -105",",,S"," -152",",,S"," -127","H,,S"
"UPM00033356","1991-12-09","50.217","31.8","128.0","YAHOTYN, UP","    0",",,S",,,,,,," -131","H,,S"
"UPM00033356","1991-12-10","50.217","31.8","128.0","YAHOTYN, UP","    0",",,S","   61",",,S",,," -177",",,S"," -137","H,,S"
"UPM00033356","1991-12-11","50.217","31.8","128.0","YAHOTYN, UP",,,"   61",",,S","  -12",",,S","  -54",",,S","  -17","H,,S"
"UPM00033356","1991-12-12","50.217","31.8","128.0","YAHOTYN, UP",,,"   41",",,S",,,"  -29",",,S","   -9","H,,S"
"UPM00033356","1991-12-13","50.217","31.8","128.0","YAHOTYN, UP","    0",",,S","   41",",,S",,,,,"   -4","H,,S"
"UPM00033356","1991-12-14","50.217","31.8","128.0","YAHOTYN, UP","    0",",,S","   41",",,S","   28",",,S","  -21",",,S","   11","H,,S"
"UPM00033356","1991-12-15","50.217","31.8","128.0","YAHOTYN, UP","    0",",,S",,,,,,,"   11","H,,S"
"UPM00033356","1991-12-16","50.217","31.8","128.0","YAHOTYN, UP","    0",",,S",,,"   36",",,S","  -53",",,S","   -1","H,,S"
"UPM00033356","1991-12-17","50.217","31.8","128.0","YAHOTYN, UP","    0",",,S",,,"    3",",,S",,,"   -2","H,,S"
"UPM00033356","1991-12-18","50.217","31.8","128.0","YAHOTYN, UP","    0",",,S",,,,,"  -17",",,S","  -11","H,,S"
"UPM00033356","1991-12-19","50.217","31.8","128.0","YAHOTYN, UP","    5","B,,S",,,"    2",",,S",,,"   -4","H,,S"
"UPM00033356","1991-12-20","50.217","31.8","128.0","YAHOTYN, UP","    0",",,S",,,,,"  -12",",,S","   -2","H,,S"
"UPM00033356","1991-12-21","50.217","31.8","128.0","YAHOTYN, UP","    0",",,S",,,"   15",",,S","    2",",,S","    7","H,,S"
"UPM00033356","1991-12-22","50.217","31.8","128.0","YAHOTYN, UP","   99",",,S",,,"   22",",,S","    5",",,S","   14","H,,S"
"UPM00033356","1991-12-23","50.217","31.8","128.0","YAHOTYN, UP","   79",",,S","   20",",,S",,,,,"   -2","H,,S"
"UPM00033356","1991-12-24","50.217","31.8","128.0","YAHOTYN, UP","    0",",,S","   20",",,S",,,"  -19",",,S","   -2","H,,S"
"UPM00033356","1991-12-25","50.217","31.8","128.0","YAHOTYN, UP","   10","B,,S","   30",",,S",,,,,"    1","H,,S"
"UPM00033356","1991-12-26","50.217","31.8","128.0","YAHOTYN, UP","    0",",,S","   30",",,S",,,,,"  -53","H,,S"
"UPM00033356","1991-12-27","50.217","31.8","128.0","YAHOTYN, UP","    0",",,S","   30",",,S",,,"  -99",",,S","  -63","H,,S"
"UPM00033356","1991-12-28","50.217","31.8","128.0","YAHOTYN, UP","    0",",,S",,,,,,,"  -93","H,,S"
"UPM00033356","1991-12-29","50.217","31.8","128.0","YAHOTYN, UP","    0",",,S","   30",",,S",,,,,"  -77","H,,S"
"UPM00033356","1991-12-30","50.217","31.8","128.0","YAHOTYN, UP","    0",",,S","   30",",,S",,,"  -59",",,S","    0","H,,S"
"UPM00033356","1991-12-31","50.217","31.8","128.0","YAHOTYN, UP","    0",",,S","   30",",,S","   -7",",,S","  -23",",,S","  -15","H,,S"
"UPM00033356","1992-01-01","50.217","31.8","128.0","YAHOTYN, UP",,,"   41",",,S",,,,,"  -53","H,,S"
"UPM00033356","1992-01-02","50.217","31.8","128.0","YAHOTYN, UP",,,"   41",",,S","    8",",,S"," -123",",,S","  -33","H,,S"
"UPM00033356","1992-01-03","50.217","31.8","128.0","YAHOTYN, UP",,,,,"   25",",,S",,,"   19","H,,S"
"UPM00033356","1992-01-04","50.217","31.8","128.0","YAHOTYN, UP","    3",",,S",,,"   38",",,S",,,"   14","H,,S"
"UPM00033356","1992-01-05","50.217","31.8","128.0","YAHOTYN, UP","    0",",,S",,,"   36",",,S","    3",",,S","   16","H,,S"
"UPM00033356","1992-01-06","50.217","31.8","128.0","YAHOTYN, UP","    0",",,S",,,,,,,"    1","H,,S"
"UPM00033356","1992-01-07","50.217","31.8","128.0","YAHOTYN, UP","    0",",,S",,,"    8",",,S","  -48",",,S","  -14","H,,S"
"UPM00033356","1992-01-08","50.217","31.8","128.0","YAHOTYN, UP","    0",",,S",,,"   65",",,S","   -5",",,S","   24","H,,S"
"UPM00033356","1992-01-09","50.217","31.8","128.0","YAHOTYN, UP","    0",",,S",,,"   54",",,S","  -12",",,S","    9","H,,S"
"UPM00033356","1992-01-10","50.217","31.8","128.0","YAHOTYN, UP","    0",",,S",,,"   35",",,S",,,"    8","H,,S"
"UPM00033356","1992-01-11","50.217","31.8","128.0","YAHOTYN, UP","   20",",,S",,,"    5",",,S","  -58",",,S","  -22","H,,S"
"UPM00033356","1992-01-12","50.217","31.8","128.0","YAHOTYN, UP","    0",",,S",,,,,"  -16",",,S","   18","H,,S"
"UPM00033356","1992-01-13","50.217","31.8","128.0","YAHOTYN, UP","    3",",,S",,,,,,,"  -17","H,,S"
"UPM00033356","1992-01-14","50.217","31.8","128.0","YAHOTYN, UP","    0",",,S",,,,,"  -73",",,S","  -56","H,,S"
"UPM00033356","1992-01-15","50.217","31.8","128.0","YAHOTYN, UP","    5",",,S",,,,,"  -65",",,S","  -10","H,,S"
"UPM00033356","1992-01-16","50.217","31.8","128.0","YAHOTYN, UP","   10",",,S",,,"   32",",,S","    8",",,S","   21","H,,S"
"UPM00033356","1992-01-17","50.217","31.8","128.0","YAHOTYN, UP","    0",",,S","   10",",,S","   30",",,S",,,"    8","H,,S"
"UPM00033356","1992-01-18","50.217","31.8","128.0","YAHOTYN, UP","   41",",,S","   20",",,S",,,,,"  -46","H,,S"
"UPM00033356","1992-01-19","50.217","31.8","128.0","YAHOTYN, UP","   10",",,S","   30",",,S",,,"  -94",",,S","  -72","H,,S"
"UPM00033356","1992-01-20","50.217","31.8","128.0","YAHOTYN, UP","    0",",,S","   30",",,S","  -82",",,S",,," -107","H,,S"
"UPM00033356","1992-01-21","50.217","31.8","128.0","YAHOTYN, UP","    3",",,S","   30",",,S",,," -153",",,S"," -127","H,,S"
"UPM00033356","1992-01-22","50.217","31.8","128.0","YAHOTYN, UP","    0",",,S",,,,,,,"  -48","H,,S"
"UPM00033356","1992-01-23","50.217","31.8","128.0","YAHOTYN, UP","    0",",,S","   30",",,S","    8",",,S","  -26",",,S","    1","H,,S"
"UPM00033356","1992-01-24","50.217","31.8","128.0","YAHOTYN, UP","    0",",,S",,,,,,,"  -15","H,,S"
"UPM00033356","1992-01-25","50.217","31.8","128.0","YAHOTYN, UP","    0",",,S","   20",",,S","  -28",",,S",,,"  -42","H,,S"
"UPM00033356","1992-01-26","50.217","31.8","128.0","YAHOTYN, UP","    0",",,S","   20",",,S","  -60",",,S","  -67",",,S","  -64","H,,S"
"UPM00033356","1992-01-27","50.217","31.8","128.0","YAHOTYN, UP",,,,,,,,,"  -53","H,,S"
"UPM00033356","1992-01-28","50.217","31.8","128.0","YAHOTYN, UP","   20","B,,S","   20",",,S",,,"  -41",",,S","  -14","H,,S"
"UPM00033356","1992-01-29","50.217","31.8","128.0","YAHOTYN, UP","    3","B,,S","   41",",,S","   23",",,S",,,"    8","H,,S"
"UPM00033356","1992-01-30","50.217","31.8","128.0","YAHOTYN, UP",,,"   41",",,S",,,"  -23",",,S","  -17","H,,S"
"UPM00033356","1992-01-31","50.217","31.8","128.0","YAHOTYN, UP","    3",",,S","   41",",,S",,,"  -38",",,S","  -27","H,,S"
"UPM00033356","1992-02-01","50.217","31.8","128.0","YAHOTYN, UP","   20",",,S","   51",",,S","  -23",",,S",,,"  -47","H,,S"
"UPM00033356","1992-02-02","50.217","31.8","128.0","YAHOTYN, UP","    0",",,S","   51",",,S","  -12",",,S"," -134",",,S","  -84","H,,S"
"UPM00033356","1992-02-03","50.217","31.8","128.0","YAHOTYN, UP","    0",",,S","   51",",,S","  -19",",,S"," -100",",,S","  -46","H,,S"
"UPM00033356","1992-02-04","50.217","31.8","128.0","YAHOTYN, UP","    3",",,S","   51",",,S","    8",",,S","  -28",",,S","  -11","H,,S"
"UPM00033356","1992-02-05","50.217","31.8","128.0","YAHOTYN, UP","    5",",,S","   61",",,S","    7",",,S","  -28",",,S","   -8","H,,S"
"UPM00033356","1992-02-06","50.217","31.8","128.0","YAHOTYN, UP","    0",",,S","   79",",,S","  -17",",,S","  -57",",,S","  -28","H,,S"
"UPM00033356","1992-02-07","50.217","31.8","128.0","YAHOTYN, UP","   20",",,S","   79",",,S",,,"  -69",",,S","  -43","H,,S"
"UPM00033356","1992-02-08","50.217","31.8","128.0","YAHOTYN, UP","    0",",,S","   79",",,S",,,,,"  -48","H,,S"
"UPM00033356","1992-02-09","50.217","31.8","128.0","YAHOTYN, UP","    0",",,S","   79",",,S","  -20",",,S"," -107",",,S","  -54","H,,S"
"UPM00033356","1992-02-10","50.217","31.8","128.0","YAHOTYN, UP","    0",",,S",,,"   17",",,S",,,"   -6","H,,S"
"UPM00033356","1992-02-11","50.217","31.8","128.0","YAHOTYN, UP","    3",",,S",,,,,,,"   -5","H,,S"
"UPM00033356","1992-02-12","50.217","31.8","128.0","YAHOTYN, UP","    8",",,S","   89",",,S","   22",",,S","  -34",",,S","   -8","H,,S"
"UPM00033356","1992-02-13","50.217","31.8","128.0","YAHOTYN, UP","   20",",,S",,,"   16",",,S",,,"   -2","H,,S"
"UPM00033356","1992-02-14","50.217","31.8","128.0","YAHOTYN, UP","    0",",,S","   71",",,S","   39",",,S","  -28",",,S","    9","H,,S"
"UPM00033356","1992-02-15","50.217","31.8","128.0","YAHOTYN, UP","   10",",,S","   30",",,S","   25",",,S","    6",",,S","   16","H,,S"
"UPM00033356","1992-02-16","50.217","31.8","128.0","YAHOTYN, UP","    0",",,S","   20",",,S",,,"    7",",,S","   18","H,,S"
"UPM00033356","1992-02-17","50.217","31.8","128.0","YAHOTYN, UP",,,"   10",",,S","   39",",,S",,,"    6","H,,S"
"UPM00033356","1992-02-18","50.217","31.8","128.0","YAHOTYN, UP","    0",",,S","   10",",,S",,,,,"  -51","H,,S"
"UPM00033356","1992-02-19","50.217","31.8","128.0","YAHOTYN, UP","    0",",,S",,,"  -29",",,S",,,"  -65","H,,S"
"UPM00033356","1992-02-20","50.217","31.8","128.0","YAHOTYN, UP","   10",",,S","   10",",,S","  -77",",,S"," -122",",,S"," -104","H,,S"
"UPM00033356","1992-02-21","50.217","31.8","128.0","YAHOTYN, UP","    0",",,S","   10",",,S",,," -132",",,S","  -73","H,,S"
"UPM00033356","1992-02-22","50.217","31.8","128.0","YAHOTYN, UP","   10",",,S",,,"  -67",",,S",,," -103","H,,S"
"UPM00033356","1992-02-23","50.217","31.8","128.0","YAHOTYN, UP","    0",",,S","   20",",,S",,," -163",",,S","  -87","H,,S"
"UPM00033356","1992-02-24","50.217","31.8","128.0","YAHOTYN, UP","  211","B,,S","   89",",,S",,,,,"  -14","H,,S"
"UPM00033356","1992-02-25","50.217","31.8","128.0","YAHOTYN, UP","   41",",,S","   71",",,S","   28",",,S",,,"    2","H,,S"
"UPM00033356","1992-02-26","50.217","31.8","128.0","YAHOTYN, UP","    8",",,S","   51",",,S",,,"  -53",",,S","  -16","H,,S"
"UPM00033356","1992-02-27","50.217","31.8","128.0","YAHOTYN, UP","    0",",,S","   20",",,S","   42",",,S","  -24",",,S","    2","H,,S"
"UPM00033356","1992-02-28","50.217","31.8","128.0","YAHOTYN, UP","    0",",,S","   10",",,S","   25",",,S","  -20",",,S","    7","H,,S"
"UPM00033356","1992-02-29","50.217","31.8","128.0","YAHOTYN, UP","    0",",,S","   10",",,S","    8",",,S","  -24",",,S","   -2","H,,S"
"UPM00033356","1992-03-01","50.217","31.8","128.0","YAHOTYN, UP","    0",",,S","   10",",,S","   42",",,S","  -10",",,S","   19","H,,S"
"UPM00033356","1992-03-02","50.217","31.8","128.0","YAHOTYN, UP","    0",",,S",,,"   94",",,S","   12",",,S","   36","H,,S"
"UPM00033356","1992-03-03","50.217","31.8","128.0","YAHOTYN, UP","    0",",,S",,,"   77",",,S",,,"   30","H,,S"
"UPM00033356","1992-03-04","50.217","31.8","128.0","YAHOTYN, UP","    0",",,S",,,"   43",",,S",,,"   22","H,,S"
"UPM00033356","1992-03-05","50.217","31.8","128.0","YAHOTYN, UP","   71",",,S",,,"   52",",,S","   10",",,S","   18","H,,S"
"UPM00033356","1992-03-06","50.217","31.8","128.0","YAHOTYN, UP","    0",",,S",,,"   34",",,S",,,"   18","H,,S"
"UPM00033356","1992-03-07","50.217","31.8","128.0","YAHOTYN, UP","    0",",,S",,,"   28",",,S","    2",",,S","   12","H,,S"
"UPM00033356","1992-03-08","50.217","31.8","128.0","YAHOTYN, UP","    0",",,S",,,"   24",",,S","    0",",,S","    9","H,,S"
"UPM00033356","1992-03-09","50.217","31.8","128.0","YAHOTYN, UP","    0",",,S",,,"   66",",,S","   -1",",,S","   27","H,,S"
"UPM00033356","1992-03-10","50.217","31.8","128.0","YAHOTYN, UP","    0",",,S",,,"   50",",,S",,,"    9","H,,S"
"UPM00033356","1992-03-11","50.217","31.8","128.0","YAHOTYN, UP","    0",",,S",,,"   92",",,S","  -26",",,S","   28","H,,S"
"UPM00033356","1992-03-12","50.217","31.8","128.0","YAHOTYN, UP","    0",",,S",,,"   38",",,S","   -8",",,S","   12","H,,S"
"UPM00033356","1992-03-13","50.217","31.8","128.0","YAHOTYN, UP","    0",",,S",,,"   80",",,S","   -8",",,S","   32","H,,S"
"UPM00033356","1992-03-14","50.217","31.8","128.0","YAHOTYN, UP","    0",",,S",,,,,,,"   28","H,,S"
"UPM00033356","1992-03-15","50.217","31.8","128.0","YAHOTYN, UP","   71",",,S",,,"   38",",,S","  -18",",,S","    9","H,,S"
"UPM00033356","1992-03-16","50.217","31.8","128.0","YAHOTYN, UP","   20",",,S","   51",",,S",,,,,"   -3","H,,S"
"UPM00033356","1992-03-17","50.217","31.8","128.0","YAHOTYN, UP","   30",",,S","   51",",,S","   29",",,S"," -104",",,S","  -30","H,,S"
"UPM00033356","1992-03-18","50.217","31.8","128.0","YAHOTYN, UP","    0",",,S","   10",",,S","   10",",,S","  -22",",,S","   -4","H,,S"
"UPM00033356","1992-03-19","50.217","31.8","128.0","YAHOTYN, UP","    5",",,S","   10",",,S","   20",",,S","  -22",",,S","    4","H,,S"
"UPM00033356","1992-03-20","50.217","31.8","128.0","YAHOTYN, UP","    3",",,S",,,"   32",",,S","   14",",,S","   23","H,,S"
"UPM00033356","1992-03-21","50.217","31.8","128.0","YAHOTYN, UP","    0",",,S",,,"   58",",,S",,,"   26","H,,S"
"UPM00033356","1992-03-22","50.217","31.8","128.0","YAHOTYN, UP","    0",",,S",,,"   85",",,S","   -8",",,S","   35","H,,S"
"UPM00033356","1992-03-23","50.217","31.8","128.0","YAHOTYN, UP","    0",",,S",,,"   89",",,S","   -1",",,S","   34","H,,S"
"UPM00033356","1992-03-24","50.217","31.8","128.0","YAHOTYN, UP","    0",",,S",,,"   74",",,S","    5",",,S","   32","H,,S"
"UPM00033356","1992-03-25","50.217","31.8","128.0","YAHOTYN, UP","    0",",,S",,,"  150",",,S","   16",",,S","   77","H,,S"
"UPM00033356","1992-03-26","50.217","31.8","128.0","YAHOTYN, UP","    0",",,S",,,"  166",",,S","   48",",,S","  104","H,,S"
"UPM00033356","1992-03-27","50.217","31.8","128.0","YAHOTYN, UP","    0",",,S",,,,,,,"  133","H,,S"
"UPM00033356","1992-03-28","50.217","31.8","128.0","YAHOTYN, UP","   20","B,,S",,,"  132",",,S","   80",",,S","   98","H,,S"
"UPM00033356","1992-03-29","50.217","31.8","128.0","YAHOTYN, UP","   51",",,S",,,"   87",",,S",,,"   50","H,,S"
"UPM00033356","1992-03-30","50.217","31.8","128.0","YAHOTYN, UP","   61",",,S",,,"   78",",,S",,,"   41","H,,S"
"UPM00033356","1992-03-31","50.217","31.8","128.0","YAHOTYN, UP","   99",",,S",,,,,,,"   28","H,,S"
"UPM00033356","1992-04-01","50.217","31.8","128.0","YAHOTYN, UP","    0",",,S",,,"  107",",,S","   -2",",,S","   53","H,,S"
"UPM00033356","1992-04-02","50.217","31.8","128.0","YAHOTYN, UP","    0",",,S",,,"  124",",,S","   16",",,S","   70","H,,S"
"UPM00033356","1992-04-03","50.217","31.8","128.0","YAHOTYN, UP","    0",",,S",,,,,"   44",",,S","   76","H,,S"
"UPM00033356","1992-04-04","50.217","31.8","128.0","YAHOTYN, UP","    3",",,S",,,"  152",",,S","   60",",,S","   94","H,,S"
"UPM00033356","1992-04-05","50.217","31.8","128.0","YAHOTYN, UP","    8",",,S",,,"  169",",,S",,,"  113","H,,S"
"UPM00033356","1992-04-06","50.217","31.8","128.0","YAHOTYN, UP","    0",",,S",,,"  206",",,S",,,"  132","H,,S"
"UPM00033356","1992-04-07","50.217","31.8","128.0","YAHOTYN, UP","    0",",,S",,,,,,,"   61","H,,S"
"UPM00033356","1992-04-08","50.217","31.8","128.0","YAHOTYN, UP","   20",",,S",,,"   54",",,S",,,"   44","H,,S"
"UPM00033356","1992-04-09","50.217","31.8","128.0","YAHOTYN, UP","   51",",,S",,,,,"   12",",,S","   47","H,,S"
"UPM00033356","1992-04-10","50.217","31.8","128.0","YAHOTYN, UP","    3",",,S",,,"   44",",,S","   -1",",,S","   19","H,,S"
"UPM00033356","1992-04-11","50.217","31.8","128.0","YAHOTYN, UP","    5",",,S",,,"   31",",,S","    6",",,S","   18","H,,S"
"UPM00033356","1992-04-12","50.217","31.8","128.0","YAHOTYN, UP","    0",",,S",,,"   35",",,S",,,"   11","H,,S"
"UPM00033356","1992-04-13","50.217","31.8","128.0","YAHOTYN, UP","    0",",,S",,,"  112",",,S","  -42",",,S","   32","H,,S"
"UPM00033356","1992-04-14","50.217","31.8","128.0","YAHOTYN, UP","    0",",,S",,,"  155",",,S","   10",",,S","   86","H,,S"
"UPM00033356","1992-04-15","50.217","31.8","128.0","YAHOTYN, UP","    0",",,S",,,"  124",",,S",,,"   67","H,,S"
"UPM00033356","1992-04-16","50.217","31.8","128.0","YAHOTYN, UP","    5",",,S",,,"  192",",,S","   10",",,S","  110","H,,S"
"UPM00033356","1992-04-17","50.217","31.8","128.0","YAHOTYN, UP","    0",",,S",,,"  171",",,S",,,"  104","H,,S"
"UPM00033356","1992-04-18","50.217","31.8","128.0","YAHOTYN, UP","    3",",,S",,,"  140",",,S",,,"   78","H,,S"
"UPM00033356","1992-04-19","50.217","31.8","128.0","YAHOTYN, UP","   61",",,S",,,"   97",",,S",,,"   54","H,,S"
"UPM00033356","1992-04-20","50.217","31.8","128.0","YAHOTYN, UP","    0",",,S",,,"  107",",,S","   40",",,S","   79","H,,S"
"UPM00033356","1992-04-21","50.217","31.8","128.0","YAHOTYN, UP","    0",",,S",,,"   74",",,S",,,"   32","H,,S"
"UPM00033356","1992-04-22","50.217","31.8","128.0","YAHOTYN, UP","    0",",,S",,,"   54",",,S","  -13",",,S","   21","H,,S"
"UPM00033356","1992-04-23","50.217","31.8","128.0","YAHOTYN, UP","   10",",,S",,,"   82",",,S","   -3",",,S","   43","H,,S"
"UPM00033356","1992-04-24","50.217","31.8","128.0","YAHOTYN, UP","    0",",,S",,,"   86",",,S","  -12",",,S","   42","H,,S"
"UPM00033356","1992-04-25","50.217","31.8","128.0","YAHOTYN, UP",,,,,"   96",",,S","   20",",,S","   64","H,,S"
"UPM00033356","1992-04-26","50.217","31.8","128.0","YAHOTYN, UP","    0",",,S",,,"  142",",,S","   28",",,S","   87","H,,S"
"UPM00033356","1992-04-27","50.217","31.8","128.0","YAHOTYN, UP","    0",",,S",,,"  126",",,S","   50",",,S","   79","H,,S"
"UPM00033356","1992-04-28","50.217","31.8","128.0","YAHOTYN, UP","  800",",,S",,,"  147",",,S","   18",",,S","   96","H,,S"
"UPM00033356","1992-04-29","50.217","31.8","128.0","YAHOTYN, UP","    0",",,S",,,"  179",",,S","   45",",,S","  111","H,,S"
"UPM00033356","1992-04-30","50.217","31.8","128.0","YAHOTYN, UP","    0",",,S",,,"  194",",,S","   35",",,S","  127","H,,S"
"UPM00033356","1992-05-01","50.217","31.8","128.0","YAHOTYN, UP","    0",",,S",,,"  201",",,S","   50",",,S","  128","H,,S"
"UPM00033356","1992-05-02","50.217","31.8","128.0","YAHOTYN, UP","    0",",,S",,,"  211",",,S",,,"  127","H,,S"
"UPM00033356","1992-05-03","50.217","31.8","128.0","YAHOTYN, UP","    0",",,S",,,"  225",",,S","   60",",,S","  146","H,,S"
"UPM00033356","1992-05-04","50.217","31.8","128.0","YAHOTYN, UP","  249",",,S",,,,,"   70",",,S","  172","H,,S"
"UPM00033356","1992-05-05","50.217","31.8","128.0","YAHOTYN, UP","    0",",,S",,,"  191",",,S",,,"  132","H,,S"
"UPM00033356","1992-05-06","50.217","31.8","128.0","YAHOTYN, UP","    0",",,S",,,"  210",",,S",,,"  137","H,,S"
"UPM00033356","1992-05-07","50.217","31.8","128.0","YAHOTYN, UP","    0",",,S",,,"  175",",,S","  104",",,S","  132","H,,S"
"UPM00033356","1992-05-08","50.217","31.8","128.0","YAHOTYN, UP","   10",",,S",,,"  221",",,S",,,"  124","H,,S"
"UPM00033356","1992-05-09","50.217","31.8","128.0","YAHOTYN, UP","    0",",,S",,,,,,,"  205","H,,S"
"UPM00033356","1992-05-10","50.217","31.8","128.0","YAHOTYN, UP","    0",",,S",,,"  222",",,S","   80",",,S","  166","H,,S"
"UPM00033356","1992-05-11","50.217","31.8","128.0","YAHOTYN, UP",,,,,,,,,"  141","H,,S"
"UPM00033356","1992-05-12","50.217","31.8","128.0","YAHOTYN, UP","    0",",,S",,,"  150",",,S","   75",",,S","  121","H,,S"
"UPM00033356","1992-05-13","50.217","31.8","128.0","YAHOTYN, UP","   10",",,S",,,"  196",",,S","   44",",,S","  109","H,,S"
"UPM00033356","1992-05-14","50.217","31.8","128.0","YAHOTYN, UP","    0",",,S",,,,,,,"  132","H,,S"
"UPM00033356","1992-05-15","50.217","31.8","128.0","YAHOTYN, UP","    0",",,S",,,"  176",",,S","   55",",,S","  122","H,,S"
"UPM00033356","1992-05-16","50.217","31.8","128.0","YAHOTYN, UP","    0",",,S",,,,,"   50",",,S","  112","H,,S"
"UPM00033356","1992-05-17","50.217","31.8","128.0","YAHOTYN, UP",,,,,"  213",",,S","   75",",,S","  126","H,,S"
"UPM00033356","1992-05-18","50.217","31.8","128.0","YAHOTYN, UP",,,,,"  191",",,S","   88",",,S","  131","H,,S"
"UPM00033356","1992-05-19","50.217","31.8","128.0","YAHOTYN, UP","    0",",,S",,,"  216",",,S",,,"  140","H,,S"
"UPM00033356","1992-05-20","50.217","31.8","128.0","YAHOTYN, UP","    0",",,S",,,"  223",",,S","   62",",,S","  156","H,,S"
"UPM00033356","1992-05-21","50.217","31.8","128.0","YAHOTYN, UP","    0",",,S",,,,,"  135",",,S","  186","H,,S"
"UPM00033356","1992-05-22","50.217","31.8","128.0","YAHOTYN, UP","    0",",,S",,,"  215",",,S","   95",",,S","  137","H,,S"
"UPM00033356","1992-05-23","50.217","31.8","128.0","YAHOTYN, UP",,,,,"  135",",,S",,,"   89","H,,S"
"UPM00033356","1992-05-25","50.217","31.8","128.0","YAHOTYN, UP",,,,,"  130",",,S",,,"  103","H,,S"
"UPM00033356","1992-05-26","50.217","31.8","128.0","YAHOTYN, UP","   51",",,S",,,"  152",",,S",,,"  100","H,,S"
"UPM00033356","1992-05-27","50.217","31.8","128.0","YAHOTYN, UP","    8",",,S",,,"  181",",,S",,,"  115","H,,S"
"UPM00033356","1992-05-28","50.217","31.8","128.0","YAHOTYN, UP","    8",",,S",,,"  171",",,S","  100",",,S","  137","H,,S"
"UPM00033356","1992-05-29","50.217","31.8","128.0","YAHOTYN, UP","  381",",,S",,,,,"  120",",,S","  136","H,,S"
"UPM00033356","1992-05-30","50.217","31.8","128.0","YAHOTYN, UP","    8",",,S",,,,,"   92",",,S","  148","H,,S"
"UPM00033356","1992-05-31","50.217","31.8","128.0","YAHOTYN, UP","    0",",,S",,,"  179",",,S","  133",",,S","  148","H,,S"
"UPM00033356","1992-06-01","50.217","31.8","128.0","YAHOTYN, UP","  160",",,S",,,"  246",",,S","  124",",,S","  175","H,,S"
"UPM00033356","1992-06-02","50.217","31.8","128.0","YAHOTYN, UP","   79",",,S",,,,,,,"  173","H,,S"
"UPM00033356","1992-06-03","50.217","31.8","128.0","YAHOTYN, UP","    0",",,S",,,"  221",",,S","  116",",,S","  159","H,,S"
"UPM00033356","1992-06-04","50.217","31.8","128.0","YAHOTYN, UP","    5",",,S",,,,,,,"  159","H,,S"
"UPM00033356","1992-06-05","50.217","31.8","128.0","YAHOTYN, UP","    0",",,S",,,"  203",",,S","  104",",,S","  157","H,,S"
"UPM00033356","1992-06-06","50.217","31.8","128.0","YAHOTYN, UP",,,,,"  216",",,S","  115",",,S","  167","H,,S"
"UPM00033356","1992-06-07","50.217","31.8","128.0","YAHOTYN, UP",,,,,"  240",",,S","  118",",,S","  166","H,,S"
"UPM00033356","1992-06-08","50.217","31.8","128.0","YAHOTYN, UP","    0",",,S",,,"  246",",,S","  115",",,S","  179","H,,S"
"UPM00033356","1992-06-09","50.217","31.8","128.0","YAHOTYN, UP","    0",",,S",,,"  244",",,S",,,"  182","H,,S"
"UPM00033356","1992-06-10","50.217","31.8","128.0","YAHOTYN, UP","    0",",,S",,,"  234",",,S","  124",",,S","  168","H,,S"
"UPM00033356","1992-06-11","50.217","31.8","128.0","YAHOTYN, UP","   79",",,S",,,"  217",",,S","  140",",,S","  173","H,,S"
"UPM00033356","1992-06-12","50.217","31.8","128.0","YAHOTYN, UP","    5",",,S",,,"  243",",,S","  130",",,S","  179","H,,S"
"UPM00033356","1992-06-13","50.217","31.8","128.0","YAHOTYN, UP","    0",",,S",,,"  254",",,S","  145",",,S","  193","H,,S"
"UPM00033356","1992-06-14","50.217","31.8","128.0","YAHOTYN, UP","    5",",,S",,,"  242",",,S","  154",",,S","  174","H,,S"
"UPM00033356","1992-06-15","50.217","31.8","128.0","YAHOTYN, UP","   20",",,S",,,"  246",",,S","  140",",,S","  186","H,,S"
"UPM00033356","1992-06-16","50.217","31.8","128.0","YAHOTYN, UP","    0",",,S",,,"  286",",,S","  135",",,S","  217","H,,S"
"UPM00033356","1992-06-17","50.217","31.8","128.0","YAHOTYN, UP","    0",",,S",,,"  283",",,S","  135",",,S","  218","H,,S"
"UPM00033356","1992-06-18","50.217","31.8","128.0","YAHOTYN, UP","    0",",,S",,,"  282",",,S","  172",",,S","  210","H,,S"
"UPM00033356","1992-06-19","50.217","31.8","128.0","YAHOTYN, UP","    0",",,S",,,"  293",",,S","  175",",,S","  225","H,,S"
"UPM00033356","1992-06-20","50.217","31.8","128.0","YAHOTYN, UP","    3",",,S",,,"  277",",,S","  183",",,S","  218","H,,S"
"UPM00033356","1992-06-21","50.217","31.8","128.0","YAHOTYN, UP","    8",",,S",,,"  284",",,S","  155",",,S","  221","H,,S"
"UPM00033356","1992-06-22","50.217","31.8","128.0","YAHOTYN, UP","    5",",,S",,,"  290",",,S",,,"  226","H,,S"
"UPM00033356","1992-06-23","50.217","31.8","128.0","YAHOTYN, UP","    0",",,S",,,"  280",",,S","  145",",,S","  221","H,,S"
"UPM00033356","1992-06-24","50.217","31.8","128.0","YAHOTYN, UP","    0",",,S",,,"  209",",,S",,,"  169","H,,S"
"UPM00033356","1992-06-25","50.217","31.8","128.0","YAHOTYN, UP",,,,,"  255",",,S",,,"  183","H,,S"
"UPM00033356","1992-06-26","50.217","31.8","128.0","YAHOTYN, UP",,,,,"  192",",,S","  110",",,S","  152","H,,S"
"UPM00033356","1992-06-27","50.217","31.8","128.0","YAHOTYN, UP","    0",",,S",,,"  229",",,S",,,"  169","H,,S"
"UPM00033356","1992-06-28","50.217","31.8","128.0","YAHOTYN, UP","    0",",,S",,,"  203",",,S",,,"  152","H,,S"
"UPM00033356","1992-06-29","50.217","31.8","128.0","YAHOTYN, UP","    0",",,S",,,"  213",",,S","   75",",,S","  156","H,,S"
"UPM00033356","1992-06-30","50.217","31.8","128.0","YAHOTYN, UP","    0",",,S",,,,,,,"  170","H,,S"
"UPM00033356","1992-07-01","50.217","31.8","128.0","YAHOTYN, UP","    0",",,S",,,"  257",",,S","  103",",,S","  156","H,,S"
"UPM00033356","1992-07-02","50.217","31.8","128.0","YAHOTYN, UP","    0",",,S",,,"  277",",,S","  110",",,S","  204","H,,S"
"UPM00033356","1992-07-03","50.217","31.8","128.0","YAHOTYN, UP",,,,,"  289",",,S",,,"  221","H,,S"
"UPM00033356","1992-07-04","50.217","31.8","128.0","YAHOTYN, UP","    5",",,S",,,"  237",",,S",,,"  189","H,,S"
"UPM00033356","1992-07-05","50.217","31.8","128.0","YAHOTYN, UP","    0",",,S",,,"  232",",,S","  129",",,S","  166","H,,S"
"UPM00033356","1992-07-06","50.217","31.8","128.0","YAHOTYN, UP","   51",",,S",,,"  232",",,S","  117",",,S","  185","H,,S"
"UPM00033356","1992-07-07","50.217","31.8","128.0","YAHOTYN, UP","   61",",,S",,,,,,,"  188","H,,S"
"UPM00033356","1992-07-08","50.217","31.8","128.0","YAHOTYN, UP","   51",",,S",,,"  183",",,S",,,"  135","H,,S"
"UPM00033356","1992-07-09","50.217","31.8","128.0","YAHOTYN, UP","    0",",,S",,,"  202",",,S","   93",",,S","  149","H,,S"
"UPM00033356","1992-07-10","50.217","31.8","128.0","YAHOTYN, UP","    0",",,S",,,"  248",",,S","   89",",,S","  164","H,,S"
"UPM00033356","1992-07-11","50.217","31.8","128.0","YAHOTYN, UP","    0",",,S",,,"  274",",,S","  106",",,S","  204","H,,S"
"UPM00033356","1992-07-12","50.217","31.8","128.0","YAHOTYN, UP","    0",",,S",,,"  293",",,S",,,"  220","H,,S"
"UPM00033356","1992-07-13","50.217","31.8","128.0","YAHOTYN, UP",,,,,"  279",",,S",,,"  236","H,,S"
"UPM00033356","1992-07-14","50.217","31.8","128.0","YAHOTYN, UP","    0",",,S",,,"  302",",,S","  147",",,S","  217","H,,S"
"UPM00033356","1992-07-15","50.217","31.8","128.0","YAHOTYN, UP","    0",",,S",,,"  304",",,S",,,"  222","H,,S"
"UPM00033356","1992-07-16","50.217","31.8","128.0","YAHOTYN, UP","   71",",,S",,,,,,,"  201","H,,S"
"UPM00033356","1992-07-17","50.217","31.8","128.0","YAHOTYN, UP","    8",",,S",,,"  249",",,S","  160",",,S","  202","H,,S"
"UPM00033356","1992-07-18","50.217","31.8","128.0","YAHOTYN, UP","    0",",,S",,,"  258",",,S","  140",",,S","  207","H,,S"
"UPM00033356","1992-07-19","50.217","31.8","128.0","YAHOTYN, UP","    0",",,S",,,"  270",",,S","  118",",,S","  202","H,,S"
"UPM00033356","1992-07-20","50.217","31.8","128.0","YAHOTYN, UP","    0",",,S",,,"  281",",,S",,,"  217","H,,S"
"UPM00033356","1992-07-21","50.217","31.8","128.0","YAHOTYN, UP","    0",",,S",,,"  262",",,S",,,"  217","H,,S"
"UPM00033356","1992-07-22","50.217","31.8","128.0","YAHOTYN, UP","    0",",,S",,,"  283",",,S","  154",",,S","  209","H,,S"
"UPM00033356","1992-07-23","50.217","31.8","128.0","YAHOTYN, UP","    0",",,S",,,"  285",",,S","  160",",,S","  215","H,,S"
"UPM00033356","1992-07-24","50.217","31.8","128.0","YAHOTYN, UP","    0",",,S",,,"  299",",,S","  145",",,S","  222","H,,S"
"UPM00033356","1992-07-25","50.217","31.8","128.0","YAHOTYN, UP","    5",",,S",,,"  305",",,S","  162",",,S","  237","H,,S"
"UPM00033356","1992-07-26","50.217","31.8","128.0","YAHOTYN, UP","    0",",,S",,,"  270",",,S","  164",",,S","  220","H,,S"
"UPM00033356","1992-07-27","50.217","31.8","128.0","YAHOTYN, UP","    0",",,S",,,"  297",",,S","  138",",,S","  209","H,,S"
"UPM00033356","1992-07-28","50.217","31.8","128.0","YAHOTYN, UP","    0",",,S",,,"  313",",,S",,,"  193","H,,S"
"UPM00033356","1992-07-29","50.217","31.8","128.0","YAHOTYN, UP","   10",",,S",,,"  223",",,S","  136",",,S","  182","H,,S"
"UPM00033356","1992-07-30","50.217","31.8","128.0","YAHOTYN, UP","    0",",,S",,,"  262",",,S",,,"  184","H,,S"
"UPM00033356","1992-07-31","50.217","31.8","128.0","YAHOTYN, UP","    0",",,S",,,,,"  100",",,S","  190","H,,S"
"UPM00033356","1992-08-01","50.217","31.8","128.0","YAHOTYN, UP","    0",",,S",,,"  305",",,S","  115",",,S","  213","H,,S"
"UPM00033356","1992-08-02","50.217","31.8","128.0","YAHOTYN, UP","    0",",,S",,,"  274",",,S",,,"  209","H,,S"
"UPM00033356","1992-08-03","50.217","31.8","128.0","YAHOTYN, UP",,,,,"  305",",,S",,,"  222","H,,S"
"UPM00033356","1992-08-04","50.217","31.8","128.0","YAHOTYN, UP","    0",",,S",,,"  320",",,S","  140",",,S","  257","H,,S"
"UPM00033356","1992-08-05","50.217","31.8","128.0","YAHOTYN, UP","    0",",,S",,,"  336",",,S","  140",",,S","  243","H,,S"
"UPM00033356","1992-08-06","50.217","31.8","128.0","YAHOTYN, UP","    0",",,S",,,"  289",",,S","  173",",,S","  221","H,,S"
"UPM00033356","1992-08-07","50.217","31.8","128.0","YAHOTYN, UP","    0",",,S",,,,,"  168",",,S","  236","H,,S"
"UPM00033356","1992-08-08","50.217","31.8","128.0","YAHOTYN, UP","    0",",,S",,,"  323",",,S","  151",",,S","  223","H,,S"
"UPM00033356","1992-08-10","50.217","31.8","128.0","YAHOTYN, UP",,,,,"  325",",,S",,,"  235","H,,S"
"UPM00033356","1992-08-11","50.217","31.8","128.0","YAHOTYN, UP","    0",",,S",,,"  358",",,S","  172",",,S","  253","H,,S"
"UPM00033356","1992-08-12","50.217","31.8","128.0","YAHOTYN, UP","    0",",,S",,,"  321",",,S","  190",",,S","  250","H,,S"
"UPM00033356","1992-08-13","50.217","31.8","128.0","YAHOTYN, UP",,,,,,,,,"  218","H,,S"
"UPM00033356","1992-08-14","50.217","31.8","128.0","YAHOTYN, UP",,,,,"  299",",,S",,,"  227","H,,S"
"UPM00033356","1992-08-15","50.217","31.8","128.0","YAHOTYN, UP","    0",",,S",,,"  343",",,S","  198",",,S","  257","H,,S"
"UPM00033356","1992-08-16","50.217","31.8","128.0","YAHOTYN, UP","    0",",,S",,,,,,,"  261","H,,S"
"UPM00033356","1992-08-17","50.217","31.8","128.0","YAHOTYN, UP","    0",",,S",,,"  338",",,S","  172",",,S","  251","H,,S"
"UPM00033356","1992-08-18","50.217","31.8","128.0","YAHOTYN, UP","    0",",,S",,,,,,,"  212","H,,S"
"UPM00033356","1992-08-19","50.217","31.8","128.0","YAHOTYN, UP","    8",",,S",,,"  244",",,S","  110",",,S","  160","H,,S"
"UPM00033356","1992-08-20","50.217","31.8","128.0","YAHOTYN, UP","    0",",,S",,,"  258",",,S","  110",",,S","  181","H,,S"
"UPM00033356","1992-08-21","50.217","31.8","128.0","YAHOTYN, UP","    0",",,S",,,"  253",",,S","  122",",,S","  180","H,,S"
"UPM00033356","1992-08-22","50.217","31.8","128.0","YAHOTYN, UP","    0",",,S",,,"  283",",,S","  118",",,S","  211","H,,S"
"UPM00033356","1992-08-23","50.217","31.8","128.0","YAHOTYN, UP",,,,,"  256",",,S","  160",",,S","  214","H,,S"
"UPM00033356","1992-08-24","50.217","31.8","128.0","YAHOTYN, UP","    0",",,S",,,"  272",",,S","  140",",,S","  183","H,,S"
"UPM00033356","1992-08-25","50.217","31.8","128.0","YAHOTYN, UP","    8",",,S",,,"  242",",,S",,,"  182","H,,S"
"UPM00033356","1992-08-26","50.217","31.8","128.0","YAHOTYN, UP","    0",",,S",,,,,"  126",",,S","  201","H,,S"
"UPM00033356","1992-08-27","50.217","31.8","128.0","YAHOTYN, UP","   20",",,S",,,"  279",",,S",,,"  199","H,,S"
"UPM00033356","1992-08-28","50.217","31.8","128.0","YAHOTYN, UP","   20",",,S",,,"  291",",,S",,,"  198","H,,S"
"UPM00033356","1992-08-29","50.217","31.8","128.0","YAHOTYN, UP","    0",",,S",,,"  352",",,S","  169",",,S","  257","H,,S"
"UPM00033356","1992-08-30","50.217","31.8","128.0","YAHOTYN, UP","    0",",,S",,,"  339",",,S","  186",",,S","  276","H,,S"
"UPM00033356","1992-08-31","50.217","31.8","128.0","YAHOTYN, UP","    0",",,S",,,"  309",",,S",,,"  233","H,,S"
"UPM00033356","1992-09-01","50.217","31.8","128.0","YAHOTYN, UP","    0",",,S",,,,,"  137",",,S","  224","H,,S"
"UPM00033356","1992-09-02","50.217","31.8","128.0","YAHOTYN, UP","    0",",,S",,,"  199",",,S","   18",",,S","  176","H,,S"
"UPM00033356","1992-09-03","50.217","31.8","128.0","YAHOTYN, UP","   30",",,S",,,"  221",",,S","   80",",,S","  153","H,,S"
"UPM00033356","1992-09-04","50.217","31.8","128.0","YAHOTYN, UP","    0",",,S",,,"  279",",,S","  115",",,S","  207","H,,S"
"UPM00033356","1992-09-05","50.217","31.8","128.0","YAHOTYN, UP","    0",",,S",,,"  270",",,S","  110",",,S","  206","H,,S"
"UPM00033356","1992-09-06","50.217","31.8","128.0","YAHOTYN, UP","    0",",,S",,,,,,,"  156","H,,S"
"UPM00033356","1992-09-07","50.217","31.8","128.0","YAHOTYN, UP","    8",",,S",,,"  198",",,S",,,"  136","H,,S"
"UPM00033356","1992-09-08","50.217","31.8","128.0","YAHOTYN, UP","    0",",,S",,,"  197",",,S","   44",",,S","  111","H,,S"
"UPM00033356","1992-09-09","50.217","31.8","128.0","YAHOTYN, UP","    0",",,S",,,"  184",",,S","   48",",,S","  130","H,,S"
"UPM00033356","1992-09-10","50.217","31.8","128.0","YAHOTYN, UP",,,,,"  193",",,S",,,"  129","H,,S"
"UPM00033356","1992-09-11","50.217","31.8","128.0","YAHOTYN, UP","    0",",,S",,,"  181",",,S","   77",",,S","  135","H,,S"
"UPM00033356","1992-09-12","50.217","31.8","128.0","YAHOTYN, UP","    0",",,S",,,"  203",",,S","   80",",,S","  138","H,,S"
"UPM00033356","1992-09-13","50.217","31.8","128.0","YAHOTYN, UP","    0",",,S",,,"  194",",,S","   78",",,S","  137","H,,S"
"UPM00033356","1992-09-14","50.217","31.8","128.0","YAHOTYN, UP","    3",",,S",,,"  258",",,S",,,"  147","H,,S"
"UPM00033356","1992-09-15","50.217","31.8","128.0","YAHOTYN, UP","    0",",,S",,,,,"   85",",,S","  172","H,,S"
"UPM00033356","1992-09-16","50.217","31.8","128.0","YAHOTYN, UP","   71",",,S",,,,,"  116",",,S","  133","H,,S"
"UPM00033356","1992-09-17","50.217","31.8","128.0","YAHOTYN, UP","    0",",,S",,,"  168",",,S",,,"  137","H,,S"
"UPM00033356","1992-09-18","50.217","31.8","128.0","YAHOTYN, UP","   30",",,S",,,"  156",",,S","  102",",,S","  122","H,,S"
"UPM00033356","1992-09-19","50.217","31.8","128.0","YAHOTYN, UP","   99",",,S",,,"  227",",,S","  100",",,S","  112","H,,S"
"UPM00033356","1992-09-20","50.217","31.8","128.0","YAHOTYN, UP","  160",",,S",,,"  152",",,S","   95",",,S","  122","H,,S"
"UPM00033356","1992-09-21","50.217","31.8","128.0","YAHOTYN, UP","    5",",,S",,,"  145",",,S","   60",",,S","  107","H,,S"
"UPM00033356","1992-09-22","50.217","31.8","128.0","YAHOTYN, UP","    0",",,S",,,"  165",",,S","   65",",,S","   98","H,,S"
"UPM00033356","1992-09-23","50.217","31.8","128.0","YAHOTYN, UP","    0",",,S",,,"  159",",,S","   50",",,S","  100","H,,S"
"UPM00033356","1992-09-24","50.217","31.8","128.0","YAHOTYN, UP","    0",",,S",,,"  152",",,S",,,"   73","H,,S"
"UPM00033356","1992-09-25","50.217","31.8","128.0","YAHOTYN, UP","    0",",,S",,,"  160",",,S","   19",",,S","   77","H,,S"
"UPM00033356","1992-09-26","50.217","31.8","128.0","YAHOTYN, UP","    0",",,S",,,,,"   47",",,S","   90","H,,S"
"UPM00033356","1992-09-27","50.217","31.8","128.0","YAHOTYN, UP","    0",",,S",,,"  176",",,S",,,"  103","H,,S"
"UPM00033356","1992-09-28","50.217","31.8","128.0","YAHOTYN, UP","    0",",,S",,,"  192",",,S","   44",",,S","  116","H,,S"
"UPM00033356","1992-09-29","50.217","31.8","128.0","YAHOTYN, UP","    0",",,S",,,"  173",",,S","  110",",,S","  136","H,,S"
"UPM00033356","1992-09-30","50.217","31.8","128.0","YAHOTYN, UP","  109",",,S",,,,,,,"  101","H,,S"
"UPM00033356","1992-10-01","50.217","31.8","128.0","YAHOTYN, UP","  269",",,S",,,"  118",",,S",,,"   94","H,,S"
"UPM00033356","1992-10-02","50.217","31.8","128.0","YAHOTYN, UP","    5",",,S",,,"  132",",,S","   67",",,S","   93","H,,S"
"UPM00033356","1992-10-03","50.217","31.8","128.0","YAHOTYN, UP","    0",",,S",,,"  116",",,S",,,"   67","H,,S"
"UPM00033356","1992-10-04","50.217","31.8","128.0","YAHOTYN, UP","    0",",,S",,,"  109",",,S","   24",",,S","   56","H,,S"
"UPM00033356","1992-10-05","50.217","31.8","128.0","YAHOTYN, UP","    0",",,S",,,"  106",",,S"," -101",",,S","   62","H,,S"
"UPM00033356","1992-10-06","50.217","31.8","128.0","YAHOTYN, UP","    0",",,S",,,"  138",",,S","   15",",,S","   67","H,,S"
"UPM00033356","1992-10-07","50.217","31.8","128.0","YAHOTYN, UP","    0",",,S",,,"  134",",,S","   65",",,S","  110","H,,S"
"UPM00033356","1992-10-08","50.217","31.8","128.0","YAHOTYN, UP","   10",",,S",,,"   99",",,S",,,"   79","H,,S"
"UPM00033356","1992-10-09","50.217","31.8","128.0","YAHOTYN, UP","    3",",,S",,,"  119",",,S",,,"   76","H,,S"
"UPM00033356","1992-10-10","50.217","31.8","128.0","YAHOTYN, UP","    0",",,S",,,"  122",",,S",,,"   83","H,,S"
"UPM00033356","1992-10-11","50.217","31.8","128.0","YAHOTYN, UP","    3",",,S",,,"  102",",,S","  -15",",,S","   46","H,,S"
"UPM00033356","1992-10-12","50.217","31.8","128.0","YAHOTYN, UP","    0",",,S",,,"   89",",,S",,,"   58","H,,S"
"UPM00033356","1992-10-13","50.217","31.8","128.0","YAHOTYN, UP","    0",",,S",,,"    4",",,S",,,"  -12","H,,S"
"UPM00033356","1992-10-14","50.217","31.8","128.0","YAHOTYN, UP",,,,,"   65",",,S","  -51",",,S","   -7","H,,S"
"UPM00033356","1992-10-15","50.217","31.8","128.0","YAHOTYN, UP","    0",",,S",,,"   88",",,S","   -6",",,S","   36","H,,S"
"UPM00033356","1992-10-16","50.217","31.8","128.0","YAHOTYN, UP",,,,,"   88",",,S","   -2",",,S","   52","H,,S"
"UPM00033356","1992-10-17","50.217","31.8","128.0","YAHOTYN, UP","    3",",,S",,,,,"   54",",,S","   91","H,,S"
"UPM00033356","1992-10-18","50.217","31.8","128.0","YAHOTYN, UP","    0",",,S",,,"  213",",,S","   74",",,S","  156","H,,S"
"UPM00033356","1992-10-19","50.217","31.8","128.0","YAHOTYN, UP","    0",",,S",,,,,,,"   92","H,,S"
"UPM00033356","1992-10-20","50.217","31.8","128.0","YAHOTYN, UP","   20",",,S",,,"   98",",,S",,,"   39","H,,S"
"UPM00033356","1992-10-21","50.217","31.8","128.0","YAHOTYN, UP","    0",",,S",,,,,,,"   61","H,,S"
"UPM00033356","1992-10-22","50.217","31.8","128.0","YAHOTYN, UP","  140",",,S",,,"  141",",,S","   62",",,S","   96","H,,S"
"UPM00033356","1992-10-23","50.217","31.8","128.0","YAHOTYN, UP","  130",",,S",,,"   98",",,S","   30",",,S","   55","H,,S"
"UPM00033356","1992-10-24","50.217","31.8","128.0","YAHOTYN, UP","    5",",,S",,,"   44",",,S",,,"   16","H,,S"
"UPM00033356","1992-10-25","50.217","31.8","128.0","YAHOTYN, UP","    0",",,S",,,"   74",",,S","   -8",",,S","   25","H,,S"
"UPM00033356","1992-10-26","50.217","31.8","128.0","YAHOTYN, UP","   20",",,S",,,,,"   16",",,S","   34","H,,S"
"UPM00033356","1992-10-27","50.217","31.8","128.0","YAHOTYN, UP","   89",",,S","   61",",,S",,,,,"    8","H,,S"
"UPM00033356","1992-10-28","50.217","31.8","128.0","YAHOTYN, UP","    0",",,S",,,,,"    3",",,S","   29","H,,S"
"UPM00033356","1992-10-29","50.217","31.8","128.0","YAHOTYN, UP","    0",",,S",,,"  157",",,S","   20",",,S","  103","H,,S"
"UPM00033356","1992-10-30","50.217","31.8","128.0","YAHOTYN, UP","   10",",,S",,,,,,,"   72","H,,S"
"UPM00033356","1992-10-31","50.217","31.8","128.0","YAHOTYN, UP","    0",",,S",,,,,"   15",",,S","   48","H,,S"
"UPM00033356","1992-11-01","50.217","31.8","128.0","YAHOTYN, UP","  130",",,S",,,"   55",",,S",,,"   21","H,,S"
"UPM00033356","1992-11-02","50.217","31.8","128.0","YAHOTYN, UP","    8",",,S",,,"   18",",,S","  -46",",,S","   -4","H,,S"
"UPM00033356","1992-11-05","50.217","31.8","128.0","YAHOTYN, UP","   51",",,S",,,"   50",",,S",,,"   44","H,,S"
"UPM00033356","1992-11-06","50.217","31.8","128.0","YAHOTYN, UP","    0",",,S",,,"   46",",,S",,,"   32","H,,S"
"UPM00033356","1992-11-07","50.217","31.8","128.0","YAHOTYN, UP","   51",",,S",,,,,"  -10",",,S","   14","H,,S"
"UPM00033356","1992-11-08","50.217","31.8","128.0","YAHOTYN, UP","  109",",,S",,,"   86",",,S",,,"   45","H,,S"
"UPM00033356","1992-11-09","50.217","31.8","128.0","YAHOTYN, UP","    0",",,S",,,,,"  -18",",,S","   -9","H,,S"
"UPM00033356","1992-11-10","50.217","31.8","128.0","YAHOTYN, UP","    0",",,S",,,"   -6",",,S",,,"  -23","H,,S"
"UPM00033356","1992-11-12","50.217","31.8","128.0","YAHOTYN, UP",,,,,"   26",",,S","  -34",",,S","    4","H,,S"
"UPM00033356","1992-11-13","50.217","31.8","128.0","YAHOTYN, UP","  109","B,,S",,,"   48",",,S","   -3",",,S","   21","H,,S"
"UPM00033356","1992-11-14","50.217","31.8","128.0","YAHOTYN, UP",,,"   20",",,S","   52",",,S","    6",",,S","   27","H,,S"
"UPM00033356","1992-11-15","50.217","31.8","128.0","YAHOTYN, UP",,,,,,,"  -10",",,S","   13","H,,S"
"UPM00033356","1992-11-16","50.217","31.8","128.0","YAHOTYN, UP","    0","B,,S",,,"   52",",,S","    4",",,S","   27","H,,S"
"UPM00033356","1992-11-17","50.217","31.8","128.0","YAHOTYN, UP","    5",",,S",,,"  116",",,S",,,"   71","H,,S"
"UPM00033356","1992-11-18","50.217","31.8","128.0","YAHOTYN, UP","    0",",,S",,,,,"   56",",,S","   83","H,,S"
"UPM00033356","1992-11-19","50.217","31.8","128.0","YAHOTYN, UP","    0",",,S",,,,,,,"   77","H,,S"
"UPM00033356","1992-11-20","50.217","31.8","128.0","YAHOTYN, UP","   61",",,S",,,"   62",",,S",,,"   41","H,,S"
"UPM00033356","1992-11-21","50.217","31.8","128.0","YAHOTYN, UP","    0",",,S",,,,,,,"   12","H,,S"
"UPM00033356","1992-11-22","50.217","31.8","128.0","YAHOTYN, UP","    0",",,S",,,"   17",",,S",,,"    3","H,,S"
"UPM00033356","1992-11-25","50.217","31.8","128.0","YAHOTYN, UP",,,,,"  -20",",,S",,,"  -45","H,,S"
"UPM00033356","1992-11-26","50.217","31.8","128.0","YAHOTYN, UP","    0",",,S",,,"   20",",,S","  -22",",,S","    8","H,,S"
"UPM00033356","1992-11-27","50.217","31.8","128.0","YAHOTYN, UP","    0",",,S",,,,,,,"   28","H,,S"
"UPM00033356","1992-11-28","50.217","31.8","128.0","YAHOTYN, UP","    8",",,S",,,,,,,"  -10","H,,S"
"UPM00033356","1992-11-29","50.217","31.8","128.0","YAHOTYN, UP","    0",",,S",,,"  -26",",,S",,,"  -38","H,,S"
"UPM00033356","1992-11-30","50.217","31.8","128.0","YAHOTYN, UP","    0",",,S",,,,,,,"  -53","H,,S"
"UPM00033356","1992-12-01","50.217","31.8","128.0","YAHOTYN, UP","    0",",,S",,,"  -43",",,S"," -135",",,S","  -89","H,,S"
"UPM00033356","1992-12-02","50.217","31.8","128.0","YAHOTYN, UP","    0",",,S",,,"  -22",",,S","  -83",",,S","  -58","H,,S"
"UPM00033356","1992-12-03","50.217","31.8","128.0","YAHOTYN, UP",,,,,"   16",",,S",,,"  -12","H,,S"
"UPM00033356","1992-12-04","50.217","31.8","128.0","YAHOTYN, UP",,,,,"   42",",,S","  -14",",,S","   12","H,,S"
"UPM00033356","1992-12-06","50.217","31.8","128.0","YAHOTYN, UP","    5","B,,S",,,"   22",",,S",,,"   16","H,,S"
"UPM00033356","1992-12-07","50.217","31.8","128.0","YAHOTYN, UP",,,,,,,,,"   11","H,,S"
"UPM00033356","1992-12-08","50.217","31.8","128.0","YAHOTYN, UP","    5",",,S",,,,,"  -10",",,S","    7","H,,S"
"UPM00033356","1992-12-10","50.217","31.8","128.0","YAHOTYN, UP","    0",",,S",,,,,"  -42",",,S","  -28","H,,S"
"UPM00033356","1992-12-11","50.217","31.8","128.0","YAHOTYN, UP",,,,,,,,,"  -28","H,,S"
"UPM00033356","1992-12-12","50.217","31.8","128.0","YAHOTYN, UP","    0",",,S",,,,,"  -35",",,S","  -27","H,,S"
"UPM00033356","1992-12-13","50.217","31.8","128.0","YAHOTYN, UP","   20","B,,S","   20",",,S",,,"  -22",",,S","   -6","H,,S"
"UPM00033356","1992-12-14","50.217","31.8","128.0","YAHOTYN, UP","   10",",,S"," 1219",",G,S","    0",",,S","  -49",",,S","  -15","H,,S"
"UPM00033356","1992-12-15","50.217","31.8","128.0","YAHOTYN, UP","    3",",,S",,,,,,,"  -33","H,,S"
"UPM00033356","1992-12-16","50.217","31.8","128.0","YAHOTYN, UP","    0",",,S",,,"  -49",",,S",,,"  -66","H,,S"
"UPM00033356","1992-12-17","50.217","31.8","128.0","YAHOTYN, UP","    0",",,S","   20",",,S","  -56",",,S"," -113",",,S","  -91","H,,S"
"UPM00033356","1992-12-18","50.217","31.8","128.0","YAHOTYN, UP","    0",",,S","   20",",,S","  -43",",,S"," -129",",,S","  -87","H,,S"
"UPM00033356","1992-12-19","50.217","31.8","128.0","YAHOTYN, UP","    0",",,S","   20",",,S","  -33",",,S","  -73",",,S","  -49","H,,S"
"UPM00033356","1992-12-20","50.217","31.8","128.0","YAHOTYN, UP","    0",",,S",,,,,,,"  -65","H,,S"
"UPM00033356","1992-12-21","50.217","31.8","128.0","YAHOTYN, UP","    0",",,S","   20",",,S",,,"  -88",",,S","  -67","H,,S"
"UPM00033356","1992-12-22","50.217","31.8","128.0","YAHOTYN, UP","    3",",,S",,,,,,,"  -56","H,,S"
"UPM00033356","1992-12-23","50.217","31.8","128.0","YAHOTYN, UP","    3",",,S","   20",",,S"," -102",",,S"," -128",",,S"," -114","H,,S"
"UPM00033356","1992-12-24","50.217","31.8","128.0","YAHOTYN, UP","    0",",,S",,,"  -87",",,S",,," -118","H,,S"
"UPM00033356","1992-12-25","50.217","31.8","128.0","YAHOTYN, UP","    0",",,S","   20",",,S","  -43",",,S"," -143",",,S","  -62","H,,S"
"UPM00033356","1992-12-26","50.217","31.8","128.0","YAHOTYN, UP","    0",",,S","   20",",,S",,,,,"  -51","H,,S"
"UPM00033356","1992-12-27","50.217","31.8","128.0","YAHOTYN, UP","    0",",,S",,,,,,,"  -61","H,,S"
"UPM00033356","1992-12-28","50.217","31.8","128.0","YAHOTYN, UP","   10",",,S","   30",",,S","  -57",",,S",,,"  -76","H,,S"
"UPM00033356","1992-12-29","50.217","31.8","128.0","YAHOTYN, UP","    0",",,S","   30",",,S",,," -134",",,S","  -28","H,,S"
"UPM00033356","1992-12-30","50.217","31.8","128.0","YAHOTYN, UP","   61",",,S","   99",",,S",,,,,"  -27","H,,S"
"UPM00033356","1992-12-31","50.217","31.8","128.0","YAHOTYN, UP","    3",",,S","   79",",,S",,,,,"  -61","H,,S"
"UPM00033356","1993-01-01","50.217","31.8","128.0","YAHOTYN, UP","    5",",,S",,,,,,," -127","H,,S"
"UPM00033356","1993-01-02","50.217","31.8","128.0","YAHOTYN, UP","    5",",,S","  109",",,S",,,,," -176","H,,S"
"UPM00033356","1993-01-03","50.217","31.8","128.0","YAHOTYN, UP","    3",",,S",,," -147",",,S"," -224",",,S"," -179","H,,S"
"UPM00033356","1993-01-04","50.217","31.8","128.0","YAHOTYN, UP","    0",",,S","  109",",,S","  -64",",,S"," -153",",,S","  -99","H,,S"
"UPM00033356","1993-01-05","50.217","31.8","128.0","YAHOTYN, UP","    0",",,S",,,,,,,"  -79","H,,S"
"UPM00033356","1993-01-09","50.217","31.8","128.0","YAHOTYN, UP","    0",",,S","  130",",,S",,,"  -26",",,S","   -9","H,,S"
"UPM00033356","1993-01-10","50.217","31.8","128.0","YAHOTYN, UP","    8",",,S",,,"    5",",,S",,,"   -7","H,,S"
"UPM00033356","1993-01-11","50.217","31.8","128.0","YAHOTYN, UP","    3",",,S",,,"   34",",,S",,,"   20","H,,S"
"UPM00033356","1993-01-12","50.217","31.8","128.0","YAHOTYN, UP","    0",",,S",,,,,,,"   41","H,,S"
"UPM00033356","1993-01-13","50.217","31.8","128.0","YAHOTYN, UP","    0",",,S","   10",",,S",,,,,"   37","H,,S"
"UPM00033356","1993-01-14","50.217","31.8","128.0","YAHOTYN, UP","    0",",,S",,,"   46",",,S",,,"   26","H,,S"
"UPM00033356","1993-01-15","50.217","31.8","128.0","YAHOTYN, UP","    0",",,S","   10",",,S","   40",",,S",,,"   21","H,,S"
"UPM00033356","1993-01-16","50.217","31.8","128.0","YAHOTYN, UP","    0",",,S",,,"   30",",,S","  -14",",,S","   14","H,,S"
"UPM00033356","1993-01-17","50.217","31.8","128.0","YAHOTYN, UP","    5",",,S",,,"   65",",,S","   16",",,S","   49","H,,S"
"UPM00033356","1993-01-18","50.217","31.8","128.0","YAHOTYN, UP","   71",",,S",,,"   77",",,S",,,"   44","H,,S"
"UPM00033356","1993-01-19","50.217","31.8","128.0","YAHOTYN, UP","    0",",,S",,,,,"   23",",,S","   28","H,,S"
"UPM00033356","1993-01-20","50.217","31.8","128.0","YAHOTYN, UP","    0",",,S",,,"   24",",,S","  -16",",,S","    7","H,,S"
"UPM00033356","1993-01-21","50.217","31.8","128.0","YAHOTYN, UP","   20","B,,S",,,"   54",",,S","    6",",,S","   27","H,,S"
"UPM00033356","1993-01-22","50.217","31.8","128.0","YAHOTYN, UP","   23","B,,S",,,"   68",",,S",,,"   46","H,,S"
"UPM00033356","1993-01-23","50.217","31.8","128.0","YAHOTYN, UP",,,,,,,,,"   49","H,,S"
"UPM00033356","1993-01-25","50.217","31.8","128.0","YAHOTYN, UP","   51",",,S",,,"   56",",,S","    5",",,S","   35","H,,S"
"UPM00033356","1993-01-26","50.217","31.8","128.0","YAHOTYN, UP","    0",",,S",,,,,,,"    4","H,,S"
"UPM00033356","1993-01-27","50.217","31.8","128.0","YAHOTYN, UP","    0",",,S",,,,,,,"   -6","H,,S"
"UPM00033356","1993-01-28","50.217","31.8","128.0","YAHOTYN, UP","   10",",,S","   10",",,S",,,"  -72",",,S","  -33","H,,S"
"UPM00033356","1993-01-29","50.217","31.8","128.0","YAHOTYN, UP","    0",",,S","   20",",,S","  -17",",,S",,,"  -48","H,,S"
"UPM00033356","1993-01-30","50.217","31.8","128.0","YAHOTYN, UP","   30",",,S","   41",",,S",,," -134",",,S"," -111","H,,S"
"UPM00033356","1993-01-31","50.217","31.8","128.0","YAHOTYN, UP","    0",",,S","   41",",,S",,," -130",",,S","  -71","H,,S"
"UPM00033356","1993-02-01","50.217","31.8","128.0","YAHOTYN, UP","    0",",,S","   41",",,S","    4",",,S","  -51",",,S","  -24","H,,S"
"UPM00033356","1993-02-02","50.217","31.8","128.0","YAHOTYN, UP","    3",",,S","   41",",,S","   12",",,S","  -28",",,S","   -6","H,,S"
"UPM00033356","1993-02-03","50.217","31.8","128.0","YAHOTYN, UP","    0",",,S","   41",",,S",,,"  -48",",,S","  -21","H,,S"
"UPM00033356","1993-02-04","50.217","31.8","128.0","YAHOTYN, UP",,,,,"   26",",,S",,,"    8","H,,S"
"UPM00033356","1993-02-05","50.217","31.8","128.0","YAHOTYN, UP","    0",",,S","   20",",,S","   47",",,S","    3",",,S","   26","H,,S"
"UPM00033356","1993-02-06","50.217","31.8","128.0","YAHOTYN, UP","    3",",,S","   30",",,S",,,"  -18",",,S","    3","H,,S"
"UPM00033356","1993-02-07","50.217","31.8","128.0","YAHOTYN, UP","    0",",,S","   30",",,S",,,,,"  -28","H,,S"
"UPM00033356","1993-02-08","50.217","31.8","128.0","YAHOTYN, UP","    0",",,S","   30",",,S","    8",",,S","  -43",",,S","  -21","H,,S"
"UPM00033356","1993-02-09","50.217","31.8","128.0","YAHOTYN, UP",,,"   20",",,S",,,,,"  -11","H,,S"
"UPM00033356","1993-02-10","50.217","31.8","128.0","YAHOTYN, UP","    0",",,S","   20",",,S",,,,,"   -3","H,,S"
"UPM00033356","1993-02-11","50.217","31.8","128.0","YAHOTYN, UP","    0",",,S","   20",",,S",,,,,"  -51","H,,S"
"UPM00033356","1993-02-12","50.217","31.8","128.0","YAHOTYN, UP","    0",",,S",,,,," -130",",,S","  -62","H,,S"
"UPM00033356","1993-02-13","50.217","31.8","128.0","YAHOTYN, UP","    0",",,S",,,,,"  -41",",,S","  -13","H,,S"
"UPM00033356","1993-02-14","50.217","31.8","128.0","YAHOTYN, UP","    0",",,S",,,"    0",",,S",,,"  -30","H,,S"
"UPM00033356","1993-02-15","50.217","31.8","128.0","YAHOTYN, UP","    0",",,S",,,"  -67",",,S"," -135",",,S"," -101","H,,S"
"UPM00033356","1993-02-16","50.217","31.8","128.0","YAHOTYN, UP","    0",",,S",,,"  -37",",,S"," -154",",,S","  -99","H,,S"
"UPM00033356","1993-02-17","50.217","31.8","128.0","YAHOTYN, UP","    0",",,S",,,"   25",",,S"," -134",",,S","  -86","H,,S"
"UPM00033356","1993-02-18","50.217","31.8","128.0","YAHOTYN, UP","    0",",,S",,,"  -33",",,S"," -104",",,S","  -70","H,,S"
"UPM00033356","1993-02-19","50.217","31.8","128.0","YAHOTYN, UP","    0",",,S",,,"    9",",,S","  -90",",,S","  -34","H,,S"
"UPM00033356","1993-02-20","50.217","31.8","128.0","YAHOTYN, UP","    0",",,S",,,"   -5",",,S","  -46",",,S","  -19","H,,S"
"UPM00033356","1993-02-21","50.217","31.8","128.0","YAHOTYN, UP","    5",",,S","   10",",,S","   30",",,S","  -35",",,S","   -2","H,,S"
"UPM00033356","1993-02-22","50.217","31.8","128.0","YAHOTYN, UP","   10",",,S",,,,,"   -7",",,S","   10","H,,S"
"UPM00033356","1993-02-23","50.217","31.8","128.0","YAHOTYN, UP","   71",",,S",,,"   26",",,S",,,"   19","H,,S"
"UPM00033356","1993-02-24","50.217","31.8","128.0","YAHOTYN, UP","   10",",,S","   20",",,S",,,,,"  -17","H,,S"
"UPM00033356","1993-02-25","50.217","31.8","128.0","YAHOTYN, UP","   61",",,S","   89",",,S","  -12",",,S",,,"  -27","H,,S"
"UPM00033356","1993-02-26","50.217","31.8","128.0","YAHOTYN, UP","   30",",,S","   99",",,S",,,"  -89",",,S","  -65","H,,S"
"UPM00033356","1993-02-28","50.217","31.8","128.0","YAHOTYN, UP","   10",",,S","  119",",,S","  -10",",,S","  -77",",,S","  -46","H,,S"
"UPM00033356","1993-03-01","50.217","31.8","128.0","YAHOTYN, UP","    0",",,S","  119",",,S","  -10",",,S"," -138",",,S","  -76","H,,S"
"UPM00033356","1993-03-02","50.217","31.8","128.0","YAHOTYN, UP","    0",",,S","  109",",,S","  -41",",,S","  -98",",,S","  -81","H,,S"
"UPM00033356","1993-03-03","50.217","31.8","128.0","YAHOTYN, UP",,,,,,,,,"  -84","H,,S"
"UPM00033356","1993-03-04","50.217","31.8","128.0","YAHOTYN, UP","    0",",,S","   99",",,S","  -70",",,S"," -164",",,S"," -117","H,,S"
"UPM00033356","1993-03-05","50.217","31.8","128.0","YAHOTYN, UP","    0",",,S","   89",",,S","  -71",",,S"," -140",",,S","  -98","H,,S"
"UPM00033356","1993-03-06","50.217","31.8","128.0","YAHOTYN, UP","   41",",,S","  140",",,S","  -31",",,S","  -81",",,S","  -54","H,,S"
"UPM00033356","1993-03-07","50.217","31.8","128.0","YAHOTYN, UP","    0",",,S",,,"  -16",",,S",,,"  -29","H,,S"
"UPM00033356","1993-03-08","50.217","31.8","128.0","YAHOTYN, UP",,,"  160",",,S","   -5",",,S","  -62",",,S","  -23","H,,S"
"UPM00033356","1993-03-09","50.217","31.8","128.0","YAHOTYN, UP","    0",",,S","  140",",,S","    2",",,S","  -89",",,S","  -52","H,,S"
"UPM00033356","1993-03-10","50.217","31.8","128.0","YAHOTYN, UP","    0",",,S","  140",",,S","   29",",,S"," -138",",,S","  -47","H,,S"
"UPM00033356","1993-03-11","50.217","31.8","128.0","YAHOTYN, UP","    0",",,S","  119",",,S","    5",",,S",,,"  -25","H,,S"
"UPM00033356","1993-03-12","50.217","31.8","128.0","YAHOTYN, UP","    0",",,S","  109",",,S","   17",",,S"," -122",",,S","  -46","H,,S"
"UPM00033356","1993-03-13","50.217","31.8","128.0","YAHOTYN, UP","    0",",,S",,,"   55",",,S",,,"  -37","H,,S"
"UPM00033356","1993-03-14","50.217","31.8","128.0","YAHOTYN, UP",,,,,"   36",",,S",,,"   -2","H,,S"
"UPM00033356","1993-03-15","50.217","31.8","128.0","YAHOTYN, UP","    0",",,S","   71",",,S","   77",",,S","  -39",",,S","    3","H,,S"
"UPM00033356","1993-03-16","50.217","31.8","128.0","YAHOTYN, UP","    0",",,S","   61",",,S","   92",",,S","  -27",",,S","   21","H,,S"
"UPM00033356","1993-03-17","50.217","31.8","128.0","YAHOTYN, UP","    0",",,S","   41",",,S",,,"   -5",",,S","   37","H,,S"
"UPM00033356","1993-03-18","50.217","31.8","128.0","YAHOTYN, UP","   61",",,S",,,"   92",",,S",,,"   46","H,,S"
"UPM00033356","1993-03-19","50.217","31.8","128.0","YAHOTYN, UP","    0",",,S",,,"   87",",,S","   16",",,S","   48","H,,S"
"UPM00033356","1993-03-20","50.217","31.8","128.0","YAHOTYN, UP","   30",",,S",,,,,,,"   24","H,,S"
"UPM00033356","1993-03-21","50.217","31.8","128.0","YAHOTYN, UP","   20",",,S",,,"   82",",,S","   13",",,S","   47","H,,S"
"UPM00033356","1993-03-22","50.217","31.8","128.0","YAHOTYN, UP","    0",",,S",,,,,"   19",",,S","   73","H,,S"
"UPM00033356","1993-03-23","50.217","31.8","128.0","YAHOTYN, UP","    0",",,S",,,"  169",",,S",,,"  100","H,,S"
"UPM00033356","1993-03-24","50.217","31.8","128.0","YAHOTYN, UP","    0",",,S",,,"   87",",,S",,,"   57","H,,S"
"UPM00033356","1993-03-25","50.217","31.8","128.0","YAHOTYN, UP","   41",",,S",,,"   82",",,S","    1",",,S","   44","H,,S"
"UPM00033356","1993-03-26","50.217","31.8","128.0","YAHOTYN, UP","    5",",,S",,,"   32",",,S","   19",",,S","   24","H,,S"
"UPM00033356","1993-03-27","50.217","31.8","128.0","YAHOTYN, UP","   30",",,S",,,,,"    3",",,S","   28","H,,S"
"UPM00033356","1993-03-28","50.217","31.8","128.0","YAHOTYN, UP","    3",",,S",,,"   89",",,S","   12",",,S","   46","H,,S"
"UPM00033356","1993-03-29","50.217","31.8","128.0","YAHOTYN, UP","   20",",,S",,,,,,,"   67","H,,S"
"UPM00033356","1993-03-30","50.217","31.8","128.0","YAHOTYN, UP","   61",",,S",,,"   54",",,S",,,"   33","H,,S"
"UPM00033356","1993-03-31","50.217","31.8","128.0","YAHOTYN, UP","   20",",,S",,,"   84",",,S","   -3",",,S","   41","H,,S"
"UPM00033356","1993-04-01","50.217","31.8","128.0","YAHOTYN, UP","    0",",,S",,,"   67",",,S",,,"   54","H,,S"
"UPM00033356","1993-04-02","50.217","31.8","128.0","YAHOTYN, UP","    0",",,S",,,"   83",",,S","   38",",,S","   57","H,,S"
"UPM00033356","1993-04-03","50.217","31.8","128.0","YAHOTYN, UP","   30",",,S",,,,,,,"   61","H,,S"
"UPM00033356","1993-04-04","50.217","31.8","128.0","YAHOTYN, UP","    3",",,S",,,"   72",",,S","   42",",,S","   58","H,,S"
"UPM00033356","1993-04-05","50.217","31.8","128.0","YAHOTYN, UP","    0",",,S",,,"   92",",,S",,,"   70","H,,S"
"UPM00033356","1993-04-06","50.217","31.8","128.0","YAHOTYN, UP","    0",",,S",,,"  121",",,S","   47",",,S","   79","H,,S"
"UPM00033356","1993-04-08","50.217","31.8","128.0","YAHOTYN, UP","  180","B,,S",,,"   80",",,S","   57",",,S","   72","H,,S"
"UPM00033356","1993-04-09","50.217","31.8","128.0","YAHOTYN, UP","   13","B,,S",,,"   80",",,S","   49",",I,S","   56","H,,S"
"UPM00033356","1993-04-10","50.217","31.8","128.0","YAHOTYN, UP",,,,,"   27",",I,S","    9",",,S","   12","H,,S"
"UPM00033356","1993-04-11","50.217","31.8","128.0","YAHOTYN, UP","    0",",,S",,,"   30",",,S","    5",",,S","   19","H,,S"
"UPM00033356","1993-04-12","50.217","31.8","128.0","YAHOTYN, UP",,,,,"   42",",,S",,,"   28","H,,S"
"UPM00033356","1993-04-13","50.217","31.8","128.0","YAHOTYN, UP","    0",",,S",,,"   83",",,S","   19",",,S","   46","H,,S"
"UPM00033356","1993-04-14","50.217","31.8","128.0","YAHOTYN, UP","    5",",,S",,,,,"   33",",,S","   57","H,,S"
"UPM00033356","1993-04-15","50.217","31.8","128.0","YAHOTYN, UP","    0",",,S",,,"   78",",,S","   27",",,S","   52","H,,S"
"UPM00033356","1993-04-16","50.217","31.8","128.0","YAHOTYN, UP","    0",",,S",,,"   67",",,S","    6",",,S","   39","H,,S"
"UPM00033356","1993-04-17","50.217","31.8","128.0","YAHOTYN, UP","    0",",,S",,,"   71",",,S","    4",",,S","   40","H,,S"
"UPM00033356","1993-04-18","50.217","31.8","128.0","YAHOTYN, UP","    0",",,S",,,"   91",",,S","   28",",,S","   57","H,,S"
"UPM00033356","1993-04-19","50.217","31.8","128.0","YAHOTYN, UP","    0",",,S",,,"  111",",,S","   29",",,S","   78","H,,S"
"UPM00033356","1993-04-20","50.217","31.8","128.0","YAHOTYN, UP","   71",",,S",,,"   68",",,S",,,"   37","H,,S"
"UPM00033356","1993-04-21","50.217","31.8","128.0","YAHOTYN, UP","   10",",,S",,,"   62",",,S","  -12",",,S","   24","H,,S"
"UPM00033356","1993-04-22","50.217","31.8","128.0","YAHOTYN, UP","    0",",,S",,,"  125",",,S","  -30",",,S","   48","H,,S"
"UPM00033356","1993-04-23","50.217","31.8","128.0","YAHOTYN, UP","    0",",,S",,,"  182",",,S","    8",",,S","   78","H,,S"
"UPM00033356","1993-04-24","50.217","31.8","128.0","YAHOTYN, UP","    3",",,S",,,,,"   80",",,S","   96","H,,S"
"UPM00033356","1993-04-25","50.217","31.8","128.0","YAHOTYN, UP","    0",",,S",,,,,,,"  161","H,,S"
"UPM00033356","1993-04-26","50.217","31.8","128.0","YAHOTYN, UP","    0",",,S",,,"  234",",,S",,,"  139","H,,S"
"UPM00033356","1993-04-27","50.217","31.8","128.0","YAHOTYN, UP","    0",",,S",,,"  191",",,S",,,"  146","H,,S"
"UPM00033356","1993-04-28","50.217","31.8","128.0","YAHOTYN, UP","   41",",,S",,,,,"  105",",,S","  151","H,,S"
"UPM00033356","1993-04-29","50.217","31.8","128.0","YAHOTYN, UP","    0",",,S",,,"  216",",,S",,,"  152","H,,S"
"UPM00033356","1993-04-30","50.217","31.8","128.0","YAHOTYN, UP","    0",",,S",,,"  181",",,S",,,"  135","H,,S"
"UPM00033356","1993-05-01","50.217","31.8","128.0","YAHOTYN, UP",,,,,"  132",",,S","   45",",,S","  102","H,,S"
"UPM00033356","1993-05-02","50.217","31.8","128.0","YAHOTYN, UP","   10",",,S",,,"  179",",,S",,,"  127","H,,S"
"UPM00033356","1993-05-03","50.217","31.8","128.0","YAHOTYN, UP","    0",",,S",,,"  185",",,S","   91",",,S","  141","H,,S"
"UPM00033356","1993-05-04","50.217","31.8","128.0","YAHOTYN, UP",,,,,"  238",",,S",,,"  175","H,,S"
"UPM00033356","1993-05-05","50.217","31.8","128.0","YAHOTYN, UP","    0",",,S",,,,,,,"  182","H,,S"
"UPM00033356","1993-05-06","50.217","31.8","128.0","YAHOTYN, UP","    0",",,S",,,,,"  120",",,S","  169","H,,S"
"UPM00033356","1993-05-07","50.217","31.8","128.0","YAHOTYN, UP",,,,,"  269",",,S",,,"  209","H,,S"
"UPM00033356","1993-05-08","50.217","31.8","128.0","YAHOTYN, UP","    0",",,S",,,"  218",",,S","  110",",,S","  148","H,,S"
"UPM00033356","1993-05-09","50.217","31.8","128.0","YAHOTYN, UP","    0",",,S",,,"  225",",,S",,,"  156","H,,S"
"UPM00033356","1993-05-11","50.217","31.8","128.0","YAHOTYN, UP","    0",",,S",,,"  243",",,S",,,"  168","H,,S"
"UPM00033356","1993-05-12","50.217","31.8","128.0","YAHOTYN, UP","    0",",,S",,,"  252",",,S","   84",",,S","  170","H,,S"
"UPM00033356","1993-05-13","50.217","31.8","128.0","YAHOTYN, UP","    0",",,S",,,"  237",",,S",,,"  166","H,,S"
"UPM00033356","1993-05-14","50.217","31.8","128.0","YAHOTYN, UP","    0",",,S",,,"  242",",,S","  127",",,S","  183","H,,S"
"UPM00033356","1993-05-15","50.217","31.8","128.0","YAHOTYN, UP","    0",",,S",,,"  229",",,S","  124",",,S","  167","H,,S"
"UPM00033356","1993-05-16","50.217","31.8","128.0","YAHOTYN, UP","   20",",,S",,,"  232",",,S","  107",",,S","  168","H,,S"
"UPM00033356","1993-05-17","50.217","31.8","128.0","YAHOTYN, UP","    3",",,S",,,"  236",",,S","  135",",,S","  174","H,,S"
"UPM00033356","1993-05-18","50.217","31.8","128.0","YAHOTYN, UP","    3",",,S",,,,,"  127",",,S","  183","H,,S"
"UPM00033356","1993-05-19","50.217","31.8","128.0","YAHOTYN, UP","    0",",,S",,,"  272",",,S",,,"  200","H,,S"
"UPM00033356","1993-05-20","50.217","31.8","128.0","YAHOTYN, UP","   10",",,S",,,,,"  126",",,S","  174","H,,S"
"UPM00033356","1993-05-21","50.217","31.8","128.0","YAHOTYN, UP","    0",",,S",,,"  256",",,S","  114",",,S","  207","H,,S"
"UPM00033356","1993-05-22","50.217","31.8","128.0","YAHOTYN, UP","   41",",,S",,,"  247",",,S","  154",",,S","  197","H,,S"
"UPM00033356","1993-05-23","50.217","31.8","128.0","YAHOTYN, UP","    0",",,S",,,"  170",",,S","   64",",,S","  115","H,,S"
"UPM00033356","1993-05-24","50.217","31.8","128.0","YAHOTYN, UP","    0",",,S",,,"  212",",,S","   44",",,S","  134","H,,S"
"UPM00033356","1993-05-25","50.217","31.8","128.0","YAHOTYN, UP","    0",",,S",,,"  233",",,S","   81",",,S","  162","H,,S"
"UPM00033356","1993-05-27","50.217","31.8","128.0","YAHOTYN, UP",,,,,"  171",",,S","   85",",,S","  149","H,,S"
"UPM00033356","1993-05-28","50.217","31.8","128.0","YAHOTYN, UP","   10",",,S",,,"  150",",,S","  106",",,S","  120","H,,S"
"UPM00033356","1993-05-29","50.217","31.8","128.0","YAHOTYN, UP","   10",",,S",,,"  177",",,S","   79",",,S","  135","H,,S"
"UPM00033356","1993-05-30","50.217","31.8","128.0","YAHOTYN, UP","    5",",,S",,,"  219",",,S",,,"  136","H,,S"
"UPM00033356","1993-05-31","50.217","31.8","128.0","YAHOTYN, UP","   20",",,S",,,"  209",",,S","   69",",,S","  141","H,,S"
"UPM00033356","1993-06-01","50.217","31.8","128.0","YAHOTYN, UP","    0",",,S",,,"  211",",,S","   88",",,S","  152","H,,S"
"UPM00033356","1993-06-02","50.217","31.8","128.0","YAHOTYN, UP","   89",",,S",,,"  189",",,S","  129",",,S","  148","H,,S"
"UPM00033356","1993-06-03","50.217","31.8","128.0","YAHOTYN, UP","    0",",,S",,,"  213",",,S","  104",",,S","  176","H,,S"
"UPM00033356","1993-06-04","50.217","31.8","128.0","YAHOTYN, UP","    0",",,S",,,"  254",",,S","  109",",,S","  196","H,,S"
"UPM00033356","1993-06-05","50.217","31.8","128.0","YAHOTYN, UP","    0",",,S",,,"  229",",,S","  124",",,S","  182","H,,S"
"UPM00033356","1993-06-06","50.217","31.8","128.0","YAHOTYN, UP",,,,,"  223",",,S",,,"  177","H,,S"
"UPM00033356","1993-06-07","50.217","31.8","128.0","YAHOTYN, UP","    0",",,S",,,,,"   94",",,S","  150","H,,S"
"UPM00033356","1993-06-08","50.217","31.8","128.0","YAHOTYN, UP",,,,,"  193",",,S","  134",",,S","  162","H,,S"
"UPM00033356","1993-06-09","50.217","31.8","128.0","YAHOTYN, UP","    0",",,S",,,"  215",",,S","   89",",,S","  150","H,,S"
"UPM00033356","1993-06-10","50.217","31.8","128.0","YAHOTYN, UP","    0",",,S",,,"  203",",,S","   59",",,S","  138","H,,S"
"UPM00033356","1993-06-11","50.217","31.8","128.0","YAHOTYN, UP","    0",",,S",,,"  277",",,S","   87",",,S","  207","H,,S"
"UPM00033356","1993-06-12","50.217","31.8","128.0","YAHOTYN, UP","    5",",,S",,,"  263",",,S","  130",",,S","  199","H,,S"
"UPM00033356","1993-06-13","50.217","31.8","128.0","YAHOTYN, UP","    0",",,S",,,"  221",",,S","  137",",,S","  192","H,,S"
"UPM00033356","1993-06-14","50.217","31.8","128.0","YAHOTYN, UP","   41",",,S",,,"  221",",,S","  144",",,S","  179","H,,S"
"UPM00033356","1993-06-15","50.217","31.8","128.0","YAHOTYN, UP","   20",",,S",,,"  214",",,S","  109",",,S","  161","H,,S"
"UPM00033356","1993-06-16","50.217","31.8","128.0","YAHOTYN, UP","    0",",,S",,,"  186",",,S","   99",",,S","  144","H,,S"
"UPM00033356","1993-06-17","50.217","31.8","128.0","YAHOTYN, UP","    0",",,S",,,"  206",",,S",,,"  144","H,,S"
"UPM00033356","1993-06-18","50.217","31.8","128.0","YAHOTYN, UP","    0",",,S",,,"  222",",,S","  100",",,S","  163","H,,S"
"UPM00033356","1993-06-19","50.217","31.8","128.0","YAHOTYN, UP","   61",",,S",,,"  222",",,S","  123",",,S","  165","H,,S"
"UPM00033356","1993-06-20","50.217","31.8","128.0","YAHOTYN, UP","    0",",,S",,,"  248",",,S","  110",",,S","  198","H,,S"
"UPM00033356","1993-06-21","50.217","31.8","128.0","YAHOTYN, UP","  160",",,S",,,"  216",",,S",,,"  169","H,,S"
"UPM00033356","1993-06-22","50.217","31.8","128.0","YAHOTYN, UP","    0",",,S",,,,,"   94",",,S","  163","H,,S"
"UPM00033356","1993-06-23","50.217","31.8","128.0","YAHOTYN, UP",,,,,"  259",",,S","  119",",,S","  220","H,,S"
"UPM00033356","1993-06-24","50.217","31.8","128.0","YAHOTYN, UP","  130",",,S",,,"  223",",,S","  163",",,S","  186","H,,S"
"UPM00033356","1993-06-25","50.217","31.8","128.0","YAHOTYN, UP","  150",",,S",,,"  181",",,S",,,"  149","H,,S"
"UPM00033356","1993-06-26","50.217","31.8","128.0","YAHOTYN, UP","   10",",,S",,,"  170",",,S",,,"  134","H,,S"
"UPM00033356","1993-06-27","50.217","31.8","128.0","YAHOTYN, UP","    8",",,S",,,"  171",",,S","   74",",,S","  128","H,,S"
"UPM00033356","1993-06-28","50.217","31.8","128.0","YAHOTYN, UP","    3",",,S",,,"  291",",,S",,,"  149","H,,S"
"UPM00033356","1993-06-29","50.217","31.8","128.0","YAHOTYN, UP","    0",",,S",,,"  221",",,S","   91",",,S","  154","H,,S"
"UPM00033356","1993-06-30","50.217","31.8","128.0","YAHOTYN, UP",,,,,"  215",",,S",,,"  169","H,,S"
"UPM00033356","1993-07-01","50.217","31.8","128.0","YAHOTYN, UP",,,,,,,"  119",",,S","  144","H,,S"
"UPM00033356","1993-07-02","50.217","31.8","128.0","YAHOTYN, UP",,,,,"  203",",,S",,,"  147","H,,S"
"UPM00033356","1993-07-03","50.217","31.8","128.0","YAHOTYN, UP",,,,,"  212",",,S","  103",",,S","  159","H,,S"
"UPM00033356","1993-07-04","50.217","31.8","128.0","YAHOTYN, UP","    0",",,S",,,"  226",",,S","  119",",,S","  171","H,,S"
"UPM00033356","1993-07-05","50.217","31.8","128.0","YAHOTYN, UP","   20",",,S",,,"  238",",,S",,,"  174","H,,S"
"UPM00033356","1993-07-06","50.217","31.8","128.0","YAHOTYN, UP","    0",",,S",,,,,,,"  198","H,,S"
"UPM00033356","1993-07-07","50.217","31.8","128.0","YAHOTYN, UP",,,,,"  198",",,S","  111",",,S","  150","H,,S"
"UPM00033356","1993-07-08","50.217","31.8","128.0","YAHOTYN, UP","   20",",,S",,,"  290",",,S",,,"  130","H,,S"
"UPM00033356","1993-07-09","50.217","31.8","128.0","YAHOTYN, UP","   20",",,S",,,"  207",",,S","   87",",,S","  146","H,,S"
"UPM00033356","1993-07-10","50.217","31.8","128.0","YAHOTYN, UP","    0",",,S",,,"  225",",,S","   79",",,S","  159","H,,S"
"UPM00033356","1993-07-11","50.217","31.8","128.0","YAHOTYN, UP",,,,,"  262",",,S","  103",",,S","  201","H,,S"
"UPM00033356","1993-07-12","50.217","31.8","128.0","YAHOTYN, UP","    0",",,S",,,,,,,"  204","H,,S"
"UPM00033356","1993-07-13","50.217","31.8","128.0","YAHOTYN, UP","    0",",,S",,,,,,,"  148","H,,S"
"UPM00033356","1993-07-14","50.217","31.8","128.0","YAHOTYN, UP","  170",",,S",,,,,,,"  107","H,,S"
"UPM00033356","1993-07-15","50.217","31.8","128.0","YAHOTYN, UP","   51",",,S",,,"  166",",,S",,,"  141","H,,S"
"UPM00033356","1993-07-16","50.217","31.8","128.0","YAHOTYN, UP","    0",",,S",,,"  236",",,S","  101",",,S","  173","H,,S"
"UPM00033356","1993-07-17","50.217","31.8","128.0","YAHOTYN, UP","    5",",,S",,,"  226",",,S",,,"  180","H,,S"
"UPM00033356","1993-07-18","50.217","31.8","128.0","YAHOTYN, UP","    0",",,S",,,"  254",",,S","  122",",,S","  194","H,,S"
"UPM00033356","1993-07-19","50.217","31.8","128.0","YAHOTYN, UP","    0",",,S",,,"  245",",,S","  149",",,S","  181","H,,S"
"UPM00033356","1993-07-20","50.217","31.8","128.0","YAHOTYN, UP","   30",",,S",,,"  296",",,S","  159",",,S","  224","H,,S"
"UPM00033356","1993-07-21","50.217","31.8","128.0","YAHOTYN, UP","    0",",,S",,,"  313",",,S",,,"  239","H,,S"
"UPM00033356","1993-07-22","50.217","31.8","128.0","YAHOTYN, UP","    0",",,S",,,"  325",",,S","  182",",,S","  255","H,,S"
"UPM00033356","1993-07-23","50.217","31.8","128.0","YAHOTYN, UP","    0",",,S",,,"  299",",,S",,,"  217","H,,S"
"UPM00033356","1993-07-24","50.217","31.8","128.0","YAHOTYN, UP","   10",",,S",,,,,"  114",",,S","  146","H,,S"
"UPM00033356","1993-07-25","50.217","31.8","128.0","YAHOTYN, UP","    0",",,S",,,,,"  126",",,S","  181","H,,S"
"UPM00033356","1993-07-26","50.217","31.8","128.0","YAHOTYN, UP","    0",",,S",,,"  299",",,S","  140",",,S","  226","H,,S"
"UPM00033356","1993-07-27","50.217","31.8","128.0","YAHOTYN, UP","    0",",,S",,,"  294",",,S","  149",",,S","  223","H,,S"
"UPM00033356","1993-07-28","50.217","31.8","128.0","YAHOTYN, UP","    0",",,S",,,"  239",",,S",,,"  188","H,,S"
"UPM00033356","1993-07-29","50.217","31.8","128.0","YAHOTYN, UP",,,,,,,"  149",",,S","  179","H,,S"
"UPM00033356","1993-07-30","50.217","31.8","128.0","YAHOTYN, UP","    0",",,S",,,"  229",",,S",,,"  172","H,,S"
"UPM00033356","1993-07-31","50.217","31.8","128.0","YAHOTYN, UP","    5",",,S",,,"  242",",,S","  159",",,S","  199","H,,S"
"UPM00033356","1993-08-01","50.217","31.8","128.0","YAHOTYN, UP","    0",",,S",,,"  254",",,S",,,"  208","H,,S"
"UPM00033356","1993-08-02","50.217","31.8","128.0","YAHOTYN, UP","    3",",,S",,,"  232",",,S","  145",",,S","  184","H,,S"
"UPM00033356","1993-08-03","50.217","31.8","128.0","YAHOTYN, UP","    0",",,S",,,"  240",",,S","  104",",,S","  177","H,,S"
"UPM00033356","1993-08-04","50.217","31.8","128.0","YAHOTYN, UP","    0",",,S",,,"  255",",,S","   89",",,S","  181","H,,S"
"UPM00033356","1993-08-05","50.217","31.8","128.0","YAHOTYN, UP","    0",",,S",,,"  262",",,S","   99",",,S","  184","H,,S"
"UPM00033356","1993-08-06","50.217","31.8","128.0","YAHOTYN, UP","    0",",,S",,,"  283",",,S","  129",",,S","  223","H,,S"
"UPM00033356","1993-08-07","50.217","31.8","128.0","YAHOTYN, UP","    0",",,S",,,"  315",",,S","  139",",,S","  232","H,,S"
"UPM00033356","1993-08-08","50.217","31.8","128.0","YAHOTYN, UP",,,,,"  247",",,S",,,"  195","H,,S"
"UPM00033356","1993-08-09","50.217","31.8","128.0","YAHOTYN, UP","    0",",,S",,,"  248",",,S","  107",",,S","  186","H,,S"
"UPM00033356","1993-08-10","50.217","31.8","128.0","YAHOTYN, UP","    0",",,S",,,"  263",",,S","  129",",,S","  192","H,,S"
"UPM00033356","1993-08-11","50.217","31.8","128.0","YAHOTYN, UP","    0",",,S",,,"  295",",,S","  149",",,S","  219","H,,S"
"UPM00033356","1993-08-12","50.217","31.8","128.0","YAHOTYN, UP","  239",",,S",,,"  196",",,S",,,"  169","H,,S"
"UPM00033356","1993-08-13","50.217","31.8","128.0","YAHOTYN, UP","    0",",,S",,,"  205",",,S","  137",",,S","  168","H,,S"
"UPM00033356","1993-08-14","50.217","31.8","128.0","YAHOTYN, UP","    0",",,S",,,"  262",",,S",,,"  202","H,,S"
"UPM00033356","1993-08-15","50.217","31.8","128.0","YAHOTYN, UP","    0",",,S",,,"  238",",,S","  110",",,S","  179","H,,S"
"UPM00033356","1993-08-16","50.217","31.8","128.0","YAHOTYN, UP","    0",",,S",,,"  247",",,S","   92",",,S","  182","H,,S"
"UPM00033356","1993-08-17","50.217","31.8","128.0","YAHOTYN, UP","    0",",,S",,,"  264",",,S","   90",",,S","  194","H,,S"
"UPM00033356","1993-08-18","50.217","31.8","128.0","YAHOTYN, UP","    0",",,S",,,"  205",",,S","  111",",,S","  161","H,,S"
"UPM00033356","1993-08-19","50.217","31.8","128.0","YAHOTYN, UP","    0",",,S",,,"  217",",,S","   74",",,S","  156","H,,S"
"UPM00033356","1993-08-20","50.217","31.8","128.0","YAHOTYN, UP","    0",",,S",,,"  211",",,S","  103",",,S","  158","H,,S"
"UPM00033356","1993-08-21","50.217","31.8","128.0","YAHOTYN, UP","    0",",,S",,,"  221",",,S","   92",",,S","  169","H,,S"
"UPM00033356","1993-08-22","50.217","31.8","128.0","YAHOTYN, UP","    3",",,S",,,"  233",",,S",,,"  179","H,,S"
"UPM00033356","1993-08-23","50.217","31.8","128.0","YAHOTYN, UP","    0",",,S",,,"  262",",,S","   94",",,S","  175","H,,S"
"UPM00033356","1993-08-24","50.217","31.8","128.0","YAHOTYN, UP","   20",",,S",,,"  212",",,S",,,"  166","H,,S"
"UPM00033356","1993-08-25","50.217","31.8","128.0","YAHOTYN, UP","  130",",,S",,,"  161",",,S",,,"  144","H,,S"
"UPM00033356","1993-08-26","50.217","31.8","128.0","YAHOTYN, UP","   30",",,S",,,"  201",",,S","  116",",,S","  130","H,,S"
"UPM00033356","1993-08-27","50.217","31.8","128.0","YAHOTYN, UP","    5",",,S",,,"  179",",,S","   89",",,S","  126","H,,S"
"UPM00033356","1993-08-28","50.217","31.8","128.0","YAHOTYN, UP","    0",",,S",,,"  168",",,S","   57",",,S","  113","H,,S"
"UPM00033356","1993-08-29","50.217","31.8","128.0","YAHOTYN, UP","  310",",,S",,,"  181",",,S","   95",",,S","  133","H,,S"
"UPM00033356","1993-08-30","50.217","31.8","128.0","YAHOTYN, UP","    3",",,S",,,"  191",",,S","   72",",,S","  112","H,,S"
"UPM00033356","1993-08-31","50.217","31.8","128.0","YAHOTYN, UP","    5",",,S",,,"  203",",,S","   60",",,S","  137","H,,S"
"UPM00033356","1993-09-01","50.217","31.8","128.0","YAHOTYN, UP","    0",",,S",,,"  195",",,S",,,"  135","H,,S"
"UPM00033356","1993-09-02","50.217","31.8","128.0","YAHOTYN, UP","   99",",,S",,,"  163",",,S",,,"  133","H,,S"
"UPM00033356","1993-09-03","50.217","31.8","128.0","YAHOTYN, UP","   79",",,S",,,"  173",",,S",,,"  124","H,,S"
"UPM00033356","1993-09-04","50.217","31.8","128.0","YAHOTYN, UP","    0",",,S",,,"  206",",,S",,,"  161","H,,S"
"UPM00033356","1993-09-05","50.217","31.8","128.0","YAHOTYN, UP","   20",",,S",,,"  204",",,S","  132",",,S","  163","H,,S"
"UPM00033356","1993-09-06","50.217","31.8","128.0","YAHOTYN, UP","  109",",,S",,,,,,,"  126","H,,S"
"UPM00033356","1993-09-07","50.217","31.8","128.0","YAHOTYN, UP","   71",",,S",,,"  157",",,S","   66",",,S","  101","H,,S"
"UPM00033356","1993-09-08","50.217","31.8","128.0","YAHOTYN, UP","    0",",,S",,,"  183",",,S","   60",",,S","  123","H,,S"
"UPM00033356","1993-09-09","50.217","31.8","128.0","YAHOTYN, UP","    0",",,S",,,,,,,"  148","H,,S"
"UPM00033356","1993-09-10","50.217","31.8","128.0","YAHOTYN, UP","    0",",,S",,,,,,,"  118","H,,S"
"UPM00033356","1993-09-11","50.217","31.8","128.0","YAHOTYN, UP","   99","B,,S",,,"  124",",,S","   87",",,S","  107","H,,S"
"UPM00033356","1993-09-12","50.217","31.8","128.0","YAHOTYN, UP",,,,,"  165",",,S","   77",",,S","  123","H,,S"
"UPM00033356","1993-09-13","50.217","31.8","128.0","YAHOTYN, UP","    3",",,S",,,"  105",",,S",,,"   94","H,,S"
"UPM00033356","1993-09-14","50.217","31.8","128.0","YAHOTYN, UP","   20",",,S",,,"  152",",,S","   16",",,S","   95","H,,S"
"UPM00033356","1993-09-15","50.217","31.8","128.0","YAHOTYN, UP","    0",",,S",,,,,"   80",",,S","  163","H,,S"
"UPM00033356","1993-09-16","50.217","31.8","128.0","YAHOTYN, UP","   30",",,S",,,"  176",",,S",,,"  125","H,,S"
"UPM00033356","1993-09-17","50.217","31.8","128.0","YAHOTYN, UP","   30",",,S",,,"  191",",,S","   87",",,S","  118","H,,S"
"UPM00033356","1993-09-18","50.217","31.8","128.0","YAHOTYN, UP","   10",",,S",,,"  201",",,S","   80",",,S","  129","H,,S"
"UPM00033356","1993-09-19","50.217","31.8","128.0","YAHOTYN, UP","   51",",,S",,,"  132",",,S","   57",",,S","  101","H,,S"
"UPM00033356","1993-09-20","50.217","31.8","128.0","YAHOTYN, UP","    0",",,S",,,"  134",",,S",,,"   83","H,,S"
"UPM00033356","1993-09-21","50.217","31.8","128.0","YAHOTYN, UP",,,,,"  137",",,S","  -19",",,S","   60","H,,S"
"UPM00033356","1993-09-22","50.217","31.8","128.0","YAHOTYN, UP",,,,,"  154",",,S",,,"  120","H,,S"
"UPM00033356","1993-09-23","50.217","31.8","128.0","YAHOTYN, UP","    0",",,S",,,"  194",",,S","   49",",,S","  113","H,,S"
"UPM00033356","1993-09-24","50.217","31.8","128.0","YAHOTYN, UP","    0",",,S",,,"  202",",,S",,,"  125","H,,S"
"UPM00033356","1993-09-25","50.217","31.8","128.0","YAHOTYN, UP","    0",",,S",,,"  175",",,S","   34",",,S","  108","H,,S"
"UPM00033356","1993-09-26","50.217","31.8","128.0","YAHOTYN, UP",,,,,"  152",",,S","   54",",,S","  111","H,,S"
"UPM00033356","1993-09-27","50.217","31.8","128.0","YAHOTYN, UP","    0",",,S",,,"  174",",,S",,,"  112","H,,S"
"UPM00033356","1993-09-28","50.217","31.8","128.0","YAHOTYN, UP","   41",",,S",,,"  120",",,S",,,"   84","H,,S"
"UPM00033356","1993-09-29","50.217","31.8","128.0","YAHOTYN, UP","    0",",,S",,,,,,,"   43","H,,S"
"UPM00033356","1993-09-30","50.217","31.8","128.0","YAHOTYN, UP","    0",",,S",,,"   33",",,S","   -8",",,S","   23","H,,S"
"UPM00033356","1993-10-01","50.217","31.8","128.0","YAHOTYN, UP","    0",",,S",,,"   33",",,S",,,"   22","H,,S"
"UPM00033356","1993-10-02","50.217","31.8","128.0","YAHOTYN, UP","    0",",,S",,,"   52",",,S",,,"   32","H,,S"
"UPM00033356","1993-10-03","50.217","31.8","128.0","YAHOTYN, UP","    0",",,S",,,"  100",",,S","  -15",",,S","   47","H,,S"
"UPM00033356","1993-10-04","50.217","31.8","128.0","YAHOTYN, UP","    0",",,S",,,,,"    1",",,S","   60","H,,S"
"UPM00033356","1993-10-05","50.217","31.8","128.0","YAHOTYN, UP","    0",",,S",,,"  150",",,S","   19",",,S","   74","H,,S"
"UPM00033356","1993-10-06","50.217","31.8","128.0","YAHOTYN, UP","    0",",,S",,,,,,,"   59","H,,S"
"UPM00033356","1993-10-07","50.217","31.8","128.0","YAHOTYN, UP","    0",",,S",,,"  169",",,S",,,"   96","H,,S"
"UPM00033356","1993-10-08","50.217","31.8","128.0","YAHOTYN, UP","    0",",,S",,,"  171",",,S","   43",",,S","   97","H,,S"
"UPM00033356","1993-10-09","50.217","31.8","128.0","YAHOTYN, UP",,,,,"  190",",,S","   39",",,S","   83","H,,S"
"UPM00033356","1993-10-10","50.217","31.8","128.0","YAHOTYN, UP","    0",",,S",,,"  130",",,S","   41",",,S","  102","H,,S"
"UPM00033356","1993-10-11","50.217","31.8","128.0","YAHOTYN, UP","   10",",,S",,,"  132",",,S","  110",",,S","  121","H,,S"
"UPM00033356","1993-10-12","50.217","31.8","128.0","YAHOTYN, UP","   10",",,S",,,"  211",",,S","  128",",,S","  163","H,,S"
"UPM00033356","1993-10-14","50.217","31.8","128.0","YAHOTYN, UP",,,,,"  207",",,S","   98",",,S","  161","H,,S"
"UPM00033356","1993-10-15","50.217","31.8","128.0","YAHOTYN, UP","    0",",,S",,,"  242",",,S",,,"  149","H,,S"
"UPM00033356","1993-10-16","50.217","31.8","128.0","YAHOTYN, UP","    0",",,S",,,"  152",",,S",,,"  131","H,,S"
"UPM00033356","1993-10-17","50.217","31.8","128.0","YAHOTYN, UP","    0",",,S",,,"  186",",,S","   50",",,S","  118","H,,S"
"UPM00033356","1993-10-18","50.217","31.8","128.0","YAHOTYN, UP","    5",",,S",,,,,,,"   74","H,,S"
"UPM00033356","1993-10-19","50.217","31.8","128.0","YAHOTYN, UP","    0",",,S",,,"   83",",,S","  -19",",,S","   25","H,,S"
"UPM00033356","1993-10-20","50.217","31.8","128.0","YAHOTYN, UP","    0",",,S",,,"   64",",,S",,,"   19","H,,S"
"UPM00033356","1993-10-21","50.217","31.8","128.0","YAHOTYN, UP","   30",",,S",,,"   92",",,S","   15",",,S","   59","H,,S"
"UPM00033356","1993-10-22","50.217","31.8","128.0","YAHOTYN, UP","    0",",,S",,,"  138",",,S","   27",",,S","   68","H,,S"
"UPM00033356","1993-10-23","50.217","31.8","128.0","YAHOTYN, UP","    0",",,S",,,"  105",",,S","   57",",,S","   83","H,,S"
"UPM00033356","1993-10-24","50.217","31.8","128.0","YAHOTYN, UP","    0",",,S",,,"   99",",,S","   59",",,S","   81","H,,S"
"UPM00033356","1993-10-25","50.217","31.8","128.0","YAHOTYN, UP","    0",",,S",,,"  127",",,S",,,"   81","H,,S"
"UPM00033356","1993-10-26","50.217","31.8","128.0","YAHOTYN, UP","    0",",,S",,,"   55",",,S",,,"   26","H,,S"
"UPM00033356","1993-10-27","50.217","31.8","128.0","YAHOTYN, UP","   41",",,S",,,"   34",",,S",,,"   14","H,,S"
"UPM00033356","1993-10-28","50.217","31.8","128.0","YAHOTYN, UP","   20",",,S",,,,,,,"   12","H,,S"
"UPM00033356","1993-10-30","50.217","31.8","128.0","YAHOTYN, UP","    0",",,S",,,"   28",",,S",,,"   -7","H,,S"
"UPM00033356","1993-10-31","50.217","31.8","128.0","YAHOTYN, UP",,,,,"   59",",,S",,,"   -8","H,,S"
"UPM00033356","1993-11-01","50.217","31.8","128.0","YAHOTYN, UP","    0",",,S",,,"   50",",,S","  -28",",,S","   -1","H,,S"
"UPM00033356","1993-11-02","50.217","31.8","128.0","YAHOTYN, UP","    0",",,S",,,,,,,"   -8","H,,S"
"UPM00033356","1993-11-03","50.217","31.8","128.0","YAHOTYN, UP","    0",",,S",,,"   53",",,S","  -55",",,S","    9","H,,S"
"UPM00033356","1993-11-04","50.217","31.8","128.0","YAHOTYN, UP","    0",",,S",,,"   86",",,S","    8",",,S","   31","H,,S"
"UPM00033356","1993-11-05","50.217","31.8","128.0","YAHOTYN, UP",,,,,,,"  -27",",,S","   -4","H,,S"
"UPM00033356","1993-11-06","50.217","31.8","128.0","YAHOTYN, UP","    0",",,S",,,"   12",",,S","   -9",",,S","   -1","H,,S"
"UPM00033356","1993-11-07","50.217","31.8","128.0","YAHOTYN, UP",,,,,"   45",",,S","   -9",",,S","   14","H,,S"
"UPM00033356","1993-11-08","50.217","31.8","128.0","YAHOTYN, UP","   71","B,,S",,,"   29",",,S","    8",",,S","   19","H,,S"
"UPM00033356","1993-11-09","50.217","31.8","128.0","YAHOTYN, UP","   79","B,,S",,,,,,,"   -4","H,,S"
"UPM00033356","1993-11-10","50.217","31.8","128.0","YAHOTYN, UP",,,,,"  -72",",,S",,,"  -92","H,,S"
"UPM00033356","1993-11-11","50.217","31.8","128.0","YAHOTYN, UP","    0",",,S",,,"  -67",",,S"," -150",",,S"," -118","H,,S"
"UPM00033356","1993-11-12","50.217","31.8","128.0","YAHOTYN, UP","    0",",,S",,,"  -47",",,S"," -138",",,S"," -116","H,,S"
"UPM00033356","1993-11-13","50.217","31.8","128.0","YAHOTYN, UP",,,,,"  -21",",,S"," -130",",,S","  -83","H,,S"
"UPM00033356","1993-11-14","50.217","31.8","128.0","YAHOTYN, UP","    0",",,S",,,"   44",",,S"," -126",",,S","  -91","H,,S"
"UPM00033356","1993-11-15","50.217","31.8","128.0","YAHOTYN, UP","    0",",,S",,,"  -38",",,S"," -105",",,S","  -79","H,,S"
"UPM00033356","1993-11-16","50.217","31.8","128.0","YAHOTYN, UP","    0",",,S",,,"  -37",",,S"," -111",",,S","  -86","H,,S"
"UPM00033356","1993-11-17","50.217","31.8","128.0","YAHOTYN, UP","    0",",,S",,,"  -63",",,S",,," -107","H,,S"
"UPM00033356","1993-11-18","50.217","31.8","128.0","YAHOTYN, UP","    0",",,S",,,"  -95",",,S",,," -133","H,,S"
"UPM00033356","1993-11-19","50.217","31.8","128.0","YAHOTYN, UP","    0",",,S",,,"  -87",",,S"," -165",",,S"," -138","H,,S"
"UPM00033356","1993-11-20","50.217","31.8","128.0","YAHOTYN, UP",,,,,"  -85",",,S"," -173",",,S"," -128","H,,S"
"UPM00033356","1993-11-21","50.217","31.8","128.0","YAHOTYN, UP","    0",",,S",,,"  -69",",,S"," -138",",,S","  -96","H,,S"
"UPM00033356","1993-11-22","50.217","31.8","128.0","YAHOTYN, UP","    0",",,S",,,"  -39",",,S",,,"  -87","H,,S"
"UPM00033356","1993-11-23","50.217","31.8","128.0","YAHOTYN, UP","    0",",,S",,,,," -135",",,S","  -84","H,,S"
"UPM00033356","1993-11-24","50.217","31.8","128.0","YAHOTYN, UP","    0",",,S",,,"  -48",",,S",,,"  -95","H,,S"
"UPM00033356","1993-11-25","50.217","31.8","128.0","YAHOTYN, UP",,,,,"  -59",",,S",,," -103","H,,S"
"UPM00033356","1993-11-26","50.217","31.8","128.0","YAHOTYN, UP","    0",",,S",,,"  -60",",,S"," -156",",,S"," -111","H,,S"
"UPM00033356","1993-11-27","50.217","31.8","128.0","YAHOTYN, UP","    0",",,S",,,"  -47",",,S"," -151",",,S"," -107","H,,S"
"UPM00033356","1993-11-28","50.217","31.8","128.0","YAHOTYN, UP","    0",",,S",,,"  -45",",,S"," -150",",,S"," -106","H,,S"
"UPM00033356","1993-11-29","50.217","31.8","128.0","YAHOTYN, UP","    0","B,,S",,,"  -70",",,S"," -148",",,S","  -92","H,,S"
"UPM00033356","1993-11-30","50.217","31.8","128.0","YAHOTYN, UP","    0",",,S",,,,,"  -73",",,S","  -61","H,,S"
"UPM00033356","1993-12-01","50.217","31.8","128.0","YAHOTYN, UP","    0",",,S",,,,,,,"  -73","H,,S"
"UPM00033356","1993-12-02","50.217","31.8","128.0","YAHOTYN, UP",,,,,"  -68",",,S"," -139",",,S"," -115","H,,S"
"UPM00033356","1993-12-03","50.217","31.8","128.0","YAHOTYN, UP","   89",",,S",,,,," -145",",,S"," -112","H,,S"
"UPM00033356","1993-12-04","50.217","31.8","128.0","YAHOTYN, UP","   30",",,S","   30",",,S","  -66",",,S","  -98",",,S","  -76","H,,S"
"UPM00033356","1993-12-05","50.217","31.8","128.0","YAHOTYN, UP","    5",",,S",,,,,,,"  -28","H,,S"
"UPM00033356","1993-12-06","50.217","31.8","128.0","YAHOTYN, UP","   10",",,S","   20",",,S","   26",",,S",,,"   13","H,,S"
"UPM00033356","1993-12-07","50.217","31.8","128.0","YAHOTYN, UP","    0",",,S",,,"   23",",,S",,,"   11","H,,S"
"UPM00033356","1993-12-08","50.217","31.8","128.0","YAHOTYN, UP","    0",",,S","   10",",,S",,,"    1",",,S","    5","H,,S"
"UPM00033356","1993-12-09","50.217","31.8","128.0","YAHOTYN, UP",,,"   61",",,S","    9",",,S","  -11",",,S","    1","H,,S"
"UPM00033356","1993-12-10","50.217","31.8","128.0","YAHOTYN, UP","    0",",,S","   41",",,S","   36",",,S","    2",",,S","   23","H,,S"
"UPM00033356","1993-12-11","50.217","31.8","128.0","YAHOTYN, UP","   20",",,S",,,,,"  -11",",,S","    7","H,,S"
"UPM00033356","1993-12-12","50.217","31.8","128.0","YAHOTYN, UP","    5",",,S",,,,,,,"    5","H,,S"
"UPM00033356","1993-12-13","50.217","31.8","128.0","YAHOTYN, UP","   71",",,S","   41",",,S","   22",",,S",,,"   -8","H,,S"
"UPM00033356","1993-12-14","50.217","31.8","128.0","YAHOTYN, UP","    0",",,S",,,"   20",",,S",,,"   -2","H,,S"
"UPM00033356","1993-12-15","50.217","31.8","128.0","YAHOTYN, UP","    0",",,S",,,"   23",",,S",,,"   19","H,,S"
"UPM00033356","1993-12-16","50.217","31.8","128.0","YAHOTYN, UP","   30",",,S","   20",",,S","   22",",,S",,,"   16","H,,S"
"UPM00033356","1993-12-17","50.217","31.8","128.0","YAHOTYN, UP","    0",",,S",,,"   24",",,S","    5",",,S","   13","H,,S"
"UPM00033356","1993-12-18","50.217","31.8","128.0","YAHOTYN, UP","   41",",,S",,,"   23",",,S",,,"   16","H,,S"
"UPM00033356","1993-12-19","50.217","31.8","128.0","YAHOTYN, UP","    5",",,S",,,"   32",",,S",,,"   17","H,,S"
"UPM00033356","1993-12-20","50.217","31.8","128.0","YAHOTYN, UP","    0",",,S",,,"   45",",,S","    2",",,S","   33","H,,S"
"UPM00033356","1993-12-21","50.217","31.8","128.0","YAHOTYN, UP","   10",",,S",,,,,,,"    6","H,,S"
"UPM00033356","1993-12-22","50.217","31.8","128.0","YAHOTYN, UP","   41",",,S","   20",",,S",,,"  -37",",,S","  -15","H,,S"
"UPM00033356","1993-12-23","50.217","31.8","128.0","YAHOTYN, UP","   61",",,S","   79",",,S",,,,,"  -17","H,,S"
"UPM00033356","1993-12-24","50.217","31.8","128.0","YAHOTYN, UP","    0",",,S","   71",",,S",,,"  -40",",,S","  -23","H,,S"
"UPM00033356","1993-12-25","50.217","31.8","128.0","YAHOTYN, UP","    0",",,S","   61",",,S",,,"  -10",",,S","    4","H,,S"
"UPM00033356","1993-12-26","50.217","31.8","128.0","YAHOTYN, UP","   20",",,S",,,"   39",",,S",,,"   23","H,,S"
"UPM00033356","1993-12-27","50.217","31.8","128.0","YAHOTYN, UP","   20",",,S",,,"   22",",,S",,,"   16","H,,S"
"UPM00033356","1993-12-29","50.217","31.8","128.0","YAHOTYN, UP","    3",",,S",,,,,,,"   -5","H,,S"
"UPM00033356","1993-12-30","50.217","31.8","128.0","YAHOTYN, UP","   30",",,S","   20",",,S",,,"  -25",",,S","  -19","H,,S"
"UPM00033356","1993-12-31","50.217","31.8","128.0","YAHOTYN, UP","    0",",,S",,,"    6",",,S",,,"    2","H,,S"
"UPM00033356","1994-01-01","50.217","31.8","128.0","YAHOTYN, UP","    0",",,S",,,"   18",",,S",,,"   -1","H,,S"
"UPM00033356","1994-01-02","50.217","31.8","128.0","YAHOTYN, UP","    0",",,S","   20",",,S",,,,,"    9","H,,S"
"UPM00033356","1994-01-04","50.217","31.8","128.0","YAHOTYN, UP",,,,,"    8",",,S","  -10",",,S","    6","H,,S"
"UPM00033356","1994-01-05","50.217","31.8","128.0","YAHOTYN, UP","    0",",,S","   20",",,S","   30",",,S","  -10",",,S","    5","H,,S"
"UPM00033356","1994-01-06","50.217","31.8","128.0","YAHOTYN, UP","   51",",,S",,,"   47",",,S","   10",",,S","   24","H,,S"
"UPM00033356","1994-01-07","50.217","31.8","128.0","YAHOTYN, UP","    0",",,S",,,,,"    6",",,S","   13","H,,S"
"UPM00033356","1994-01-08","50.217","31.8","128.0","YAHOTYN, UP","    0",",,S",,,"   25",",,S","    7",",,S","   17","H,,S"
"UPM00033356","1994-01-09","50.217","31.8","128.0","YAHOTYN, UP","    0",",,S",,,,,,,"   -1","H,,S"
"UPM00033356","1994-01-10","50.217","31.8","128.0","YAHOTYN, UP","    0",",,S",,,"   28",",,S",,,"   14","H,,S"
"UPM00033356","1994-01-11","50.217","31.8","128.0","YAHOTYN, UP",,,,,"   15",",,S","    0",",,S","    6","H,,S"
"UPM00033356","1994-01-12","50.217","31.8","128.0","YAHOTYN, UP",,,,,"    5",",,S",,,"    2","H,,S"
"UPM00033356","1994-01-13","50.217","31.8","128.0","YAHOTYN, UP","    0",",,S",,,,,"    1",",,S","   10","H,,S"
"UPM00033356","1994-01-14","50.217","31.8","128.0","YAHOTYN, UP","   41",",,S",,,,,"   12",",,S","   32","H,,S"
"UPM00033356","1994-01-15","50.217","31.8","128.0","YAHOTYN, UP","    0",",,S",,,"   33",",,S","   12",",,S","   25","H,,S"
"UPM00033356","1994-01-16","50.217","31.8","128.0","YAHOTYN, UP","   79",",,S",,,,,,,"   13","H,,S"
"UPM00033356","1994-01-17","50.217","31.8","128.0","YAHOTYN, UP","    0",",,S",,,"    4",",,S",,,"    1","H,,S"
"UPM00033356","1994-01-18","50.217","31.8","128.0","YAHOTYN, UP","   41",",,S",,,"    3",",,S",,,"  -29","H,,S"
"UPM00033356","1994-01-19","50.217","31.8","128.0","YAHOTYN, UP","   71",",,S",,,,,,,"  -33","H,,S"
"UPM00033356","1994-01-20","50.217","31.8","128.0","YAHOTYN, UP","   20",",,S","   71",",,S",,,,,"  -63","H,,S"
"UPM00033356","1994-01-21","50.217","31.8","128.0","YAHOTYN, UP","    0",",,S","   71",",,S","  -40",",,S",,,"  -54","H,,S"
"UPM00033356","1994-01-22","50.217","31.8","128.0","YAHOTYN, UP","    0",",,S","   61",",,S","   10",",,S","  -40",",,S","   -6","H,,S"
"UPM00033356","1994-01-23","50.217","31.8","128.0","YAHOTYN, UP","    0",",,S","   51",",,S","   27",",,S",,,"   14","H,,S"
"UPM00033356","1994-01-24","50.217","31.8","128.0","YAHOTYN, UP","   20",",,S","   10",",,S","   25",",,S",,,"   11","H,,S"
"UPM00033356","1994-01-25","50.217","31.8","128.0","YAHOTYN, UP","    5",",,S","   10",",,S",,,"  -10",",,S","   -1","H,,S"
"UPM00033356","1994-01-26","50.217","31.8","128.0","YAHOTYN, UP","    0",",,S",,,"   -1",",,S",,,"  -11","H,,S"
"UPM00033356","1994-01-27","50.217","31.8","128.0","YAHOTYN, UP",,,"   10",",,S","   37",",,S",,,"   14","H,,S"
"UPM00033356","1994-01-28","50.217","31.8","128.0","YAHOTYN, UP","    0",",,S","   10",",,S","   45",",,S","   -5",",,S","   21","H,,S"
"UPM00033356","1994-01-29","50.217","31.8","128.0","YAHOTYN, UP",,,,,,,,,"   15","H,,S"
"UPM00033356","1994-01-30","50.217","31.8","128.0","YAHOTYN, UP","    0",",,S",,,,,"  -48",",,S","  -16","H,,S"
"UPM00033356","1994-01-31","50.217","31.8","128.0","YAHOTYN, UP","    0",",,S",,,"  -10",",,S",,,"  -22","H,,S"
"UPM00033356","1994-02-01","50.217","31.8","128.0","YAHOTYN, UP","    8",",,S",,,"    0",",,S","  -31",",,S","   -9","H,,S"
"UPM00033356","1994-02-02","50.217","31.8","128.0","YAHOTYN, UP","    0",",,S",,,,,"  -26",",,S","  -19","H,,S"
"UPM00033356","1994-02-03","50.217","31.8","128.0","YAHOTYN, UP","   10",",,S","   30",",,S",,,,,"    0","H,,S"
"UPM00033356","1994-02-04","50.217","31.8","128.0","YAHOTYN, UP","    0",",,S","   71",",,S","    2",",,S",,,"   -3","H,,S"
"UPM00033356","1994-02-05","50.217","31.8","128.0","YAHOTYN, UP","    8",",,S","   51",",,S",,,,,"  -47","H,,S"
"UPM00033356","1994-02-06","50.217","31.8","128.0","YAHOTYN, UP","    0",",,S",,,"  -81",",,S",,,"  -98","H,,S"
"UPM00033356","1994-02-07","50.217","31.8","128.0","YAHOTYN, UP","   20",",,S","   71",",,S",,,,,"  -62","H,,S"
"UPM00033356","1994-02-08","50.217","31.8","128.0","YAHOTYN, UP","   51",",,S","  119",",,S","  -99",",,S",,," -157","H,,S"
"UPM00033356","1994-02-09","50.217","31.8","128.0","YAHOTYN, UP","    0",",,S","  109",",,S"," -118",",,S"," -205",",,S"," -175","H,,S"
"UPM00033356","1994-02-10","50.217","31.8","128.0","YAHOTYN, UP","    0",",,S",,,,,,,"  -76","H,,S"
"UPM00033356","1994-02-11","50.217","31.8","128.0","YAHOTYN, UP","   10",",,S","  119",",,S",,,,,"  -64","H,,S"
"UPM00033356","1994-02-12","50.217","31.8","128.0","YAHOTYN, UP","   10",",,S","  130",",,S",,,,," -225","H,,S"
"UPM00033356","1994-02-13","50.217","31.8","128.0","YAHOTYN, UP","    0",",,S","  119",",,S",,," -277",",,S"," -201","H,,S"
"UPM00033356","1994-02-14","50.217","31.8","128.0","YAHOTYN, UP","    0",",,S","  119",",,S","  -91",",,S"," -165",",,S"," -123","H,,S"
"UPM00033356","1994-02-15","50.217","31.8","128.0","YAHOTYN, UP","    0",",,S",,," -127",",,S",,," -156","H,,S"
"UPM00033356","1994-02-16","50.217","31.8","128.0","YAHOTYN, UP","    0",",,S","  109",",,S","  -58",",,S"," -209",",,S"," -122","H,,S"
"UPM00033356","1994-02-17","50.217","31.8","128.0","YAHOTYN, UP","    0",",,S","   99",",,S","  -47",",,S",,,"  -84","H,,S"
"UPM00033356","1994-02-18","50.217","31.8","128.0","YAHOTYN, UP","    0",",,S","   99",",,S","  -41",",,S"," -168",",,S","  -98","H,,S"
"UPM00033356","1994-02-19","50.217","31.8","128.0","YAHOTYN, UP","    0",",,S","   89",",,S","    2",",,S",,,"  -29","H,,S"
"UPM00033356","1994-02-20","50.217","31.8","128.0","YAHOTYN, UP","    0",",,S","   99",",,S","   -6",",,S","  -73",",,S","  -42","H,,S"
"UPM00033356","1994-02-21","50.217","31.8","128.0","YAHOTYN, UP","    0",",,S","   71",",,S",,,,,"  -59","H,,S"
"UPM00033356","1994-02-22","50.217","31.8","128.0","YAHOTYN, UP","    0",",,S","   71",",,S","  -39",",,S",,,"  -49","H,,S"
"UPM00033356","1994-02-23","50.217","31.8","128.0","YAHOTYN, UP","    0",",,S","   61",",,S",,,"  -51",",,S","  -41","H,,S"
"UPM00033356","1994-02-24","50.217","31.8","128.0","YAHOTYN, UP","    0",",,S","   61",",,S","   26",",,S",,,"    2","H,,S"
"UPM00033356","1994-02-25","50.217","31.8","128.0","YAHOTYN, UP","    5",",,S","   30",",,S","   20",",,S","   10",",,S","   13","H,,S"
"UPM00033356","1994-02-26","50.217","31.8","128.0","YAHOTYN, UP","    0",",,S","   20",",,S",,,,,"  -16","H,,S"
"UPM00033356","1994-02-27","50.217","31.8","128.0","YAHOTYN, UP","   10",",,S","   41",",,S",,,"  -66",",,S","  -32","H,,S"
"UPM00033356","1994-02-28","50.217","31.8","128.0","YAHOTYN, UP","    8",",,S","   30",",,S","   17",",,S","  -17",",,S","    5","H,,S"
"UPM00033356","1994-03-01","50.217","31.8","128.0","YAHOTYN, UP","    0",",,S","   20",",,S","   70",",,S",,,"   33","H,,S"
"UPM00033356","1994-03-02","50.217","31.8","128.0","YAHOTYN, UP","    0",",,S","   10",",,S",,,,,"  -23","H,,S"
"UPM00033356","1994-03-03","50.217","31.8","128.0","YAHOTYN, UP","  140",",,S","   89",",,S","  -27",",,S",,,"  -38","H,,S"
"UPM00033356","1994-03-04","50.217","31.8","128.0","YAHOTYN, UP","   30",",,S","  130",",,S","  -22",",,S","  -48",",,S","  -38","H,,S"
"UPM00033356","1994-03-05","50.217","31.8","128.0","YAHOTYN, UP","   41",",,S","  170",",,S",,,,,"  -57","H,,S"
"UPM00033356","1994-03-06","50.217","31.8","128.0","YAHOTYN, UP","    8",",,S",,,,,,,"  -69","H,,S"
"UPM00033356","1994-03-07","50.217","31.8","128.0","YAHOTYN, UP","    0",",,S","  140",",,S",,,,,"  -48","H,,S"
"UPM00033356","1994-03-08","50.217","31.8","128.0","YAHOTYN, UP","    0",",,S","  140",",,S",,,"  -83",",,S","  -36","H,,S"
"UPM00033356","1994-03-09","50.217","31.8","128.0","YAHOTYN, UP",,,"  119",",,S","   67",",,S","  -37",",,S","   21","H,,S"
"UPM00033356","1994-03-10","50.217","31.8","128.0","YAHOTYN, UP","    0",",,S","   79",",,S","   10",",,S","  -56",",,S","  -21","H,,S"
"UPM00033356","1994-03-11","50.217","31.8","128.0","YAHOTYN, UP","    0",",,S",,,"   52",",,S",,,"   18","H,,S"
"UPM00033356","1994-03-12","50.217","31.8","128.0","YAHOTYN, UP",,,"   51",",,S","   52",",,S","  -20",",,S","   22","H,,S"
"UPM00033356","1994-03-13","50.217","31.8","128.0","YAHOTYN, UP","    0",",,S","   30",",,S",,,"  -33",",,S","   -9","H,,S"
"UPM00033356","1994-03-14","50.217","31.8","128.0","YAHOTYN, UP","    0",",,S","   30",",,S",,,"  -12",",,S","    3","H,,S"
"UPM00033356","1994-03-15","50.217","31.8","128.0","YAHOTYN, UP","   41",",,S","   30",",,S","   63",",,S","  -12",",,S","   19","H,,S"
"UPM00033356","1994-03-16","50.217","31.8","128.0","YAHOTYN, UP","   30",",,S","   10",",,S","   27",",,S","  -10",",,S","    5","H,,S"
"UPM00033356","1994-03-17","50.217","31.8","128.0","YAHOTYN, UP","   61",",,S",,,"   55",",,S",,,"   19","H,,S"
"UPM00033356","1994-03-18","50.217","31.8","128.0","YAHOTYN, UP","    0",",,S","   10",",,S","   57",",,S",,,"   18","H,,S"
"UPM00033356","1994-03-19","50.217","31.8","128.0","YAHOTYN, UP","    0",",,S","   10",",,S","   78",",,S","  -10",",,S","   34","H,,S"
"UPM00033356","1994-03-20","50.217","31.8","128.0","YAHOTYN, UP","    0",",,S",,,,,,,"   43","H,,S"
"UPM00033356","1994-03-21","50.217","31.8","128.0","YAHOTYN, UP","   20",",,S",,,,,,,"    7","H,,S"
"UPM00033356","1994-03-22","50.217","31.8","128.0","YAHOTYN, UP","   20",",,S",,,"   40",",,S","  -31",",,S","   -3","H,,S"
"UPM00033356","1994-03-24","50.217","31.8","128.0","YAHOTYN, UP",,,,,,,,,"   47","H,,S"
"UPM00033356","1994-03-25","50.217","31.8","128.0","YAHOTYN, UP","   61",",,S",,,,,"   12",",,S","   57","H,,S"
"UPM00033356","1994-03-26","50.217","31.8","128.0","YAHOTYN, UP","    0",",,S",,,"  136",",,S","   22",",,S","   73","H,,S"
"UPM00033356","1994-03-27","50.217","31.8","128.0","YAHOTYN, UP","   41",",,S",,,,,,,"   34","H,,S"
"UPM00033356","1994-03-28","50.217","31.8","128.0","YAHOTYN, UP","    3",",,S",,,"   15",",,S","  -28",",,S","   -4","H,,S"
"UPM00033356","1994-03-29","50.217","31.8","128.0","YAHOTYN, UP","    0",",,S",,,,,"  -13",",,S","    4","H,,S"
"UPM00033356","1994-03-30","50.217","31.8","128.0","YAHOTYN, UP","    0",",,S",,,"   57",",,S","  -35",",,S","    6","H,,S"
"UPM00033356","1994-03-31","50.217","31.8","128.0","YAHOTYN, UP","    0",",,S",,,"  116",",,S","   25",",,S","   59","H,,S"
"UPM00033356","1994-04-01","50.217","31.8","128.0","YAHOTYN, UP","    5",",,S",,,,,"   27",",,S","   81","H,,S"
"UPM00033356","1994-04-02","50.217","31.8","128.0","YAHOTYN, UP","    0",",,S",,,,,"   50",",,S","   93","H,,S"
"UPM00033356","1994-04-03","50.217","31.8","128.0","YAHOTYN, UP","    0",",,S",,,"  112",",,S","   30",",,S","   71","H,,S"
"UPM00033356","1994-04-04","50.217","31.8","128.0","YAHOTYN, UP","   20",",,S",,,,,"   36",",,S","   82","H,,S"
"UPM00033356","1994-04-05","50.217","31.8","128.0","YAHOTYN, UP","    0",",,S",,,"  133",",,S","   36",",,S","   96","H,,S"
"UPM00033356","1994-04-06","50.217","31.8","128.0","YAHOTYN, UP",,,,,,,,,"  119","H,,S"
"UPM00033356","1994-04-07","50.217","31.8","128.0","YAHOTYN, UP","    0",",,S",,,"  171",",,S","   67",",,S","  124","H,,S"
"UPM00033356","1994-04-08","50.217","31.8","128.0","YAHOTYN, UP","    0",",,S",,,"  142",",,S",,,"  111","H,,S"
"UPM00033356","1994-04-09","50.217","31.8","128.0","YAHOTYN, UP","    0",",,S",,,"  102",",,S",,,"   68","H,,S"
"UPM00033356","1994-04-10","50.217","31.8","128.0","YAHOTYN, UP","    0",",,S",,,"  118",",,S","   10",",,S","   73","H,,S"
"UPM00033356","1994-04-11","50.217","31.8","128.0","YAHOTYN, UP","    5",",,S",,,,,"   74",",,S","   92","H,,S"
"UPM00033356","1994-04-13","50.217","31.8","128.0","YAHOTYN, UP","    0",",,S",,,"  235",",,S","   98",",,S","  148","H,,S"
"UPM00033356","1994-04-14","50.217","31.8","128.0","YAHOTYN, UP","   25","B,,S",,,,,"  106",",,S","  162","H,,S"
"UPM00033356","1994-04-15","50.217","31.8","128.0","YAHOTYN, UP",,,,,,,,,"  124","H,,S"
"UPM00033356","1994-04-16","50.217","31.8","128.0","YAHOTYN, UP",,,,,,,"   75",",,S","  129","H,,S"
"UPM00033356","1994-04-17","50.217","31.8","128.0","YAHOTYN, UP",,,,,"  228",",,S","   65",",,S","  155","H,,S"
"UPM00033356","1994-04-18","50.217","31.8","128.0","YAHOTYN, UP",,,,,"  229",",,S","  124",",,S","  171","H,,S"
"UPM00033356","1994-04-19","50.217","31.8","128.0","YAHOTYN, UP",,,,,,,"   40",",,S","   66","H,,S"
"UPM00033356","1994-04-20","50.217","31.8","128.0","YAHOTYN, UP",,,,,"  112",",,S",,,"   64","H,,S"
"UPM00033356","1994-04-21","50.217","31.8","128.0","YAHOTYN, UP",,,,,,,,,"  114","H,,S"
"UPM00033356","1994-04-22","50.217","31.8","128.0","YAHOTYN, UP",,,,,"   73",",,S",,,"   56","H,,S"
"UPM00033356","1994-04-23","50.217","31.8","128.0","YAHOTYN, UP",,,,,"   78",",,S",,,"   66","H,,S"
"UPM00033356","1994-04-24","50.217","31.8","128.0","YAHOTYN, UP",,,,,,,,,"   81","H,,S"
"UPM00033356","1994-04-25","50.217","31.8","128.0","YAHOTYN, UP","  109","B,,S",,,"  122",",,S",,,"   98","H,,S"
"UPM00033356","1994-04-26","50.217","31.8","128.0","YAHOTYN, UP",,,,,,,,,"  131","H,,S"
"UPM00033356","1994-04-27","50.217","31.8","128.0","YAHOTYN, UP","    0",",,S",,,"  184",",,S","  102",",,S","  128","H,,S"
"UPM00033356","1994-04-28","50.217","31.8","128.0","YAHOTYN, UP","    0","B,,S",,,"  197",",,S","   96",",,S","  147","H,,S"
"UPM00033356","1994-04-29","50.217","31.8","128.0","YAHOTYN, UP",,,,,"  209",",,S","   90",",,S","  146","H,,S"
"UPM00033356","1994-04-30","50.217","31.8","128.0","YAHOTYN, UP",,,,,,,"   53",",,S","  163","H,,S"
"UPM00033356","1994-05-01","50.217","31.8","128.0","YAHOTYN, UP",,,,,,,"   96",",,S","  174","H,,S"
"UPM00033356","1994-05-02","50.217","31.8","128.0","YAHOTYN, UP",,,,,,,,,"  110","H,,S"
"UPM00033356","1994-05-03","50.217","31.8","128.0","YAHOTYN, UP",,,,,,,,,"   43","H,,S"
"UPM00033356","1994-05-05","50.217","31.8","128.0","YAHOTYN, UP","   20","B,,S",,,"   62",",,S","   16",",,S","   43","H,,S"
"UPM00033356","1994-05-06","50.217","31.8","128.0","YAHOTYN, UP",,,,,,,"   40",",,S","   58","H,,S"
"UPM00033356","1994-05-07","50.217","31.8","128.0","YAHOTYN, UP",,,,,"  163",",,S",,,"  103","H,,S"
"UPM00033356","1994-05-08","50.217","31.8","128.0","YAHOTYN, UP",,,,,,,"   80",",,S","  129","H,,S"
"UPM00033356","1994-05-09","50.217","31.8","128.0","YAHOTYN, UP",,,,,,,,,"  118","H,,S"
"UPM00033356","1994-05-10","50.217","31.8","128.0","YAHOTYN, UP",,,,,,,,,"  106","H,,S"
"UPM00033356","1994-05-11","50.217","31.8","128.0","YAHOTYN, UP",,,,,,,"   48",",,S","  109","H,,S"
"UPM00033356","1994-05-12","50.217","31.8","128.0","YAHOTYN, UP",,,,,,,"   86",",,S","  131","H,,S"
"UPM00033356","1994-05-13","50.217","31.8","128.0","YAHOTYN, UP",,,,,,,"   55",",,S","  163","H,,S"
"UPM00033356","1994-05-15","50.217","31.8","128.0","YAHOTYN, UP",,,,,,,"   62",",,S","  146","H,,S"
"UPM00033356","1994-05-16","50.217","31.8","128.0","YAHOTYN, UP","   61","B,,S",,,"  216",",,S","  121",",,S","  162","H,,S"
"UPM00033356","1994-05-17","50.217","31.8","128.0","YAHOTYN, UP",,,,,,,,,"  186","H,,S"
"UPM00033356","1994-05-18","50.217","31.8","128.0","YAHOTYN, UP",,,,,"  296",",,S",,,"  222","H,,S"
"UPM00033356","1994-05-19","50.217","31.8","128.0","YAHOTYN, UP",,,,,,,"  154",",,S","  240","H,,S"
"UPM00033356","1994-05-20","50.217","31.8","128.0","YAHOTYN, UP",,,,,,,"  166",",,S","  218","H,,S"
"UPM00033356","1994-05-21","50.217","31.8","128.0","YAHOTYN, UP",,,,,,,"  130",",,S","  186","H,,S"
"UPM00033356","1994-05-22","50.217","31.8","128.0","YAHOTYN, UP","   10","B,,S",,,"  161",",,S",,,"  129","H,,S"
"UPM00033356","1994-05-23","50.217","31.8","128.0","YAHOTYN, UP","   30","B,,S",,,"  138",",,S","   70",",,S","  111","H,,S"
"UPM00033356","1994-05-24","50.217","31.8","128.0","YAHOTYN, UP",,,,,,,,,"  191","H,,S"
"UPM00033356","1994-05-25","50.217","31.8","128.0","YAHOTYN, UP",,,,,,,"  106",",,S","  163","H,,S"
"UPM00033356","1994-05-26","50.217","31.8","128.0","YAHOTYN, UP","    0",",,S",,,,,,,"  134","H,,S"
"UPM00033356","1994-05-27","50.217","31.8","128.0","YAHOTYN, UP",,,,,,,"  132",",,S","  166","H,,S"
"UPM00033356","1994-05-28","50.217","31.8","128.0","YAHOTYN, UP",,,,,"  146",",,S",,,"  118","H,,S"
"UPM00033356","1994-05-29","50.217","31.8","128.0","YAHOTYN, UP",,,,,"  170",",,S","   36",",,S","  129","H,,S"
"UPM00033356","1994-05-30","50.217","31.8","128.0","YAHOTYN, UP",,,,,,,,,"  106","H,,S"
"UPM00033356","1994-05-31","50.217","31.8","128.0","YAHOTYN, UP",,,,,,,,,"  113","H,,S"
"UPM00033356","1994-06-01","50.217","31.8","128.0","YAHOTYN, UP",,,,,,,"   65",",,S","   88","H,,S"
"UPM00033356","1994-06-02","50.217","31.8","128.0","YAHOTYN, UP","   30",",,S",,,,,"   77",",,S","  108","H,,S"
"UPM00033356","1994-06-03","50.217","31.8","128.0","YAHOTYN, UP","    0",",,S",,,,,"   65",",,S","  147","H,,S"
"UPM00033356","1994-06-04","50.217","31.8","128.0","YAHOTYN, UP",,,,,"  230",",,S","  126",",,S","  179","H,,S"
"UPM00033356","1994-06-05","50.217","31.8","128.0","YAHOTYN, UP",,,,,,,"  139",",,S","  186","H,,S"
"UPM00033356","1994-06-06","50.217","31.8","128.0","YAHOTYN, UP",,,,,,,"  150",",,S","  164","H,,S"
"UPM00033356","1994-06-07","50.217","31.8","128.0","YAHOTYN, UP",,,,,,,,,"  149","H,,S"
"UPM00033356","1994-06-08","50.217","31.8","128.0","YAHOTYN, UP",,,,,,,,,"  156","H,,S"
"UPM00033356","1994-06-09","50.217","31.8","128.0","YAHOTYN, UP",,,,,,,"  114",",,S","  174","H,,S"
"UPM00033356","1994-06-10","50.217","31.8","128.0","YAHOTYN, UP",,,,,,,"  145",",,S","  189","H,,S"
"UPM00033356","1994-06-11","50.217","31.8","128.0","YAHOTYN, UP",,,,,,,"  162",",,S","  181","H,,S"
"UPM00033356","1994-06-12","50.217","31.8","128.0","YAHOTYN, UP",,,,,"  165",",,S",,,"  159","H,,S"
"UPM00033356","1994-06-13","50.217","31.8","128.0","YAHOTYN, UP",,,,,,,,,"  174","H,,S"
"UPM00033356","1994-06-14","50.217","31.8","128.0","YAHOTYN, UP",,,,,,,"  124",",,S","  156","H,,S"
"UPM00033356","1994-06-15","50.217","31.8","128.0","YAHOTYN, UP",,,,,,,"  103",",,S","  156","H,,S"
"UPM00033356","1994-06-16","50.217","31.8","128.0","YAHOTYN, UP",,,,,,,"  123",",,S","  167","H,,S"
"UPM00033356","1994-06-17","50.217","31.8","128.0","YAHOTYN, UP",,,,,,,"  109",",,S","  143","H,,S"
"UPM00033356","1994-06-18","50.217","31.8","128.0","YAHOTYN, UP",,,,,,,,,"  119","H,,S"
"UPM00033356","1994-06-19","50.217","31.8","128.0","YAHOTYN, UP",,,,,,,"   60",",,S","  119","H,,S"
"UPM00033356","1994-06-20","50.217","31.8","128.0","YAHOTYN, UP",,,,,"  219",",,S",,,"  157","H,,S"
"UPM00033356","1994-06-22","50.217","31.8","128.0","YAHOTYN, UP",,,,,,,"  104",",,S","  162","H,,S"
"UPM00033356","1994-06-23","50.217","31.8","128.0","YAHOTYN, UP",,,,,,,"  141",",,S","  194","H,,S"
"UPM00033356","1994-06-24","50.217","31.8","128.0","YAHOTYN, UP",,,,,,,,,"  128","H,,S"
"UPM00033356","1994-06-25","50.217","31.8","128.0","YAHOTYN, UP",,,,,,,,,"  128","H,,S"
"UPM00033356","1994-06-26","50.217","31.8","128.0","YAHOTYN, UP",,,,,,,,,"  179","H,,S"
"UPM00033356","1994-06-27","50.217","31.8","128.0","YAHOTYN, UP",,,,,,,"  116",",,S","  198","H,,S"
"UPM00033356","1994-06-28","50.217","31.8","128.0","YAHOTYN, UP",,,,,,,"  186",",,S","  212","H,,S"
"UPM00033356","1994-06-29","50.217","31.8","128.0","YAHOTYN, UP",,,,,"  267",",,S","  146",",,S","  211","H,,S"
"UPM00033356","1994-07-01","50.217","31.8","128.0","YAHOTYN, UP",,,,,,,"  161",",,S","  197","H,,S"
"UPM00033356","1994-07-02","50.217","31.8","128.0","YAHOTYN, UP",,,,,,,"  148",",,S","  191","H,,S"
"UPM00033356","1994-07-03","50.217","31.8","128.0","YAHOTYN, UP",,,,,,,,,"  198","H,,S"
"UPM00033356","1994-07-04","50.217","31.8","128.0","YAHOTYN, UP",,,,,,,"  146",",,S","  206","H,,S"
"UPM00033356","1994-07-05","50.217","31.8","128.0","YAHOTYN, UP",,,,,,,"  135",",,S","  189","H,,S"
"UPM00033356","1994-07-06","50.217","31.8","128.0","YAHOTYN, UP",,,,,,,,,"  148","H,,S"
"UPM00033356","1994-07-07","50.217","31.8","128.0","YAHOTYN, UP",,,,,,,"  111",",,S","  162","H,,S"
"UPM00033356","1994-07-08","50.217","31.8","128.0","YAHOTYN, UP",,,,,,,"  116",",,S","  210","H,,S"
"UPM00033356","1994-07-09","50.217","31.8","128.0","YAHOTYN, UP",,,,,,,"  156",",,S","  183","H,,S"
"UPM00033356","1994-07-10","50.217","31.8","128.0","YAHOTYN, UP",,,,,,,,,"  163","H,,S"
"UPM00033356","1994-07-13","50.217","31.8","128.0","YAHOTYN, UP",,,,,,,"  151",",,S","  237","H,,S"
"UPM00033356","1994-07-14","50.217","31.8","128.0","YAHOTYN, UP",,,,,,,"  174",",,S","  222","H,,S"
"UPM00033356","1994-07-16","50.217","31.8","128.0","YAHOTYN, UP",,,,,,,,,"  257","H,,S"
"UPM00033356","1994-07-17","50.217","31.8","128.0","YAHOTYN, UP",,,,,,,,,"  258","H,,S"
"UPM00033356","1994-07-19","50.217","31.8","128.0","YAHOTYN, UP",,,,,,,,,"  189","H,,S"
"UPM00033356","1994-07-20","50.217","31.8","128.0","YAHOTYN, UP",,,,,,,"  140",",,S","  200","H,,S"
"UPM00033356","1994-07-23","50.217","31.8","128.0","YAHOTYN, UP",,,,,,,,,"  211","H,,S"
"UPM00033356","1994-07-24","50.217","31.8","128.0","YAHOTYN, UP",,,,,,,"  134",",,S","  211","H,,S"
"UPM00033356","1994-07-25","50.217","31.8","128.0","YAHOTYN, UP",,,,,"  252",",,S","  141",",,S","  198","H,,S"
"UPM00033356","1994-07-26","50.217","31.8","128.0","YAHOTYN, UP",,,,,,,"  131",",,S","  227","H,,S"
"UPM00033356","1994-07-28","50.217","31.8","128.0","YAHOTYN, UP",,,,,,,"  121",",,S","  237","H,,S"
"UPM00033356","1994-07-29","50.217","31.8","128.0","YAHOTYN, UP",,,,,,,"  144",",,S","  228","H,,S"
"UPM00033356","1994-07-30","50.217","31.8","128.0","YAHOTYN, UP",,,,,,,"  131",",,S","  222","H,,S"
"UPM00033356","1994-07-31","50.217","31.8","128.0","YAHOTYN, UP",,,,,,,"  136",",,S","  232","H,,S"
"UPM00033356","1994-08-01","50.217","31.8","128.0","YAHOTYN, UP",,,,,,,"  146",",,S","  221","H,,S"
"UPM00033356","1994-08-02","50.217","31.8","128.0","YAHOTYN, UP",,,,,,,,,"  247","H,,S"
"UPM00033356","1994-08-03","50.217","31.8","128.0","YAHOTYN, UP",,,,,"  265",",,S",,,"  210","H,,S"
"UPM00033356","1994-08-04","50.217","31.8","128.0","YAHOTYN, UP",,,,,,,,,"  213","H,,S"
"UPM00033356","1994-08-05","50.217","31.8","128.0","YAHOTYN, UP",,,,,,,"  122",",,S","  208","H,,S"
"UPM00033356","1994-08-06","50.217","31.8","128.0","YAHOTYN, UP",,,,,,,"  118",",,S","  259","H,,S"
"UPM00033356","1994-08-07","50.217","31.8","128.0","YAHOTYN, UP",,,,,,,,,"  281","H,,S"
"UPM00033356","1994-08-08","50.217","31.8","128.0","YAHOTYN, UP",,,,,,,"  164",",,S","  255","H,,S"
"UPM00033356","1994-08-09","50.217","31.8","128.0","YAHOTYN, UP",,,,,"  329",",,S","  164",",,S","  264","H,,S"
"UPM00033356","1994-08-10","50.217","31.8","128.0","YAHOTYN, UP",,,,,,,"  178",",,S","  235","H,,S"
"UPM00033356","1994-08-11","50.217","31.8","128.0","YAHOTYN, UP",,,,,"  274",",,S","  150",",,S","  216","H,,S"
"UPM00033356","1994-08-12","50.217","31.8","128.0","YAHOTYN, UP","    5","B,,S",,,"  242",",,S",,,"  200","H,,S"
"UPM00033356","1994-08-13","50.217","31.8","128.0","YAHOTYN, UP",,,,,,,"  142",",,S","  183","H,,S"
"UPM00033356","1994-08-14","50.217","31.8","128.0","YAHOTYN, UP"," 1011",",,S",,,"  246",",,S",,,"  181","H,,S"
"UPM00033356","1994-08-15","50.217","31.8","128.0","YAHOTYN, UP","    0",",,S",,,,,"   88",",,S","  157","H,,S"
"UPM00033356","1994-08-16","50.217","31.8","128.0","YAHOTYN, UP",,,,,,,"   84",",,S","  139","H,,S"
"UPM00033356","1994-08-17","50.217","31.8","128.0","YAHOTYN, UP",,,,,"  242",",,S","   93",",,S","  169","H,,S"
"UPM00033356","1994-08-18","50.217","31.8","128.0","YAHOTYN, UP","   10",",,S",,,,,,,"  191","H,,S"
"UPM00033356","1994-08-19","50.217","31.8","128.0","YAHOTYN, UP","    0",",,S",,,,,"  156",",,S","  184","H,,S"
"UPM00033356","1994-08-20","50.217","31.8","128.0","YAHOTYN, UP",,,,,,,"   99",",,S","  172","H,,S"
"UPM00033356","1994-08-21","50.217","31.8","128.0","YAHOTYN, UP",,,,,,,"  106",",,S","  147","H,,S"
"UPM00033356","1994-08-22","50.217","31.8","128.0","YAHOTYN, UP",,,,,,,"  105",",,S","  141","H,,S"
"UPM00033356","1994-08-23","50.217","31.8","128.0","YAHOTYN, UP",,,,,,,"   90",",,S","  164","H,,S"
"UPM00033356","1994-08-24","50.217","31.8","128.0","YAHOTYN, UP",,,,,,,"  133",",,S","  163","H,,S"
"UPM00033356","1994-08-25","50.217","31.8","128.0","YAHOTYN, UP",,,,,,,,,"  168","H,,S"
"UPM00033356","1994-08-26","50.217","31.8","128.0","YAHOTYN, UP",,,,,,,"   98",",,S","  173","H,,S"
"UPM00033356","1994-08-27","50.217","31.8","128.0","YAHOTYN, UP",,,,,,,"  136",",,S","  155","H,,S"
"UPM00033356","1994-08-28","50.217","31.8","128.0","YAHOTYN, UP",,,,,,,,,"  168","H,,S"
"UPM00033356","1994-08-29","50.217","31.8","128.0","YAHOTYN, UP",,,,,"  215",",,S","  131",",,S","  173","H,,S"
"UPM00033356","1994-08-30","50.217","31.8","128.0","YAHOTYN, UP",,,,,,,"  130",",,S","  160","H,,S"
"UPM00033356","1994-09-01","50.217","31.8","128.0","YAHOTYN, UP",,,,,,,,,"  159","H,,S"
"UPM00033356","1994-09-02","50.217","31.8","128.0","YAHOTYN, UP",,,,,,,"  111",",,S","  154","H,,S"
"UPM00033356","1994-09-03","50.217","31.8","128.0","YAHOTYN, UP",,,,,,,,,"  161","H,,S"
"UPM00033356","1994-09-04","50.217","31.8","128.0","YAHOTYN, UP",,,,,,,"  103",",,S","  166","H,,S"
"UPM00033356","1994-09-05","50.217","31.8","128.0","YAHOTYN, UP",,,,,,,"   86",",,S","  164","H,,S"
"UPM00033356","1994-09-06","50.217","31.8","128.0","YAHOTYN, UP",,,,,,,"   86",",,S","  164","H,,S"
"UPM00033356","1994-09-07","50.217","31.8","128.0","YAHOTYN, UP",,,,,,,"  130",",,S","  173","H,,S"
"UPM00033356","1994-09-08","50.217","31.8","128.0","YAHOTYN, UP",,,,,,,"  141",",,S","  205","H,,S"
"UPM00033356","1994-09-09","50.217","31.8","128.0","YAHOTYN, UP",,,,,,,"  151",",,S","  211","H,,S"
"UPM00033356","1994-09-10","50.217","31.8","128.0","YAHOTYN, UP",,,,,"  299",",,S","  141",",,S","  224","H,,S"
"UPM00033356","1994-09-11","50.217","31.8","128.0","YAHOTYN, UP",,,,,,,,,"  161","H,,S"
"UPM00033356","1994-09-12","50.217","31.8","128.0","YAHOTYN, UP",,,,,,,"  114",",,S","  169","H,,S"
"UPM00033356","1994-09-13","50.217","31.8","128.0","YAHOTYN, UP",,,,,,,"  143",",,S","  207","H,,S"
"UPM00033356","1994-09-14","50.217","31.8","128.0","YAHOTYN, UP",,,,,"  290",",,S","  136",",,S","  219","H,,S"
"UPM00033356","1994-09-15","50.217","31.8","128.0","YAHOTYN, UP",,,,,,,"  146",",,S","  204","H,,S"
"UPM00033356","1994-09-16","50.217","31.8","128.0","YAHOTYN, UP",,,,,"  283",",,S","  168",",,S","  216","H,,S"
"UPM00033356","1994-09-17","50.217","31.8","128.0","YAHOTYN, UP",,,,,,,"  114",",,S","  176","H,,S"
"UPM00033356","1994-09-18","50.217","31.8","128.0","YAHOTYN, UP",,,,,"  292",",,S","  129",",,S","  204","H,,S"
"UPM00033356","1994-09-19","50.217","31.8","128.0","YAHOTYN, UP",,,,,,,"  130",",,S","  191","H,,S"
"UPM00033356","1994-09-20","50.217","31.8","128.0","YAHOTYN, UP",,,,,,,"  140",",,S","  216","H,,S"
"UPM00033356","1994-09-21","50.217","31.8","128.0","YAHOTYN, UP",,,,,,,,,"  216","H,,S"
"UPM00033356","1994-09-22","50.217","31.8","128.0","YAHOTYN, UP",,,,,,,,,"  172","H,,S"
"UPM00033356","1994-09-23","50.217","31.8","128.0","YAHOTYN, UP",,,,,,,"  101",",,S","  161","H,,S"
"UPM00033356","1994-09-24","50.217","31.8","128.0","YAHOTYN, UP","    0",",,S",,,,,"  126",",,S","  151","H,,S"
"UPM00033356","1994-09-25","50.217","31.8","128.0","YAHOTYN, UP",,,,,"  194",",,S","   88",",,S","  142","H,,S"
"UPM00033356","1994-09-26","50.217","31.8","128.0","YAHOTYN, UP",,,,,"  242",",,S","  103",",,S","  159","H,,S"
"UPM00033356","1994-09-27","50.217","31.8","128.0","YAHOTYN, UP",,,,,"  247",",,S","   94",",,S","  149","H,,S"
"UPM00033356","1994-09-28","50.217","31.8","128.0","YAHOTYN, UP",,,,,"  213",",,S",,,"  173","H,,S"
"UPM00033356","1994-09-29","50.217","31.8","128.0","YAHOTYN, UP",,,,,,,"   80",",,S","  128","H,,S"
"UPM00033356","1994-09-30","50.217","31.8","128.0","YAHOTYN, UP",,,,,,,"   91",",,S","  129","H,,S"
"UPM00033356","1994-10-01","50.217","31.8","128.0","YAHOTYN, UP",,,,,"  216",",,S","  111",",,S","  161","H,,S"
"UPM00033356","1994-10-02","50.217","31.8","128.0","YAHOTYN, UP",,,,,,,,,"  106","H,,S"
"UPM00033356","1994-10-03","50.217","31.8","128.0","YAHOTYN, UP",,,,,"  189",",,S","   60",",,S","  139","H,,S"
"UPM00033356","1994-10-04","50.217","31.8","128.0","YAHOTYN, UP",,,,,,,,,"  211","H,,S"
"UPM00033356","1994-10-05","50.217","31.8","128.0","YAHOTYN, UP",,,,,,,,,"   91","H,,S"
"UPM00033356","1994-10-06","50.217","31.8","128.0","YAHOTYN, UP",,,,,"  103",",,S","   16",",,S","   64","H,,S"
"UPM00033356","1994-10-07","50.217","31.8","128.0","YAHOTYN, UP",,,,,"  123",",,S","   45",",,S","   81","H,,S"
"UPM00033356","1994-10-08","50.217","31.8","128.0","YAHOTYN, UP",,,,,"  216",",,S","   76",",,S","  133","H,,S"
"UPM00033356","1994-10-09","50.217","31.8","128.0","YAHOTYN, UP",,,,,"  220",",,S","   96",",,S","  152","H,,S"
"UPM00033356","1994-10-10","50.217","31.8","128.0","YAHOTYN, UP",,,,,,,,,"   99","H,,S"
"UPM00033356","1994-10-11","50.217","31.8","128.0","YAHOTYN, UP","   15","B,,S",,,"   98",",,S",,,"   74","H,,S"
"UPM00033356","1994-10-12","50.217","31.8","128.0","YAHOTYN, UP",,,,,,,,,"   66","H,,S"
"UPM00033356","1994-10-13","50.217","31.8","128.0","YAHOTYN, UP",,,,,,,"   20",",,S","   72","H,,S"
"UPM00033356","1994-10-14","50.217","31.8","128.0","YAHOTYN, UP",,,,,,,"   40",",,S","   74","H,,S"
"UPM00033356","1994-10-15","50.217","31.8","128.0","YAHOTYN, UP",,,,,"  119",",,S",,,"   77","H,,S"
"UPM00033356","1994-10-16","50.217","31.8","128.0","YAHOTYN, UP",,,,,,,,,"   97","H,,S"
"UPM00033356","1994-10-17","50.217","31.8","128.0","YAHOTYN, UP",,,,,,,,,"   71","H,,S"
"UPM00033356","1994-10-18","50.217","31.8","128.0","YAHOTYN, UP",,,,,"   39",",,S","  -18",",,S","   -6","H,,S"
"UPM00033356","1994-10-19","50.217","31.8","128.0","YAHOTYN, UP",,,,,,,,,"    8","H,,S"
"UPM00033356","1994-10-20","50.217","31.8","128.0","YAHOTYN, UP",,,,,,,"  -23",",,S","    6","H,,S"
"UPM00033356","1994-10-21","50.217","31.8","128.0","YAHOTYN, UP",,,,,,,"  -62",",,S","  -10","H,,S"
"UPM00033356","1994-10-22","50.217","31.8","128.0","YAHOTYN, UP",,,,,,,"  -58",",,S","    0","H,,S"
"UPM00033356","1994-10-23","50.217","31.8","128.0","YAHOTYN, UP",,,,,,,"  -28",",,S","   29","H,,S"
"UPM00033356","1994-10-24","50.217","31.8","128.0","YAHOTYN, UP",,,,,,,,,"   28","H,,S"
"UPM00033356","1994-10-25","50.217","31.8","128.0","YAHOTYN, UP","   20","B,,S",,,"  100",",,S","   62",",,S","   90","H,,S"
"UPM00033356","1994-10-26","50.217","31.8","128.0","YAHOTYN, UP","   30","B,,S",,,"  222",",,S",,,"  103","H,,S"
"UPM00033356","1994-10-27","50.217","31.8","128.0","YAHOTYN, UP",,,,,"  132",",,S","    6",",,S","   79","H,,S"
"UPM00033356","1994-10-28","50.217","31.8","128.0","YAHOTYN, UP",,,,,"  122",",,S",,,"   82","H,,S"
"UPM00033356","1994-10-29","50.217","31.8","128.0","YAHOTYN, UP",,,,,,,"   30",",,S","  101","H,,S"
"UPM00033356","1994-10-30","50.217","31.8","128.0","YAHOTYN, UP",,,,,,,,,"   73","H,,S"
"UPM00033356","1994-10-31","50.217","31.8","128.0","YAHOTYN, UP","   10","B,,S",,,"  120",",,S","   25",",,S","   94","H,,S"
"UPM00033356","1994-11-01","50.217","31.8","128.0","YAHOTYN, UP",,,,,"  186",",,S",,,"  124","H,,S"
"UPM00033356","1994-11-02","50.217","31.8","128.0","YAHOTYN, UP",,,,,,,,,"   95","H,,S"
"UPM00033356","1994-11-03","50.217","31.8","128.0","YAHOTYN, UP",,,,,"   92",",,S","   20",",,S","   61","H,,S"
"UPM00033356","1994-11-04","50.217","31.8","128.0","YAHOTYN, UP",,,,,,,,,"   11","H,,S"
"UPM00033356","1994-11-05","50.217","31.8","128.0","YAHOTYN, UP","    0",",,S",,,"  -29",",,S","  -84",",,S","  -62","H,,S"
"UPM00033356","1994-11-06","50.217","31.8","128.0","YAHOTYN, UP",,,,,"    6",",,S",,,"  -43","H,,S"
"UPM00033356","1994-11-07","50.217","31.8","128.0","YAHOTYN, UP",,,,,"   25",",,S",,,"  -28","H,,S"
"UPM00033356","1994-11-08","50.217","31.8","128.0","YAHOTYN, UP",,,,,,,,,"   17","H,,S"
"UPM00033356","1994-11-09","50.217","31.8","128.0","YAHOTYN, UP",,,,,,,,,"   34","H,,S"
"UPM00033356","1994-11-10","50.217","31.8","128.0","YAHOTYN, UP",,,,,"   60",",,S","   38",",,S","   49","H,,S"
"UPM00033356","1994-11-11","50.217","31.8","128.0","YAHOTYN, UP","   41","B,,S",,,"   48",",,S",,,"   21","H,,S"
"UPM00033356","1994-11-12","50.217","31.8","128.0","YAHOTYN, UP",,,"   20",",,S",,,,,"  -62","H,,S"
"UPM00033356","1994-11-13","50.217","31.8","128.0","YAHOTYN, UP",,,"   20",",,S",,,,,"  -91","H,,S"
"UPM00033356","1994-11-14","50.217","31.8","128.0","YAHOTYN, UP",,,"   20",",,S","  -51",",,S"," -139",",,S"," -114","H,,S"
"UPM00033356","1994-11-15","50.217","31.8","128.0","YAHOTYN, UP",,,"   20",",,S",,," -133",",,S","  -56","H,,S"
"UPM00033356","1994-11-16","50.217","31.8","128.0","YAHOTYN, UP",,,"   10",",,S","   42",",,S","  -12",",,S","   26","H,,S"
"UPM00033356","1994-11-17","50.217","31.8","128.0","YAHOTYN, UP",,,,,,,"   15",",,S","   32","H,,S"
"UPM00033356","1994-11-18","50.217","31.8","128.0","YAHOTYN, UP",,,,,"   52",",,S","   -6",",,S","   23","H,,S"
"UPM00033356","1994-11-19","50.217","31.8","128.0","YAHOTYN, UP","   10","B,,S",,,"   42",",,S","   26",",,S","   30","H,,S"
"UPM00033356","1994-11-20","50.217","31.8","128.0","YAHOTYN, UP","   15","B,,S",,,,,"   12",",,S","   21","H,,S"
"UPM00033356","1994-11-21","50.217","31.8","128.0","YAHOTYN, UP",,,,,"   36",",,S",,,"   24","H,,S"
"UPM00033356","1994-11-22","50.217","31.8","128.0","YAHOTYN, UP",,,,,,,,,"   38","H,,S"
"UPM00033356","1994-11-23","50.217","31.8","128.0","YAHOTYN, UP",,,,,,,"   -1",",,S","   26","H,,S"
"UPM00033356","1994-11-24","50.217","31.8","128.0","YAHOTYN, UP",,,,,"   74",",,S",,,"   39","H,,S"
"UPM00033356","1994-11-25","50.217","31.8","128.0","YAHOTYN, UP",,,,,"   58",",,S",,,"   34","H,,S"
"UPM00033356","1994-11-26","50.217","31.8","128.0","YAHOTYN, UP",,,,,,,,,"  -18","H,,S"
"UPM00033356","1994-11-27","50.217","31.8","128.0","YAHOTYN, UP",,,,,,,,,"  -73","H,,S"
"UPM00033356","1994-11-28","50.217","31.8","128.0","YAHOTYN, UP",,,,,,," -124",",,S","  -60","H,,S"
"UPM00033356","1994-11-29","50.217","31.8","128.0","YAHOTYN, UP","   25","B,,S",,,"   43",",,S","  -14",",,S","   18","H,,S"
"UPM00033356","1994-11-30","50.217","31.8","128.0","YAHOTYN, UP","   25","B,,S","   20",",,S","   13",",,S","   -4",",,S","    2","H,,S"
"UPM00033356","1994-12-01","50.217","31.8","128.0","YAHOTYN, UP",,,,,"  -11",",,S",,,"  -37","H,,S"
"UPM00033356","1994-12-02","50.217","31.8","128.0","YAHOTYN, UP","    5","B,,S",,,,,"  -77",",,S","  -38","H,,S"
"UPM00033356","1994-12-03","50.217","31.8","128.0","YAHOTYN, UP",,,,,"   22",",,S","  -14",",,S","    9","H,,S"
"UPM00033356","1994-12-04","50.217","31.8","128.0","YAHOTYN, UP",,,,,"    2",",,S",,,"  -19","H,,S"
"UPM00033356","1994-12-05","50.217","31.8","128.0","YAHOTYN, UP",,,,,,,"  -93",",,S","  -64","H,,S"
"UPM00033356","1994-12-08","50.217","31.8","128.0","YAHOTYN, UP",,,"   10",",,S","   23",",,S","    8",",,S","   13","H,,S"
"UPM00033356","1994-12-09","50.217","31.8","128.0","YAHOTYN, UP",,,,,,,,,"  -24","H,,S"
"UPM00033356","1994-12-10","50.217","31.8","128.0","YAHOTYN, UP",,,,,"  -29",",,S","  -48",",,S","  -41","H,,S"
"UPM00033356","1994-12-11","50.217","31.8","128.0","YAHOTYN, UP",,,,,"  -46",",,S",,,"  -49","H,,S"
"UPM00033356","1994-12-12","50.217","31.8","128.0","YAHOTYN, UP",,,"   30",",,S","   18",",,S","  -49",",,S","  -19","H,,S"
"UPM00033356","1994-12-13","50.217","31.8","128.0","YAHOTYN, UP",,,,,,,,,"   38","H,,S"
"UPM00033356","1994-12-14","50.217","31.8","128.0","YAHOTYN, UP",,,,,"   22",",,S","   -7",",,S","    8","H,,S"
"UPM00033356","1994-12-15","50.217","31.8","128.0","YAHOTYN, UP","   10","B,,S",,,,,,,"  -14","H,,S"
"UPM00033356","1994-12-16","50.217","31.8","128.0","YAHOTYN, UP",,,"   10",",,S",,,,,"  -17","H,,S"
"UPM00033356","1994-12-17","50.217","31.8","128.0","YAHOTYN, UP","   10",",,S","   10",",,S",,,"  -48",",,S","  -36","H,,S"
"UPM00033356","1994-12-18","50.217","31.8","128.0","YAHOTYN, UP","    0",",,S","   20",",,S",,,,," -121","H,,S"
"UPM00033356","1994-12-19","50.217","31.8","128.0","YAHOTYN, UP",,,"   20",",,S"," -154",",,S"," -206",",,S"," -186","H,,S"
"UPM00033356","1994-12-20","50.217","31.8","128.0","YAHOTYN, UP",,,,," -140",",,S",,," -171","H,,S"
"UPM00033356","1994-12-21","50.217","31.8","128.0","YAHOTYN, UP",,,"   20",",,S",,," -164",",,S"," -131","H,,S"
"UPM00033356","1994-12-22","50.217","31.8","128.0","YAHOTYN, UP",,,"   20",",,S",,," -110",",,S","  -79","H,,S"
"UPM00033356","1994-12-29","50.217","31.8","128.0","YAHOTYN, UP",,,"   10",",,S",,,"  -25",",,S","    6","H,,S"
"UPM00033356","1994-12-30","50.217","31.8","128.0","YAHOTYN, UP",,,,,"   44",",,S","    7",",,S","   21","H,,S"
"UPM00033356","1994-12-31","50.217","31.8","128.0","YAHOTYN, UP","   41","B,,S",,,,,,,"   21","H,,S"
"UPM00033356","1995-01-01","50.217","31.8","128.0","YAHOTYN, UP",,,"   41",",,S",,,"    2",",,S","   11","H,,S"
"UPM00033356","1995-01-02","50.217","31.8","128.0","YAHOTYN, UP",,,,,,,,,"   -4","H,,S"
"UPM00033356","1995-01-03","50.217","31.8","128.0","YAHOTYN, UP",,,"   10",",,S","    4",",,S","  -43",",,S","  -11","H,,S"
"UPM00033356","1995-01-04","50.217","31.8","128.0","YAHOTYN, UP",,,"   10",",,S",,,,,"  -22","H,,S"
"UPM00033356","1995-01-05","50.217","31.8","128.0","YAHOTYN, UP",,,"   10",",,S",,," -104",",,S","  -66","H,,S"
"UPM00033356","1995-01-06","50.217","31.8","128.0","YAHOTYN, UP",,,"   10",",,S","  -41",",,S",,,"  -56","H,,S"
"UPM00033356","1995-01-07","50.217","31.8","128.0","YAHOTYN, UP",,,"   10",",,S","  -28",",,S","  -52",",,S","  -39","H,,S"
"UPM00033356","1995-01-08","50.217","31.8","128.0","YAHOTYN, UP",,,"   10",",,S",,,,,"  -50","H,,S"
"UPM00033356","1995-01-09","50.217","31.8","128.0","YAHOTYN, UP",,,"   10",",,S",,,"  -90",",,S","  -65","H,,S"
"UPM00033356","1995-01-10","50.217","31.8","128.0","YAHOTYN, UP","    0","B,,S","   10",",,S","  -15",",,S","  -48",",,S","  -27","H,,S"
"UPM00033356","1995-01-11","50.217","31.8","128.0","YAHOTYN, UP","   51","B,,S","   30",",,S","  -13",",,S","  -31",",,S","  -26","H,,S"
"UPM00033356","1995-01-12","50.217","31.8","128.0","YAHOTYN, UP",,,"   79",",,S",,,,,"  -38","H,,S"
"UPM00033356","1995-01-13","50.217","31.8","128.0","YAHOTYN, UP",,,,,"  -41",",,S",,,"  -49","H,,S"
"UPM00033356","1995-01-14","50.217","31.8","128.0","YAHOTYN, UP",,,"   79",",,S",,,,,"  -56","H,,S"
"UPM00033356","1995-01-15","50.217","31.8","128.0","YAHOTYN, UP","    5","B,,S","   89",",,S","  -52",",,S",,,"  -58","H,,S"
"UPM00033356","1995-01-16","50.217","31.8","128.0","YAHOTYN, UP","    0","B,,S","   89",",,S","    6",",,S","  -70",",,S","  -24","H,,S"
"UPM00033356","1995-01-17","50.217","31.8","128.0","YAHOTYN, UP",,,"   89",",,S",,,,,"  -53","H,,S"
"UPM00033356","1995-01-18","50.217","31.8","128.0","YAHOTYN, UP",,,"   89",",,S",,,,," -124","H,,S"
"UPM00033356","1995-01-19","50.217","31.8","128.0","YAHOTYN, UP","    0","B,,S","   89",",,S","  -58",",,S"," -158",",,S"," -107","H,,S"
"UPM00033356","1995-01-20","50.217","31.8","128.0","YAHOTYN, UP",,,"   89",",,S"," -105",",,S"," -178",",,S"," -148","H,,S"
"UPM00033356","1995-01-21","50.217","31.8","128.0","YAHOTYN, UP",,,"   79",",,S","  -72",",,S"," -198",",,S"," -151","H,,S"
"UPM00033356","1995-01-22","50.217","31.8","128.0","YAHOTYN, UP",,,"   79",",,S"," -124",",,S"," -184",",,S"," -163","H,,S"
"UPM00033356","1995-01-23","50.217","31.8","128.0","YAHOTYN, UP",,,"   79",",,S",,,,,"  -99","H,,S"
"UPM00033356","1995-01-24","50.217","31.8","128.0","YAHOTYN, UP","   71","B,,S","   71",",,S","   10",",,S","  -14",",,S","    2","H,,S"
"UPM00033356","1995-01-25","50.217","31.8","128.0","YAHOTYN, UP",,,"   71",",,S","   32",",,S",,,"    3","H,,S"
"UPM00033356","1995-01-26","50.217","31.8","128.0","YAHOTYN, UP",,,"   61",",,S","   17",",,S","  -64",",,S","  -16","H,,S"
"UPM00033356","1995-01-27","50.217","31.8","128.0","YAHOTYN, UP",,,,,"   39",",,S",,,"   20","H,,S"
"UPM00033356","1995-01-28","50.217","31.8","128.0","YAHOTYN, UP",,,"   61",",,S","   17",",,S",,,"  -10","H,,S"
"UPM00033356","1995-01-29","50.217","31.8","128.0","YAHOTYN, UP",,,"   51",",,S","   14",",,S","  -60",",,S","   -9","H,,S"
"UPM00033356","1995-01-30","50.217","31.8","128.0","YAHOTYN, UP",,,"   41",",,S","   26",",,S","  -20",",,S","    0","H,,S"
"UPM00033356","1995-01-31","50.217","31.8","128.0","YAHOTYN, UP",,,,,"   16",",,S",,,"    6","H,,S"
"UPM00033356","1995-02-01","50.217","31.8","128.0","YAHOTYN, UP",,,"   30",",,S",,,,,"  -52","H,,S"
"UPM00033356","1995-02-02","50.217","31.8","128.0","YAHOTYN, UP",,,"   30",",,S","   28",",,S","  -83",",,S","   -6","H,,S"
"UPM00033356","1995-02-04","50.217","31.8","128.0","YAHOTYN, UP",,,"   41",",,S","   21",",,S","  -63",",,S","  -26","H,,S"
"UPM00033356","1995-02-05","50.217","31.8","128.0","YAHOTYN, UP","   30","B,,S","   41",",,S",,,"  -23",",,S","  -11","H,,S"
"UPM00033356","1995-02-06","50.217","31.8","128.0","YAHOTYN, UP",,,"   51",",,S",,,"   -2",",,S","   11","H,,S"
"UPM00033356","1995-02-07","50.217","31.8","128.0","YAHOTYN, UP",,,"   51",",,S",,,"   -2",",,S","   19","H,,S"
"UPM00033356","1995-02-08","50.217","31.8","128.0","YAHOTYN, UP",,,"   30",",,S",,,,,"   28","H,,S"
"UPM00033356","1995-02-09","50.217","31.8","128.0","YAHOTYN, UP","    5","B,,S","   10",",,S",,,,,"   10","H,,S"
"UPM00033356","1995-02-10","50.217","31.8","128.0","YAHOTYN, UP",,,"   10",",,S","   -9",",,S",,,"  -25","H,,S"
"UPM00033356","1995-02-11","50.217","31.8","128.0","YAHOTYN, UP",,,"   10",",,S","    5",",,S","  -68",",,S","  -26","H,,S"
"UPM00033356","1995-02-12","50.217","31.8","128.0","YAHOTYN, UP",,,,,,,"    3",",,S","   28","H,,S"
"UPM00033356","1995-02-13","50.217","31.8","128.0","YAHOTYN, UP",,,"   10",",,S","   97",",,S",,,"   37","H,,S"
"UPM00033356","1995-02-14","50.217","31.8","128.0","YAHOTYN, UP",,,"   10",",,S","   32",",,S",,,"   18","H,,S"
"UPM00033356","1995-02-15","50.217","31.8","128.0","YAHOTYN, UP",,,"   10",",,S",,,"    0",",,S","   12","H,,S"
"UPM00033356","1995-02-16","50.217","31.8","128.0","YAHOTYN, UP",,,,,"   20",",,S","    2",",,S","   11","H,,S"
"UPM00033356","1995-02-18","50.217","31.8","128.0","YAHOTYN, UP",,,,,"   50",",,S",,,"   35","H,,S"
"UPM00033356","1995-02-19","50.217","31.8","128.0","YAHOTYN, UP",,,,,"   47",",,S",,,"   29","H,,S"
"UPM00033356","1995-02-20","50.217","31.8","128.0","YAHOTYN, UP",,,,,,,"   -5",",,S","   22","H,,S"
"UPM00033356","1995-02-21","50.217","31.8","128.0","YAHOTYN, UP","   51","B,,S",,,"   30",",,S",,,"   24","H,,S"
"UPM00033356","1995-02-22","50.217","31.8","128.0","YAHOTYN, UP",,,,,"   75",",,S","  -18",",,S","   13","H,,S"
"UPM00033356","1995-02-23","50.217","31.8","128.0","YAHOTYN, UP",,,,,"   87",",,S","  -14",",,S","   16","H,,S"
"UPM00033356","1995-02-24","50.217","31.8","128.0","YAHOTYN, UP",,,,,"   72",",,S","   -6",",,S","   34","H,,S"
"UPM00033356","1995-02-25","50.217","31.8","128.0","YAHOTYN, UP","   61","B,,S",,,,,"   35",",,S","   53","H,,S"
"UPM00033356","1995-02-26","50.217","31.8","128.0","YAHOTYN, UP","   64","B,,S",,,,,"   38",",,S","   63","H,,S"
"UPM00033356","1995-02-27","50.217","31.8","128.0","YAHOTYN, UP","   99","B,,S",,,"   62",",,S",,,"   32","H,,S"
"UPM00033356","1995-02-28","50.217","31.8","128.0","YAHOTYN, UP",,,,,,,"  -12",",,S","   11","H,,S"
"UPM00033356","1995-03-01","50.217","31.8","128.0","YAHOTYN, UP",,,,,,,"    4",",,S","   62","H,,S"
"UPM00033356","1995-03-02","50.217","31.8","128.0","YAHOTYN, UP",,,,,"  118",",,S","   20",",,S","   62","H,,S"
"UPM00033356","1995-03-03","50.217","31.8","128.0","YAHOTYN, UP",,,,,,,"   15",",,S","   61","H,,S"
"UPM00033356","1995-03-04","50.217","31.8","128.0","YAHOTYN, UP",,,,,"  157",",,S","   20",",,S","   92","H,,S"
"UPM00033356","1995-03-05","50.217","31.8","128.0","YAHOTYN, UP",,,,,"  130",",,S","   54",",,S","   88","H,,S"
"UPM00033356","1995-03-06","50.217","31.8","128.0","YAHOTYN, UP",,,,,"  163",",,S","   44",",,S","   86","H,,S"
"UPM00033356","1995-03-07","50.217","31.8","128.0","YAHOTYN, UP",,,,,,,"   60",",,S","  103","H,,S"
"UPM00033356","1995-03-08","50.217","31.8","128.0","YAHOTYN, UP",,,,,,,"   20",",,S","   69","H,,S"
"UPM00033356","1995-03-09","50.217","31.8","128.0","YAHOTYN, UP",,,,,"   90",",,S","   50",",,S","   64","H,,S"
"UPM00033356","1995-03-10","50.217","31.8","128.0","YAHOTYN, UP","  150","B,,S",,,,,"   40",",,S","   51","H,,S"
"UPM00033356","1995-03-11","50.217","31.8","128.0","YAHOTYN, UP","   89","B,,S",,,,,,,"   58","H,,S"
"UPM00033356","1995-03-12","50.217","31.8","128.0","YAHOTYN, UP","   30","B,,S",,,,,,,"  -16","H,,S"
"UPM00033356","1995-03-13","50.217","31.8","128.0","YAHOTYN, UP","   10","B,,S","   10",",,S",,,"  -95",",,S","  -82","H,,S"
"UPM00033356","1995-03-14","50.217","31.8","128.0","YAHOTYN, UP","   10","B,,S","   30",",,S",,,"  -88",",,S","  -43","H,,S"
"UPM00033356","1995-03-15","50.217","31.8","128.0","YAHOTYN, UP",,,"   30",",,S",,,"  -33",",,S","  -18","H,,S"
"UPM00033356","1995-03-16","50.217","31.8","128.0","YAHOTYN, UP","    0","B,,S",,,"  -17",",,S","  -37",",,S","  -25","H,,S"
"UPM00033356","1995-03-17","50.217","31.8","128.0","YAHOTYN, UP","    5","B,,S","   10",",,S","    2",",,S","  -25",",,S","  -12","H,,S"
"UPM00033356","1995-03-18","50.217","31.8","128.0","YAHOTYN, UP","   10","B,,S","   30",",,S","   33",",,S","  -15",",,S","   14","H,,S"
"UPM00033356","1995-03-19","50.217","31.8","128.0","YAHOTYN, UP","   36","B,,S",,,,,"    0",",,S","   57","H,,S"
"UPM00033356","1995-03-20","50.217","31.8","128.0","YAHOTYN, UP",,,,,,,,,"   56","H,,S"
"UPM00033356","1995-03-21","50.217","31.8","128.0","YAHOTYN, UP",,,,,,,"    0",",,S","   38","H,,S"
"UPM00033356","1995-03-22","50.217","31.8","128.0","YAHOTYN, UP",,,,,"   52",",,S",,,"   19","H,,S"
"UPM00033356","1995-03-23","50.217","31.8","128.0","YAHOTYN, UP",,,,,,,"  -18",",,S","   14","H,,S"
"UPM00033356","1995-03-24","50.217","31.8","128.0","YAHOTYN, UP",,,,,"   77",",,S","  -41",",,S","   11","H,,S"
"UPM00033356","1995-03-25","50.217","31.8","128.0","YAHOTYN, UP",,,,,,,"  -27",",,S","   32","H,,S"
"UPM00033356","1995-03-26","50.217","31.8","128.0","YAHOTYN, UP",,,,,,,,,"   67","H,,S"
"UPM00033356","1995-03-27","50.217","31.8","128.0","YAHOTYN, UP",,,,,,,"    0",",,S","   70","H,,S"
"UPM00033356","1995-03-28","50.217","31.8","128.0","YAHOTYN, UP",,,,,,,,,"   37","H,,S"
"UPM00033356","1995-03-29","50.217","31.8","128.0","YAHOTYN, UP",,,,,,,"  -23",",,S","   -3","H,,S"
"UPM00033356","1995-03-31","50.217","31.8","128.0","YAHOTYN, UP",,,,,"   76",",,S","  -16",",,S","   32","H,,S"
"UPM00033356","1995-04-01","50.217","31.8","128.0","YAHOTYN, UP","   41","B,,S","   10",",,S","   33",",,S","   -2",",,S","    9","H,,S"
"UPM00033356","1995-04-02","50.217","31.8","128.0","YAHOTYN, UP","    0","B,,S",,,"   93",",,S","  -16",",,S","   29","H,,S"
"UPM00033356","1995-04-04","50.217","31.8","128.0","YAHOTYN, UP",,,,,"  144",",,S",,,"   47","H,,S"
"UPM00033356","1995-04-06","50.217","31.8","128.0","YAHOTYN, UP",,,,,,,,,"   63","H,,S"
"UPM00033356","1995-04-07","50.217","31.8","128.0","YAHOTYN, UP","   30","B,,S",,,"   90",",,S","   46",",,S","   61","H,,S"
"UPM00033356","1995-04-08","50.217","31.8","128.0","YAHOTYN, UP","    0","B,,S",,,"  109",",,S","   18",",,S","   61","H,,S"
"UPM00033356","1995-04-09","50.217","31.8","128.0","YAHOTYN, UP",,,,,,,,,"   48","H,,S"
"UPM00033356","1995-04-10","50.217","31.8","128.0","YAHOTYN, UP",,,,,,,"   -5",",,S","   34","H,,S"
"UPM00033356","1995-04-11","50.217","31.8","128.0","YAHOTYN, UP",,,"   10",",,S",,,"    0",",,S","    7","H,,S"
"UPM00033356","1995-04-12","50.217","31.8","128.0","YAHOTYN, UP",,,,,,,,,"   32","H,,S"
"UPM00033356","1995-04-13","50.217","31.8","128.0","YAHOTYN, UP",,,,,"  124",",,S","   17",",,S","   73","H,,S"
"UPM00033356","1995-04-14","50.217","31.8","128.0","YAHOTYN, UP",,,,,,,"   69",",,S","  107","H,,S"
"UPM00033356","1995-04-15","50.217","31.8","128.0","YAHOTYN, UP",,,,,,,"   45",",,S","   85","H,,S"
"UPM00033356","1995-04-16","50.217","31.8","128.0","YAHOTYN, UP","   71","B,,S",,,"   97",",,S","   76",",,S","   86","H,,S"
"UPM00033356","1995-04-17","50.217","31.8","128.0","YAHOTYN, UP","   15","B,,S",,,"  122",",,S","   76",",,S","   96","H,,S"
"UPM00033356","1995-04-18","50.217","31.8","128.0","YAHOTYN, UP",,,,,,,"   81",",,S","   92","H,,S"
"UPM00033356","1995-04-19","50.217","31.8","128.0","YAHOTYN, UP",,,,,"  153",",,S","   75",",,S","  113","H,,S"
"UPM00033356","1995-04-20","50.217","31.8","128.0","YAHOTYN, UP",,,,,,,"   98",",,S","  144","H,,S"
"UPM00033356","1995-04-21","50.217","31.8","128.0","YAHOTYN, UP",,,,,"  235",",,S",,,"  141","H,,S"
"UPM00033356","1995-04-22","50.217","31.8","128.0","YAHOTYN, UP",,,,,"  222",",,S",,,"  139","H,,S"
"UPM00033356","1995-04-23","50.217","31.8","128.0","YAHOTYN, UP",,,,,,,,,"  151","H,,S"
"UPM00033356","1995-04-24","50.217","31.8","128.0","YAHOTYN, UP",,,,,,,"  111",",,S","  167","H,,S"
"UPM00033356","1995-04-25","50.217","31.8","128.0","YAHOTYN, UP",,,,,"  193",",,S","  118",",,S","  153","H,,S"
"UPM00033356","1995-04-26","50.217","31.8","128.0","YAHOTYN, UP",,,,,,,"   95",",,S","  112","H,,S"
"UPM00033356","1995-04-27","50.217","31.8","128.0","YAHOTYN, UP",,,,,,,,,"  118","H,,S"
"UPM00033356","1995-04-28","50.217","31.8","128.0","YAHOTYN, UP",,,,,"  199",",,S",,,"  128","H,,S"
"UPM00033356","1995-04-29","50.217","31.8","128.0","YAHOTYN, UP",,,,,"  158",",,S","   85",",,S","  113","H,,S"
"UPM00033356","1995-04-30","50.217","31.8","128.0","YAHOTYN, UP",,,,,"  135",",,S","   48",",,S","   80","H,,S"
"UPM00033356","1995-05-01","50.217","31.8","128.0","YAHOTYN, UP",,,,,,,,,"  111","H,,S"
"UPM00033356","1995-05-02","50.217","31.8","128.0","YAHOTYN, UP",,,,,"   66",",,S",,,"   42","H,,S"
"UPM00033356","1995-05-03","50.217","31.8","128.0","YAHOTYN, UP",,,,,,,,,"   49","H,,S"
"UPM00033356","1995-05-04","50.217","31.8","128.0","YAHOTYN, UP",,,,,,,"  -21",",,S","   61","H,,S"
"UPM00033356","1995-05-05","50.217","31.8","128.0","YAHOTYN, UP",,,,,,,"   16",",,S","  108","H,,S"
"UPM00033356","1995-05-06","50.217","31.8","128.0","YAHOTYN, UP",,,,,,,"   75",",,S","  129","H,,S"
"UPM00033356","1995-05-07","50.217","31.8","128.0","YAHOTYN, UP",,,,,,,"   48",",,S","  134","H,,S"
"UPM00033356","1995-05-08","50.217","31.8","128.0","YAHOTYN, UP",,,,,,,"   80",",,S","  103","H,,S"
"UPM00033356","1995-05-09","50.217","31.8","128.0","YAHOTYN, UP",,,,,,,"   76",",,S","  116","H,,S"
"UPM00033356","1995-05-10","50.217","31.8","128.0","YAHOTYN, UP",,,,,,,,,"  111","H,,S"
"UPM00033356","1995-05-11","50.217","31.8","128.0","YAHOTYN, UP",,,,,"  135",",,S",,,"  107","H,,S"
"UPM00033356","1995-05-12","50.217","31.8","128.0","YAHOTYN, UP",,,,,"  175",",,S","   44",",,S","  137","H,,S"
"UPM00033356","1995-05-13","50.217","31.8","128.0","YAHOTYN, UP",,,,,"  219",",,S","   88",",,S","  168","H,,S"
"UPM00033356","1995-05-14","50.217","31.8","128.0","YAHOTYN, UP",,,,,,,"  174",",,S","  201","H,,S"
"UPM00033356","1995-05-15","50.217","31.8","128.0","YAHOTYN, UP",,,,,,,,,"   94","H,,S"
"UPM00033356","1995-05-16","50.217","31.8","128.0","YAHOTYN, UP",,,,,"  153",",,S","   45",",,S","   86","H,,S"
"UPM00033356","1995-05-17","50.217","31.8","128.0","YAHOTYN, UP",,,,,"  196",",,S","   26",",,S","  136","H,,S"
"UPM00033356","1995-05-18","50.217","31.8","128.0","YAHOTYN, UP",,,,,"  219",",,S","   70",",,S","  162","H,,S"
"UPM00033356","1995-05-19","50.217","31.8","128.0","YAHOTYN, UP",,,,,"  201",",,S",,,"  163","H,,S"
"UPM00033356","1995-05-20","50.217","31.8","128.0","YAHOTYN, UP",,,,,,,"  136",",,S","  173","H,,S"
"UPM00033356","1995-05-21","50.217","31.8","128.0","YAHOTYN, UP","   51","B,,S",,,"  171",",,S","  129",",,S","  153","H,,S"
"UPM00033356","1995-05-22","50.217","31.8","128.0","YAHOTYN, UP",,,,,,,"  114",",,S","  179","H,,S"
"UPM00033356","1995-05-23","50.217","31.8","128.0","YAHOTYN, UP",,,,,"  213",",,S","  126",",,S","  192","H,,S"
"UPM00033356","1995-05-24","50.217","31.8","128.0","YAHOTYN, UP","  366","B,,S",,,"  228",",,S","  150",",,S","  190","H,,S"
"UPM00033356","1995-05-25","50.217","31.8","128.0","YAHOTYN, UP",,,,,,,,,"  173","H,,S"
"UPM00033356","1995-05-26","50.217","31.8","128.0","YAHOTYN, UP",,,,,,,"  130",",,S","  207","H,,S"
"UPM00033356","1995-05-27","50.217","31.8","128.0","YAHOTYN, UP",,,,,,,"  156",",,S","  211","H,,S"
"UPM00033356","1995-05-28","50.217","31.8","128.0","YAHOTYN, UP",,,,,,,"  161",",,S","  236","H,,S"
"UPM00033356","1995-05-29","50.217","31.8","128.0","YAHOTYN, UP",,,,,,,"  164",",,S","  210","H,,S"
"UPM00033356","1995-05-30","50.217","31.8","128.0","YAHOTYN, UP",,,,,,,"  174",",,S","  219","H,,S"
"UPM00033356","1995-05-31","50.217","31.8","128.0","YAHOTYN, UP",,,,,,,"  145",",,S","  207","H,,S"
"UPM00033356","1995-12-24","50.217","31.8","128.0","YAHOTYN, UP",,,"   41",",,S",,,"    5",",,S","   22","H,,S"
"UPM00033356","1995-12-25","50.217","31.8","128.0","YAHOTYN, UP",,,"   20",",,S",,,,,"  -48","H,,S"
"UPM00033356","1995-12-28","50.217","31.8","128.0","YAHOTYN, UP",,,,,,,,,"  -92","H,,S"
"UPM00033356","1996-01-01","50.217","31.8","128.0","YAHOTYN, UP","   20","B,,S","  160",",,S"," -106",",,S"," -197",",,S"," -134","H,,S"
"UPM00033356","1996-01-03","50.217","31.8","128.0","YAHOTYN, UP",,,"  160",",,S",,,"  -82",",,S","  -61","H,,S"
"UPM00033356","1996-01-04","50.217","31.8","128.0","YAHOTYN, UP",,,"  150",",,S",,,,,"  -32","H,,S"
"UPM00033356","1996-01-09","50.217","31.8","128.0","YAHOTYN, UP",,,"  150",",,S"," -104",",,S"," -186",",,S"," -163","H,,S"
"UPM00033356","1996-01-11","50.217","31.8","128.0","YAHOTYN, UP",,,"  150",",,S",,," -154",",,S","  -93","H,,S"
"UPM00033356","1996-01-13","50.217","31.8","128.0","YAHOTYN, UP",,,"  140",",,S",,,,,"  -86","H,,S"
"UPM00033356","1996-01-22","50.217","31.8","128.0","YAHOTYN, UP",,,"  150",",,S",,,,,"  -76","H,,S"
"UPM00033356","1996-01-26","50.217","31.8","128.0","YAHOTYN, UP",,,"  170",",,S",,," -150",",,S"," -121","H,,S"
"UPM00033356","1996-01-29","50.217","31.8","128.0","YAHOTYN, UP",,,"  231",",,S",,,,," -124","H,,S"
"UPM00033356","1996-02-06","50.217","31.8","128.0","YAHOTYN, UP",,,"  239",",,S",,,,," -145","H,,S"
"UPM00033356","1996-02-07","50.217","31.8","128.0","YAHOTYN, UP",,,"  239",",,S",,," -201",",,S"," -187","H,,S"
"UPM00033356","1996-02-17","50.217","31.8","128.0","YAHOTYN, UP",,,"  269",",,S",,,,,"  -22","H,,S"
"UPM00033356","1996-02-22","50.217","31.8","128.0","YAHOTYN, UP",,,,,"   21",",,S",,,"    3","H,,S"
"UPM00033356","1996-02-25","50.217","31.8","128.0","YAHOTYN, UP",,,"   61",",,S","    0",",,S",,,"  -33","H,,S"
"UPM00033356","1996-03-04","50.217","31.8","128.0","YAHOTYN, UP",,,"  221",",,S",,,,,"  -55","H,,S"
"UPM00033356","1996-03-05","50.217","31.8","128.0","YAHOTYN, UP",,,"  249",",,S",,,,,"  -87","H,,S"
"UPM00033356","1996-03-13","50.217","31.8","128.0","YAHOTYN, UP",,,,,,,,,"  -72","H,,S"
"UPM00033356","1996-03-20","50.217","31.8","128.0","YAHOTYN, UP",,,"  180",",,S",,,,,"  -31","H,,S"
"UPM00033356","1996-03-21","50.217","31.8","128.0","YAHOTYN, UP",,,"  170",",,S","   12",",,S","  -47",",,S","  -38","H,,S"
"UPM00033356","1996-03-25","50.217","31.8","128.0","YAHOTYN, UP",,,"   89",",,S",,,,,"  -42","H,,S"
"UPM00033356","1996-04-02","50.217","31.8","128.0","YAHOTYN, UP",,,,,"   52",",,S",,,"   -4","H,,S"
"UPM00033356","1996-04-20","50.217","31.8","128.0","YAHOTYN, UP",,,,,"  167",",,S",,,"   64","H,,S"
"UPM00033356","1996-05-12","50.217","31.8","128.0","YAHOTYN, UP",,,,,"  254",",,S",,,"  205","H,,S"
"UPM00033356","1996-11-08","50.217","31.8","128.0","YAHOTYN, UP",,,,,,,,,"   75","H,,S"
"UPM00033356","1996-11-11","50.217","31.8","128.0","YAHOTYN, UP",,,,,,,"   -7",",,S","   22","H,,S"
"UPM00033356","1996-11-12","50.217","31.8","128.0","YAHOTYN, UP",,,,,,,,,"   41","H,,S"
"UPM00033356","1996-11-14","50.217","31.8","128.0","YAHOTYN, UP",,,,,,,,,"   74","H,,S"
"UPM00033356","1996-11-19","50.217","31.8","128.0","YAHOTYN, UP",,,,,,,"   62",",,S","   65","H,,S"
"UPM00033356","1996-11-20","50.217","31.8","128.0","YAHOTYN, UP",,,,,,,"   56",",,S","   87","H,,S"
"UPM00033356","1996-11-28","50.217","31.8","128.0","YAHOTYN, UP","   51","B,,S",,,,,"   57",",,S","   72","H,,S"
"UPM00033356","1996-11-29","50.217","31.8","128.0","YAHOTYN, UP",,,,,,,,,"   26","H,,S"
"UPM00033356","1996-11-30","50.217","31.8","128.0","YAHOTYN, UP",,,,,,,"   24",",,S","   72","H,,S"
"UPM00033356","1996-12-01","50.217","31.8","128.0","YAHOTYN, UP",,,,,,,,,"   39","H,,S"
"UPM00033356","1996-12-06","50.217","31.8","128.0","YAHOTYN, UP",,,,,,,"   17",",,S","   24","H,,S"
"UPM00033356","1996-12-07","50.217","31.8","128.0","YAHOTYN, UP",,,,,,,"   22",",,S","   25","H,,S"
"UPM00033356","1996-12-08","50.217","31.8","128.0","YAHOTYN, UP",,,,,,,,,"   19","H,,S"
"UPM00033356","1996-12-09","50.217","31.8","128.0","YAHOTYN, UP",,,,,,,,,"    4","H,,S"
"UPM00033356","1996-12-12","50.217","31.8","128.0","YAHOTYN, UP",,,,,,,,,"   -7","H,,S"
"UPM00033356","1996-12-13","50.217","31.8","128.0","YAHOTYN, UP",,,,,,,"  -14",",,S","   -1","H,,S"
"UPM00033356","1996-12-16","50.217","31.8","128.0","YAHOTYN, UP",,,"   20",",,S",,,"  -40",",,S","  -12","H,,S"
"UPM00033356","1996-12-17","50.217","31.8","128.0","YAHOTYN, UP",,,"   20",",,S",,,"  -51",",,S","  -28","H,,S"
"UPM00033356","1996-12-18","50.217","31.8","128.0","YAHOTYN, UP",,,"   20",",,S","   -2",",,S","  -24",",,S","  -10","H,,S"
"UPM00033356","1996-12-19","50.217","31.8","128.0","YAHOTYN, UP",,,"   20",",,S","   32",",,S","   -5",",,S","    3","H,,S"
"UPM00033356","1996-12-21","50.217","31.8","128.0","YAHOTYN, UP",,,,,,,,,"  -92","H,,S"
"UPM00033356","1996-12-22","50.217","31.8","128.0","YAHOTYN, UP",,,,,"  -43",",,S",,,"  -82","H,,S"
"UPM00033356","1996-12-23","50.217","31.8","128.0","YAHOTYN, UP",,,,,,,,,"  -64","H,,S"
"UPM00033356","1996-12-27","50.217","31.8","128.0","YAHOTYN, UP",,,,,,," -216",",,S"," -201","H,,S"
"UPM00033356","1996-12-30","50.217","31.8","128.0","YAHOTYN, UP","    5","B,,S","   10",",,S"," -120",",,S"," -151",",,S"," -146","H,,S"
"UPM00033356","1996-12-31","50.217","31.8","128.0","YAHOTYN, UP",,,"   20",",,S",,," -164",",,S"," -141","H,,S"
"UPM00033356","1997-01-02","50.217","31.8","128.0","YAHOTYN, UP",,,"   51",",,S"," -136",",,S"," -224",",,S"," -203","H,,S"
"UPM00033356","1997-01-03","50.217","31.8","128.0","YAHOTYN, UP",,,"   51",",,S",,," -182",",,S"," -115","H,,S"
"UPM00033356","1997-01-06","50.217","31.8","128.0","YAHOTYN, UP",,,"   89",",,S",,,,,"  -86","H,,S"
"UPM00033356","1997-01-07","50.217","31.8","128.0","YAHOTYN, UP",,,,,"  -65",",,S",,,"  -86","H,,S"
"UPM00033356","1997-01-08","50.217","31.8","128.0","YAHOTYN, UP",,,"   89",",,S",,," -169",",,S"," -120","H,,S"
"UPM00033356","1997-01-09","50.217","31.8","128.0","YAHOTYN, UP",,,"   89",",,S",,," -124",",,S"," -108","H,,S"
"UPM00033356","1997-01-10","50.217","31.8","128.0","YAHOTYN, UP","    0","B,,S","   89",",,S"," -102",",,S",,," -108","H,,S"
"UPM00033356","1997-01-11","50.217","31.8","128.0","YAHOTYN, UP","    0","B,,S","   89",",,S",,,,," -132","H,,S"
"UPM00033356","1997-01-14","50.217","31.8","128.0","YAHOTYN, UP",,,"   89",",,S",,,"  -68",",,S","  -23","H,,S"
"UPM00033356","1997-01-22","50.217","31.8","128.0","YAHOTYN, UP",,,,,,,,,"  -15","H,,S"
"UPM00033356","1997-01-23","50.217","31.8","128.0","YAHOTYN, UP",,,,,,,"  -50",",,S","   -9","H,,S"
"UPM00033356","1997-01-26","50.217","31.8","128.0","YAHOTYN, UP",,,,,,,"  -91",",,S","  -81","H,,S"
"UPM00033356","1997-01-30","50.217","31.8","128.0","YAHOTYN, UP",,,,,,," -112",",,S","  -90","H,,S"
"UPM00033356","1997-01-31","50.217","31.8","128.0","YAHOTYN, UP",,,,,"   12",",,S",,,"  -30","H,,S"
"UPM00033356","1997-02-01","50.217","31.8","128.0","YAHOTYN, UP",,,"   51",",,S",,,,,"  -42","H,,S"
"UPM00033356","1997-02-04","50.217","31.8","128.0","YAHOTYN, UP",,,"   61",",,S",,," -201",",,S"," -179","H,,S"
"UPM00033356","1997-02-07","50.217","31.8","128.0","YAHOTYN, UP",,,"   71",",,S",,,"  -59",",,S","  -29","H,,S"
"UPM00033356","1997-02-16","50.217","31.8","128.0","YAHOTYN, UP","    0","B,,S",,,"    8",",,S",,,"  -16","H,,S"
"UPM00033356","1997-03-07","50.217","31.8","128.0","YAHOTYN, UP",,,,,,,,,"   12","H,,S"
"UPM00033356","1997-03-11","50.217","31.8","128.0","YAHOTYN, UP",,,,,"  132",",,S",,,"   46","H,,S"
"UPM00033356","1997-03-15","50.217","31.8","128.0","YAHOTYN, UP",,,,,"   94",",,S",,,"   40","H,,S"
"UPM00033356","1997-03-19","50.217","31.8","128.0","YAHOTYN, UP",,,"   10",",,S","   12",",,S","  -83",",,S","  -28","H,,S"
"UPM00033356","1997-03-23","50.217","31.8","128.0","YAHOTYN, UP",,,"   10",",,S","    3",",,S","  -46",",,S","  -24","H,,S"
"UPM00033356","1997-03-27","50.217","31.8","128.0","YAHOTYN, UP",,,,,"   26",",,S","  -86",",,S","  -39","H,,S"
"UPM00033356","1997-04-17","50.217","31.8","128.0","YAHOTYN, UP",,,,,,,,,"   62","H,,S"
"UPM00033356","1997-09-29","50.217","31.8","128.0","YAHOTYN, UP",,,,,,,,,"   75","H,,S"
"UPM00033356","1997-10-10","50.217","31.8","128.0","YAHOTYN, UP",,,,,,,"  150",",,S","  158","H,,S"
"UPM00033356","1997-10-11","50.217","31.8","128.0","YAHOTYN, UP","   25","B,,S",,,"  184",",,S",,,"  126","H,,S"
"UPM00033356","1997-10-13","50.217","31.8","128.0","YAHOTYN, UP",,,,,"  106",",,S","   65",",,S","   83","H,,S"
"UPM00033356","1997-10-22","50.217","31.8","128.0","YAHOTYN, UP",,,,,"   67",",,S",,,"   -3","H,,S"
"UPM00033356","1997-10-31","50.217","31.8","128.0","YAHOTYN, UP",,,,,,,,,"   26","H,,S"
"UPM00033356","1997-11-12","50.217","31.8","128.0","YAHOTYN, UP",,,,,"   94",",,S",,,"   90","H,,S"
"UPM00033356","1997-11-14","50.217","31.8","128.0","YAHOTYN, UP",,,,,,,"   40",",,S","   47","H,,S"
"UPM00033356","1997-11-15","50.217","31.8","128.0","YAHOTYN, UP",,,,,,,"   33",",,S","   38","H,,S"
"UPM00033356","1997-11-16","50.217","31.8","128.0","YAHOTYN, UP",,,,,"   64",",,S","   37",",,S","   57","H,,S"
"UPM00033356","1997-11-22","50.217","31.8","128.0","YAHOTYN, UP",,,,,"   32",",,S","  -19",",,S","   24","H,,S"
"UPM00033356","1997-11-26","50.217","31.8","128.0","YAHOTYN, UP",,,,,,,,,"   34","H,,S"
"UPM00033356","1997-11-28","50.217","31.8","128.0","YAHOTYN, UP",,,,,"   -6",",,S",,,"  -12","H,,S"
"UPM00033356","1997-12-01","50.217","31.8","128.0","YAHOTYN, UP",,,,,,,"  -27",",,S","  -22","H,,S"
"UPM00033356","1997-12-02","50.217","31.8","128.0","YAHOTYN, UP",,,,,,,"  -34",",,S","  -27","H,,S"
"UPM00033356","1997-12-05","50.217","31.8","128.0","YAHOTYN, UP","   89","B,,S",,,,,,,"    6","H,,S"
"UPM00033356","1997-12-06","50.217","31.8","128.0","YAHOTYN, UP",,,,,,,,,"  -23","H,,S"
"UPM00033356","1997-12-10","50.217","31.8","128.0","YAHOTYN, UP",,,,,,,"  -91",",,S","  -52","H,,S"
"UPM00033356","1997-12-13","50.217","31.8","128.0","YAHOTYN, UP","  119","B,,S","   79",",,S",,,"  -64",",,S","  -56","H,,S"
"UPM00033356","1997-12-17","50.217","31.8","128.0","YAHOTYN, UP",,,,," -182",",,S",,," -246","H,,S"
"UPM00033356","1997-12-18","50.217","31.8","128.0","YAHOTYN, UP",,,,,,,,," -126","H,,S"
"UPM00033356","1997-12-21","50.217","31.8","128.0","YAHOTYN, UP",,,"  180",",,S","  -27",",,S",,,"  -52","H,,S"
"UPM00033356","1997-12-26","50.217","31.8","128.0","YAHOTYN, UP","    3","B,,S","  130",",,S","   21",",,S",,,"   13","H,,S"
"UPM00033356","1997-12-29","50.217","31.8","128.0","YAHOTYN, UP",,,"   61",",,S",,,"    1",",,S","    9","H,,S"
"UPM00033356","1997-12-31","50.217","31.8","128.0","YAHOTYN, UP",,,"   41",",,S",,,,,"    4","H,,S"
"UPM00033356","1998-01-02","50.217","31.8","128.0","YAHOTYN, UP",,,"   41",",,S",,,"  -33",",,S","  -26","H,,S"
"UPM00033356","1998-01-03","50.217","31.8","128.0","YAHOTYN, UP",,,"   71",",,S",,,,,"    0","H,,S"
"UPM00033356","1998-01-05","50.217","31.8","128.0","YAHOTYN, UP",,,"   41",",,S",,,"   -4",",,S","    7","H,,S"
"UPM00033356","1998-01-10","50.217","31.8","128.0","YAHOTYN, UP",,,,,"    3",",,S",,,"   -8","H,,S"
"UPM00033356","1998-01-15","50.217","31.8","128.0","YAHOTYN, UP",,,,,,,,,"   -3","H,,S"
"UPM00033356","1998-01-17","50.217","31.8","128.0","YAHOTYN, UP",,,,,,,,,"   -3","H,,S"
"UPM00033356","1998-01-18","50.217","31.8","128.0","YAHOTYN, UP","   20","B,,S",,,"   14",",,S","   -4",",,S","    6","H,,S"
"UPM00033356","1998-01-19","50.217","31.8","128.0","YAHOTYN, UP",,,,,,,,,"   -1","H,,S"
"UPM00033356","1998-01-21","50.217","31.8","128.0","YAHOTYN, UP",,,,,,,,,"  -37","H,,S"
"UPM00033356","1998-01-23","50.217","31.8","128.0","YAHOTYN, UP",,,,,"  -43",",,S"," -104",",,S","  -75","H,,S"
"UPM00033356","1998-01-25","50.217","31.8","128.0","YAHOTYN, UP",,,,,,,,,"  -61","H,,S"
"UPM00033356","1998-01-26","50.217","31.8","128.0","YAHOTYN, UP",,,,,,," -110",",,S","  -84","H,,S"
"UPM00033356","1998-01-30","50.217","31.8","128.0","YAHOTYN, UP",,,"   10",",,S",,,,,"  -78","H,,S"
"UPM00033356","1998-02-02","50.217","31.8","128.0","YAHOTYN, UP",,,"   20",",,S",,," -152",",,S"," -102","H,,S"
"UPM00033356","1998-02-03","50.217","31.8","128.0","YAHOTYN, UP",,,"   20",",,S",,,"  -97",",,S","  -73","H,,S"
"UPM00033356","1998-02-07","50.217","31.8","128.0","YAHOTYN, UP",,,,,,,,,"  -50","H,,S"
"UPM00033356","1998-02-11","50.217","31.8","128.0","YAHOTYN, UP",,,,,"   39",",,S",,,"   22","H,,S"
"UPM00033356","1998-02-12","50.217","31.8","128.0","YAHOTYN, UP",,,,,"   54",",,S",,,"   32","H,,S"
"UPM00033356","1998-02-15","50.217","31.8","128.0","YAHOTYN, UP",,,,,"    2",",,S",,,"  -25","H,,S"
"UPM00033356","1998-02-16","50.217","31.8","128.0","YAHOTYN, UP",,,"   41",",,S",,,,,"  -35","H,,S"
"UPM00033356","1998-03-03","50.217","31.8","128.0","YAHOTYN, UP",,,,,"   62",",,S",,,"    2","H,,S"
"UPM00033356","1998-03-04","50.217","31.8","128.0","YAHOTYN, UP",,,,,,,,,"   37","H,,S"
"UPM00033356","1998-03-10","50.217","31.8","128.0","YAHOTYN, UP",,,,,,,,,"   10","H,,S"
"UPM00033356","1998-03-11","50.217","31.8","128.0","YAHOTYN, UP",,,,,"  -18",",,S",,,"  -29","H,,S"
"UPM00033356","1998-03-12","50.217","31.8","128.0","YAHOTYN, UP","  140","B,,S",,,,,,,"  -38","H,,S"
"UPM00033356","1998-03-14","50.217","31.8","128.0","YAHOTYN, UP",,,,,,,,,"  -35","H,,S"
"UPM00033356","1998-03-20","50.217","31.8","128.0","YAHOTYN, UP",,,"  160",",,S","   20",",,S",,,"   -8","H,,S"
"UPM00033356","1998-03-26","50.217","31.8","128.0","YAHOTYN, UP",,,,,,,,,"  -25","H,,S"
"UPM00033356","1998-03-28","50.217","31.8","128.0","YAHOTYN, UP",,,,,,,,,"  -16","H,,S"
"UPM00033356","1998-04-01","50.217","31.8","128.0","YAHOTYN, UP",,,"   41",",,S","  110",",,S","   23",",,S","   68","H,,S"
"UPM00033356","1998-04-02","50.217","31.8","128.0","YAHOTYN, UP",,,,,,,"   62",",,S","   76","H,,S"
"UPM00033356","1998-04-28","50.217","31.8","128.0","YAHOTYN, UP",,,,,,,,,"  101","H,,S"
"UPM00033356","1998-05-03","50.217","31.8","128.0","YAHOTYN, UP","   89","B,,S",,,"  188",",,S","  118",",,S","  141","H,,S"
"UPM00033356","2000-01-01","50.217","31.8","128.0","YAHOTYN, UP",,,,,"  -55",",,u","  -62",",,u","  -59",",,u"
"UPM00033356","2000-01-02","50.217","31.8","128.0","YAHOTYN, UP","    0","B,,u",,,"  -39",",,u","  -76",",,u","  -53",",,u"
"UPM00033356","2000-01-03","50.217","31.8","128.0","YAHOTYN, UP",,,,,"  -40",",,u","  -75",",,u","  -66",",,u"
"UPM00033356","2000-01-04","50.217","31.8","128.0","YAHOTYN, UP","    9","B,,u",,,"  -26",",,u","  -99",",,u","  -52",",,u"
"UPM00033356","2000-01-05","50.217","31.8","128.0","YAHOTYN, UP","   20","B,,u",,,,,"  -26",",,u","    5",",,u"
"UPM00033356","2000-01-06","50.217","31.8","128.0","YAHOTYN, UP","   30","B,,u",,,"  -12",",,u","  -12",",,u","  -14",",,u"
"UPM00033356","2000-01-07","50.217","31.8","128.0","YAHOTYN, UP","    9","B,,u",,,"  -18",",,u",,,"  -24",",,u"
"UPM00033356","2000-01-08","50.217","31.8","128.0","YAHOTYN, UP",,,,,"   -2",",,u","  -24",",,u","   -8",",,u"
"UPM00033356","2000-01-09","50.217","31.8","128.0","YAHOTYN, UP",,,,,"    8",",,u","  -13",",,u","   -5",",,u"
"UPM00033356","2000-01-10","50.217","31.8","128.0","YAHOTYN, UP",,,,,"   -8",",,u","  -21",",,u","  -15",",,u"
"UPM00033356","2000-01-11","50.217","31.8","128.0","YAHOTYN, UP","    0","B,,u",,,"    2",",,u","  -29",",,u","  -13",",,u"
"UPM00033356","2000-01-12","50.217","31.8","128.0","YAHOTYN, UP",,,,,"    3",",,u","  -20",",,u","  -11",",,u"
"UPM00033356","2000-01-13","50.217","31.8","128.0","YAHOTYN, UP",,,,,"  -28",",,u"," -114",",,u","  -88",",,u"
"UPM00033356","2000-01-14","50.217","31.8","128.0","YAHOTYN, UP",,,,,"  -27",",,u"," -171",",,u","  -87",",,u"
"UPM00033356","2000-01-15","50.217","31.8","128.0","YAHOTYN, UP",,,,,"  -10",",,u","  -95",",,u","  -36",",,u"
"UPM00033356","2000-01-16","50.217","31.8","128.0","YAHOTYN, UP","   50","B,,u",,,"  -53",",,u","  -53",",,u","  -69",",,u"
"UPM00033356","2000-01-17","50.217","31.8","128.0","YAHOTYN, UP","    2","B,,u",,,"  -40",",,u"," -124",",,u","  -57",",,u"
"UPM00033356","2000-01-18","50.217","31.8","128.0","YAHOTYN, UP","   20","B,,u",,,"  -10",",,u","  -40",",,u","  -27",",,u"
"UPM00033356","2000-01-19","50.217","31.8","128.0","YAHOTYN, UP","   40","B,,u",,,"  -27",",,u","  -57",",I,u","  -38",",,u"
"UPM00033356","2000-01-20","50.217","31.8","128.0","YAHOTYN, UP",,,,,"  -81",",I,u","  -98",",,u","  -88",",,u"
"UPM00033356","2000-01-21","50.217","31.8","128.0","YAHOTYN, UP","   30","B,,u",,,"  -23",",,u"," -116",",,u","  -55",",,u"
"UPM00033356","2000-01-22","50.217","31.8","128.0","YAHOTYN, UP","   20","B,,u",,," -101",",,u"," -174",",,u"," -128",",,u"
"UPM00033356","2000-01-23","50.217","31.8","128.0","YAHOTYN, UP","    7","B,,u",,,"  -80",",,u"," -179",",,u"," -144",",,u"
"UPM00033356","2000-01-24","50.217","31.8","128.0","YAHOTYN, UP",,,,,"  -87",",,u"," -192",",,u"," -132",",,u"
"UPM00033356","2000-01-25","50.217","31.8","128.0","YAHOTYN, UP","   10","B,,u",,," -130",",,u"," -209",",,u"," -168",",,u"
"UPM00033356","2000-01-26","50.217","31.8","128.0","YAHOTYN, UP","   10","B,,u",,," -115",",,u"," -191",",,u"," -162",",,u"
"UPM00033356","2000-01-27","50.217","31.8","128.0","YAHOTYN, UP","    2","B,,u",,,"   12",",,u"," -274",",,u","  -82",",,u"
"UPM00033356","2000-01-28","50.217","31.8","128.0","YAHOTYN, UP","   10","B,,u",,,"   17",",,u","    0",",,u","    8",",,u"
"UPM00033356","2000-01-29","50.217","31.8","128.0","YAHOTYN, UP",,,,,"   12",",,u","    0",",,u","    3",",,u"
"UPM00033356","2000-01-30","50.217","31.8","128.0","YAHOTYN, UP",,,,,"   -6",",,u","  -33",",,u","  -19",",,u"
"UPM00033356","2000-01-31","50.217","31.8","128.0","YAHOTYN, UP","    6","B,,u",,,"   12",",,u","  -23",",,u","    1",",,u"
"UPM00033356","2000-02-01","50.217","31.8","128.0","YAHOTYN, UP","   50","B,,u",,,"  -12",",,u","  -12",",,u","  -16",",,u"
"UPM00033356","2000-02-02","50.217","31.8","128.0","YAHOTYN, UP","    3","B,,u",,,"   40",",,u","  -85",",,u","   13",",,u"
"UPM00033356","2000-02-03","50.217","31.8","128.0","YAHOTYN, UP","   10","B,,u",,,"   44",",,u","   20",",I,u","   24",",,u"
"UPM00033356","2000-02-04","50.217","31.8","128.0","YAHOTYN, UP","    4","B,,u",,,"  -14",",I,u","  -43",",,u","  -28",",,u"
"UPM00033356","2000-02-05","50.217","31.8","128.0","YAHOTYN, UP",,,,,"   24",",,u","  -68",",,u","   -4",",,u"
"UPM00033356","2000-02-06","50.217","31.8","128.0","YAHOTYN, UP","   70","B,,u",,,,,"   -5",",,u","  -14",",,u"
"UPM00033356","2000-02-07","50.217","31.8","128.0","YAHOTYN, UP","    0","B,,u",,,,,"  -18",",,u","   17",",,u"
"UPM00033356","2000-02-08","50.217","31.8","128.0","YAHOTYN, UP","    0","B,,u",,,,,"   -2",",,u","   20",",,u"
"UPM00033356","2000-02-16","50.217","31.8","128.0","YAHOTYN, UP",,,,,,,,,"  -18",",,u"
"UPM00033356","2000-02-18","50.217","31.8","128.0","YAHOTYN, UP","    5","B,,u",,,"   23",",,u","    0",",,u","   11",",,u"
"UPM00033356","2000-02-19","50.217","31.8","128.0","YAHOTYN, UP","   90","B,,u",,,"   23",",,u","   16",",I,u","   11",",,u"
"UPM00033356","2000-02-20","50.217","31.8","128.0","YAHOTYN, UP","   50","B,,u",,,"   -6",",I,u","  -12",",,u","  -11",",,u"
"UPM00033356","2000-02-21","50.217","31.8","128.0","YAHOTYN, UP","    9","B,,u",,,"   12",",,u","  -60",",,u","  -23",",,u"
"UPM00033356","2000-02-22","50.217","31.8","128.0","YAHOTYN, UP","    0","B,,u",,,"  -42",",,u","  -60",",,u","  -50",",,u"
"UPM00033356","2000-02-23","50.217","31.8","128.0","YAHOTYN, UP","    0","B,,u",,,"  -20",",,u","  -72",",,u","  -44",",,u"
"UPM00033356","2000-02-24","50.217","31.8","128.0","YAHOTYN, UP","    0","B,,u",,,"  -40",",,u"," -102",",,u","  -75",",,u"
"UPM00033356","2000-02-25","50.217","31.8","128.0","YAHOTYN, UP","    0","B,,u",,,"    9",",,u","  -93",",,u","  -34",",,u"
"UPM00033356","2000-02-26","50.217","31.8","128.0","YAHOTYN, UP","   20","B,,u",,,"   31",",,u","  -10",",,u","    7",",,u"
"UPM00033356","2000-02-27","50.217","31.8","128.0","YAHOTYN, UP","    7","B,,u",,,"   17",",,u","  -15",",,u","  -17",",,u"
"UPM00033356","2000-02-28","50.217","31.8","128.0","YAHOTYN, UP","    0","B,,u",,,"   24",",,u","  -97",",,u","  -32",",,u"
"UPM00033356","2000-02-29","50.217","31.8","128.0","YAHOTYN, UP",,,,,"   68",",,u","  -34",",,u","   13",",,u"
"UPM00033356","2000-03-01","50.217","31.8","128.0","YAHOTYN, UP",,,,,"   53",",,u","  -34",",,u","    5",",,u"
"UPM00033356","2000-03-02","50.217","31.8","128.0","YAHOTYN, UP",,,,,"   32",",,u","  -10",",,u","   10",",,u"
"UPM00033356","2000-03-03","50.217","31.8","128.0","YAHOTYN, UP",,,,,"   34",",,u","    6",",,u","   16",",,u"
"UPM00033356","2000-03-04","50.217","31.8","128.0","YAHOTYN, UP",,,,,"   68",",,u","   -5",",,u","   26",",,u"
"UPM00033356","2000-03-05","50.217","31.8","128.0","YAHOTYN, UP","    9","B,,u",,,"   22",",,u","    6",",,u","   14",",,u"
"UPM00033356","2000-03-06","50.217","31.8","128.0","YAHOTYN, UP",,,,,"   14",",,u","  -63",",,u","  -24",",,u"
"UPM00033356","2000-03-07","50.217","31.8","128.0","YAHOTYN, UP","    0","B,,u",,,,,"   20",",,u","   -5",",,u"
"UPM00033356","2000-03-08","50.217","31.8","128.0","YAHOTYN, UP","   80","B,,u",,,"   62",",,u","   20",",,u","   36",",,u"
"UPM00033356","2000-03-09","50.217","31.8","128.0","YAHOTYN, UP","    7","B,,u",,,"   88",",,u","   14",",,u","   58",",,u"
"UPM00033356","2000-03-10","50.217","31.8","128.0","YAHOTYN, UP","   30","B,,u",,,"    8",",,u","   -4",",,u","    1",",,u"
"UPM00033356","2000-03-11","50.217","31.8","128.0","YAHOTYN, UP","    0","B,,u",,,"    5",",,u","  -40",",,u","  -18",",,u"
"UPM00033356","2000-03-12","50.217","31.8","128.0","YAHOTYN, UP","    7","B,,u",,,"   37",",,u","  -30",",,u","   -3",",,u"
"UPM00033356","2000-03-13","50.217","31.8","128.0","YAHOTYN, UP",,,,,"   14",",,u","  -30",",,u","  -10",",,u"
"UPM00033356","2000-03-14","50.217","31.8","128.0","YAHOTYN, UP",,,,,"   57",",,u","  -43",",,u","   11",",,u"
"UPM00033356","2000-03-15","50.217","31.8","128.0","YAHOTYN, UP",,,,,"   37",",,u","    3",",,u","   19",",,u"
"UPM00033356","2000-03-16","50.217","31.8","128.0","YAHOTYN, UP","   90","B,,u",,,"   27",",,u","   -3",",,u","   10",",,u"
"UPM00033356","2000-03-17","50.217","31.8","128.0","YAHOTYN, UP","    0","B,,u",,,"   27",",,u","  -28",",,u","   -2",",,u"
"UPM00033356","2000-03-18","50.217","31.8","128.0","YAHOTYN, UP",,,,,"   34",",,u","  -50",",,u","   -4",",,u"
"UPM00033356","2000-03-19","50.217","31.8","128.0","YAHOTYN, UP","    0","B,,u",,,"    7",",,u","  -36",",,u","  -14",",,u"
"UPM00033356","2000-03-20","50.217","31.8","128.0","YAHOTYN, UP","   50","B,,u",,,"   17",",,u","  -15",",,u","   -8",",,u"
"UPM00033356","2000-03-21","50.217","31.8","128.0","YAHOTYN, UP","    4","B,,u",,,"   24",",,u","  -38",",,u","   -2",",,u"
"UPM00033356","2000-03-22","50.217","31.8","128.0","YAHOTYN, UP",,,,,"   62",",,u","  -34",",,u","   18",",,u"
"UPM00033356","2000-03-23","50.217","31.8","128.0","YAHOTYN, UP",,,,,"   84",",,u","   28",",,u","   50",",,u"
"UPM00033356","2000-03-24","50.217","31.8","128.0","YAHOTYN, UP","    0","B,,u",,,"   52",",,u","   33",",,u","   26",",,u"
"UPM00033356","2000-03-25","50.217","31.8","128.0","YAHOTYN, UP","    4","B,,u",,,"   71",",,u","  -17",",,u","   21",",,u"
"UPM00033356","2000-03-26","50.217","31.8","128.0","YAHOTYN, UP",,,,,"   82",",,u","  -28",",,u","   19",",,u"
"UPM00033356","2000-03-27","50.217","31.8","128.0","YAHOTYN, UP","   20","B,,u",,,"   67",",,u","   12",",,u","   36",",,u"
"UPM00033356","2000-03-28","50.217","31.8","128.0","YAHOTYN, UP",,,,,"   79",",,u","    8",",,u","   46",",,u"
"UPM00033356","2000-03-29","50.217","31.8","128.0","YAHOTYN, UP",,,,,"   54",",,u","   24",",,u","   35",",,u"
"UPM00033356","2000-03-30","50.217","31.8","128.0","YAHOTYN, UP",,,,,"   47",",,u","   24",",,u","   33",",,u"
"UPM00033356","2000-03-31","50.217","31.8","128.0","YAHOTYN, UP",,,,,"   54",",,u","   28",",,u","   43",",,u"
"UPM00033356","2000-04-01","50.217","31.8","128.0","YAHOTYN, UP","   60","B,,u",,,"  142",",,u","   44",",,u","   84",",,u"
"UPM00033356","2000-04-02","50.217","31.8","128.0","YAHOTYN, UP",,,,,"   96",",,u","   66",",,u","   85",",,u"
"UPM00033356","2000-04-03","50.217","31.8","128.0","YAHOTYN, UP",,,,,,,"   78",",,u","   85",",,u"
"UPM00033356","2000-04-04","50.217","31.8","128.0","YAHOTYN, UP",,,,,"  150",",,u","    3",",,u","   85",",,u"
"UPM00033356","2000-04-05","50.217","31.8","128.0","YAHOTYN, UP",,,,,"  191",",,u","   90",",,u","  138",",,u"
"UPM00033356","2000-04-06","50.217","31.8","128.0","YAHOTYN, UP","    9","B,,u",,,"  150",",,u","  118",",I,u","  133",",,u"
"UPM00033356","2000-04-07","50.217","31.8","128.0","YAHOTYN, UP","    8","B,,u",,,"   47",",I,u","   46",",,u","   45",",,u"
"UPM00033356","2000-04-08","50.217","31.8","128.0","YAHOTYN, UP","   10","B,,u",,,"   38",",,u","   19",",,u","   29",",,u"
"UPM00033356","2000-04-09","50.217","31.8","128.0","YAHOTYN, UP","   20","B,,u",,,"   67",",,u","   31",",,u","   46",",,u"
"UPM00033356","2000-04-10","50.217","31.8","128.0","YAHOTYN, UP","    8","B,,u",,,"   83",",,u","   31",",,u","   61",",,u"
"UPM00033356","2000-04-11","50.217","31.8","128.0","YAHOTYN, UP",,,,,"  146",",,u","   60",",,u","   86",",,u"
"UPM00033356","2000-04-12","50.217","31.8","128.0","YAHOTYN, UP","    0","B,,u",,,"  156",",,u","   18",",,u","   88",",,u"
"UPM00033356","2000-04-13","50.217","31.8","128.0","YAHOTYN, UP",,,,,"  184",",,u","   23",",,u","  114",",,u"
"UPM00033356","2000-04-14","50.217","31.8","128.0","YAHOTYN, UP",,,,,"  221",",,u","   83",",,u","  155",",,u"
"UPM00033356","2000-04-15","50.217","31.8","128.0","YAHOTYN, UP",,,,,"  237",",,u","  110",",,u","  169",",,u"
"UPM00033356","2000-04-16","50.217","31.8","128.0","YAHOTYN, UP",,,,,"  216",",,u","   99",",,u","  154",",,u"
"UPM00033356","2000-04-17","50.217","31.8","128.0","YAHOTYN, UP","   40","B,,u",,,"  201",",,u","   98",",,u","  140",",,u"
"UPM00033356","2000-04-18","50.217","31.8","128.0","YAHOTYN, UP","    0","B,,u",,,"  219",",,u","   70",",,u","  147",",,u"
"UPM00033356","2000-04-19","50.217","31.8","128.0","YAHOTYN, UP",,,,,"  246",",,u","  115",",,u","  187",",,u"
"UPM00033356","2000-04-20","50.217","31.8","128.0","YAHOTYN, UP","    3","B,,u",,,"  243",",,u","  106",",,u","  175",",,u"
"UPM00033356","2000-04-21","50.217","31.8","128.0","YAHOTYN, UP",,,,,"  205",",,u","  100",",,u","  140",",,u"
"UPM00033356","2000-04-22","50.217","31.8","128.0","YAHOTYN, UP","   70","B,,u",,,"  154",",,u","  114",",,u","  128",",,u"
"UPM00033356","2000-04-23","50.217","31.8","128.0","YAHOTYN, UP","   90","B,,u",,,"  144",",,u","  112",",,u","  140",",,u"
"UPM00033356","2000-04-24","50.217","31.8","128.0","YAHOTYN, UP","  170","B,,u",,,"  196",",,u","  115",",,u","  147",",,u"
"UPM00033356","2000-04-25","50.217","31.8","128.0","YAHOTYN, UP","    0","B,,u",,,"  210",",,u","  120",",,u","  158",",,u"
"UPM00033356","2000-04-26","50.217","31.8","128.0","YAHOTYN, UP","   20","B,,u",,,"  232",",,u",,,"  169",",,u"
"UPM00033356","2000-04-27","50.217","31.8","128.0","YAHOTYN, UP",,,,,"  254",",,u","   98",",,u","  186",",,u"
"UPM00033356","2000-04-28","50.217","31.8","128.0","YAHOTYN, UP",,,,,"  258",",,u","  115",",,u","  191",",,u"
"UPM00033356","2000-04-29","50.217","31.8","128.0","YAHOTYN, UP",,,,,"  237",",,u","  104",",,u","  174",",,u"
"UPM00033356","2000-04-30","50.217","31.8","128.0","YAHOTYN, UP",,,,,"  260",",,u","  110",",,u","  188",",,u"
"UPM00033356","2000-05-01","50.217","31.8","128.0","YAHOTYN, UP","    0","B,,u",,,"  171",",,u","  106",",,u","  123",",,u"
"UPM00033356","2000-05-02","50.217","31.8","128.0","YAHOTYN, UP",,,,,"  105",",,u","   14",",,u","   61",",,u"
"UPM00033356","2000-05-03","50.217","31.8","128.0","YAHOTYN, UP",,,,,"  142",",,u","   24",",,u","   82",",,u"
"UPM00033356","2000-05-04","50.217","31.8","128.0","YAHOTYN, UP",,,,,"  179",",,u","    4",",,u","  106",",,u"
"UPM00033356","2000-05-05","50.217","31.8","128.0","YAHOTYN, UP",,,,,"  213",",,u","   66",",,u","  144",",,u"
"UPM00033356","2000-05-06","50.217","31.8","128.0","YAHOTYN, UP",,,,,"  237",",,u","   50",",,u","  156",",,u"
"UPM00033356","2000-05-07","50.217","31.8","128.0","YAHOTYN, UP",,,,,"  152",",,u","   98",",,u","  118",",,u"
"UPM00033356","2000-05-08","50.217","31.8","128.0","YAHOTYN, UP","    0","B,,u",,,"  186",",,u","   40",",,u","  126",",,u"
"UPM00033356","2000-05-09","50.217","31.8","128.0","YAHOTYN, UP",,,,,"  228",",,u","   66",",,u","  163",",,u"
"UPM00033356","2000-05-10","50.217","31.8","128.0","YAHOTYN, UP",,,,,"  225",",,u","   76",",,u","  157",",,u"
"UPM00033356","2000-05-11","50.217","31.8","128.0","YAHOTYN, UP",,,,,"  247",",,u","   78",",,u","  176",",,u"
"UPM00033356","2000-05-12","50.217","31.8","128.0","YAHOTYN, UP",,,,,"  124",",,u","  124",",,u","  111",",,u"
"UPM00033356","2000-05-13","50.217","31.8","128.0","YAHOTYN, UP",,,,,"  117",",,u","   28",",,u","   74",",,u"
"UPM00033356","2000-05-14","50.217","31.8","128.0","YAHOTYN, UP",,,,,"  163",",,u","   67",",,u","  124",",,u"
"UPM00033356","2000-05-15","50.217","31.8","128.0","YAHOTYN, UP","    0","B,,u",,,"  186",",,u","   91",",,u","  131",",,u"
"UPM00033356","2000-05-16","50.217","31.8","128.0","YAHOTYN, UP","    8","B,,u",,,"  232",",,u","   79",",,u","  157",",,u"
"UPM00033356","2000-05-17","50.217","31.8","128.0","YAHOTYN, UP",,,,,"  221",",,u","   33",",,u","  134",",,u"
"UPM00033356","2000-05-18","50.217","31.8","128.0","YAHOTYN, UP",,,,,"  258",",,u","   78",",,u","  180",",,u"
"UPM00033356","2000-05-19","50.217","31.8","128.0","YAHOTYN, UP",,,,,"  260",",,u","  150",",,u","  176",",,u"
"UPM00033356","2000-05-20","50.217","31.8","128.0","YAHOTYN, UP","   40","B,,u",,,"  152",",,u","  123",",,u","  136",",,u"
"UPM00033356","2000-05-21","50.217","31.8","128.0","YAHOTYN, UP","   70","B,,u",,,"  201",",,u","  125",",,u","  147",",,u"
"UPM00033356","2000-05-22","50.217","31.8","128.0","YAHOTYN, UP","  120","B,,u",,,"  152",",,u","   88",",,u","  124",",,u"
"UPM00033356","2000-05-23","50.217","31.8","128.0","YAHOTYN, UP","   30","B,,u",,,"  207",",,u","  106",",,u","  152",",,u"
"UPM00033356","2000-05-24","50.217","31.8","128.0","YAHOTYN, UP","   90","B,,u",,,"  217",",,u","  120",",,u","  162",",,u"
"UPM00033356","2000-05-25","50.217","31.8","128.0","YAHOTYN, UP",,,,,"  232",",,u","   98",",,u","  172",",,u"
"UPM00033356","2000-05-26","50.217","31.8","128.0","YAHOTYN, UP",,,,,"  252",",,u","  102",",,u","  199",",,u"
"UPM00033356","2000-05-27","50.217","31.8","128.0","YAHOTYN, UP",,,,,"  272",",,u","  132",",,u","  207",",,u"
"UPM00033356","2000-05-28","50.217","31.8","128.0","YAHOTYN, UP",,,,,"  285",",,u","  140",",,u","  218",",,u"
"UPM00033356","2000-05-29","50.217","31.8","128.0","YAHOTYN, UP",,,,,"  303",",,u","  156",",,u","  230",",,u"
"UPM00033356","2000-05-30","50.217","31.8","128.0","YAHOTYN, UP",,,,,"  262",",,u","  152",",,u","  209",",,u"
"UPM00033356","2000-05-31","50.217","31.8","128.0","YAHOTYN, UP","  140","B,,u",,,"  167",",,u","  136",",,u","  150",",,u"
"UPM00033356","2000-06-01","50.217","31.8","128.0","YAHOTYN, UP","    8","B,,u",,,"  183",",,u","  115",",,u","  154",",,u"
"UPM00033356","2000-06-02","50.217","31.8","128.0","YAHOTYN, UP",,,,,"  209",",,u","  118",",,u","  166",",,u"
"UPM00033356","2000-06-03","50.217","31.8","128.0","YAHOTYN, UP",,,,,"  237",",,u","  110",",,u","  174",",,u"
"UPM00033356","2000-06-04","50.217","31.8","128.0","YAHOTYN, UP",,,,,"  283",",,u","  100",",,u","  205",",,u"
"UPM00033356","2000-06-05","50.217","31.8","128.0","YAHOTYN, UP",,,,,"  296",",,u","  138",",,u","  227",",,u"
"UPM00033356","2000-06-06","50.217","31.8","128.0","YAHOTYN, UP",,,,,,,"  155",",,u","  228",",,u"
"UPM00033356","2000-06-07","50.217","31.8","128.0","YAHOTYN, UP",,,,,"  323",",,u",,,"  253",",,u"
"UPM00033356","2000-06-08","50.217","31.8","128.0","YAHOTYN, UP","    1","B,,u",,,"  225",",,u","  148",",,u","  177",",,u"
"UPM00033356","2000-06-09","50.217","31.8","128.0","YAHOTYN, UP","    0","B,,u",,,"  207",",,u","   95",",,u","  157",",,u"
"UPM00033356","2000-06-10","50.217","31.8","128.0","YAHOTYN, UP",,,,,"  238",",,u","  128",",,u","  188",",,u"
"UPM00033356","2000-06-11","50.217","31.8","128.0","YAHOTYN, UP",,,,,,,"  132",",,u","  185",",,u"
"UPM00033356","2000-06-12","50.217","31.8","128.0","YAHOTYN, UP",,,,,"  299",",,u","  115",",,u","  213",",,u"
"UPM00033356","2000-06-13","50.217","31.8","128.0","YAHOTYN, UP",,,,,,,"  190",",,u","  204",",,u"
"UPM00033356","2000-06-14","50.217","31.8","128.0","YAHOTYN, UP",,,,,"  288",",,u","  117",",,u","  214",",,u"
"UPM00033356","2000-06-15","50.217","31.8","128.0","YAHOTYN, UP",,,,,"  287",",,u","  162",",,u","  203",",,u"
"UPM00033356","2000-06-16","50.217","31.8","128.0","YAHOTYN, UP","   80","B,,u",,,"  202",",,u","  142",",,u","  171",",,u"
"UPM00033356","2000-06-17","50.217","31.8","128.0","YAHOTYN, UP","   10","B,,u",,,"  173",",,u","  110",",,u","  135",",,u"
"UPM00033356","2000-06-18","50.217","31.8","128.0","YAHOTYN, UP","    8","B,,u",,,"  161",",,u","   97",",,u","  112",",,u"
"UPM00033356","2000-06-19","50.217","31.8","128.0","YAHOTYN, UP","    9","B,,u",,,"  175",",,u","   66",",,u","  125",",,u"
"UPM00033356","2000-06-20","50.217","31.8","128.0","YAHOTYN, UP","    4","B,,u",,,"  173",",,u","   88",",,u","  135",",,u"
"UPM00033356","2000-06-21","50.217","31.8","128.0","YAHOTYN, UP","   20","B,,u",,,"  161",",,u","   95",",,u","  119",",,u"
"UPM00033356","2000-06-22","50.217","31.8","128.0","YAHOTYN, UP","  100","B,,u",,,"  205",",,u","  112",",,u","  155",",,u"
"UPM00033356","2000-06-23","50.217","31.8","128.0","YAHOTYN, UP","    0","B,,u",,,"  242",",,u",,,"  177",",,u"
"UPM00033356","2000-06-24","50.217","31.8","128.0","YAHOTYN, UP",,,,,"  294",",,u","  122",",,u","  208",",,u"
"UPM00033356","2000-06-25","50.217","31.8","128.0","YAHOTYN, UP",,,,,"  256",",,u","  170",",,u","  198",",,u"
"UPM00033356","2000-06-26","50.217","31.8","128.0","YAHOTYN, UP","  340","B,,u",,,"  252",",,u","  154",",,u","  185",",,u"
"UPM00033356","2000-06-27","50.217","31.8","128.0","YAHOTYN, UP","  110","B,,u",,,"  220",",,u","  115",",,u","  173",",,u"
"UPM00033356","2000-06-28","50.217","31.8","128.0","YAHOTYN, UP",,,,,"  183",",,u","  114",",,u","  149",",,u"
"UPM00033356","2000-06-29","50.217","31.8","128.0","YAHOTYN, UP",,,,,"  197",",,u","   88",",,u","  146",",,u"
"UPM00033356","2000-06-30","50.217","31.8","128.0","YAHOTYN, UP","    3","B,,u",,,"  211",",,u","  110",",,u","  160",",,u"
"UPM00033356","2000-07-01","50.217","31.8","128.0","YAHOTYN, UP","   30","B,,u",,,"  239",",,u","  144",",,u","  183",",,u"
"UPM00033356","2000-07-02","50.217","31.8","128.0","YAHOTYN, UP","    0","B,,u",,,"  269",",,u","  110",",,u","  199",",,u"
"UPM00033356","2000-07-03","50.217","31.8","128.0","YAHOTYN, UP","    1","B,,u",,,,,"  160",",,u","  170",",,u"
"UPM00033356","2000-07-05","50.217","31.8","128.0","YAHOTYN, UP",,,,,"  252",",,u",,,"  196",",,u"
"UPM00033356","2000-07-06","50.217","31.8","128.0","YAHOTYN, UP","   20","B,,u",,,"  232",",,u","  158",",,u","  181",",,u"
"UPM00033356","2000-07-07","50.217","31.8","128.0","YAHOTYN, UP","   10","B,,u",,,"  247",",,u","  153",",,u","  189",",,u"
"UPM00033356","2000-07-08","50.217","31.8","128.0","YAHOTYN, UP","   30","B,,u",,,"  252",",,u","  133",",,u","  190",",,u"
"UPM00033356","2000-07-09","50.217","31.8","128.0","YAHOTYN, UP","   20","B,,u",,,"  245",",,u",,,"  199",",,u"
"UPM00033356","2000-07-10","50.217","31.8","128.0","YAHOTYN, UP","  260","B,,u",,,"  164",",,u","  153",",,u","  160",",,u"
"UPM00033356","2000-07-11","50.217","31.8","128.0","YAHOTYN, UP","   50","B,,u",,,"  254",",,u","  126",",,u","  181",",,u"
"UPM00033356","2000-07-12","50.217","31.8","128.0","YAHOTYN, UP",,,,,"  273",",,u","  152",",,u","  214",",,u"
"UPM00033356","2000-07-13","50.217","31.8","128.0","YAHOTYN, UP","   10","B,,u",,,,,"  165",",,u","  186",",,u"
"UPM00033356","2000-07-14","50.217","31.8","128.0","YAHOTYN, UP","  130","B,,u",,,,,"  183",",,u","  183",",,u"
"UPM00033356","2000-07-15","50.217","31.8","128.0","YAHOTYN, UP","   10","B,,u",,,"  239",",,u","  117",",,u","  178",",,u"
"UPM00033356","2000-07-16","50.217","31.8","128.0","YAHOTYN, UP",,,,,"  247",",,u","  130",",,u","  197",",,u"
"UPM00033356","2000-07-17","50.217","31.8","128.0","YAHOTYN, UP",,,,,"  252",",,u","  165",",,u","  191",",,u"
"UPM00033356","2000-07-18","50.217","31.8","128.0","YAHOTYN, UP","   90","B,,u",,,"  226",",,u","  110",",,u","  167",",,u"
"UPM00033356","2000-07-19","50.217","31.8","128.0","YAHOTYN, UP","    0","B,,u",,,"  237",",,u","  120",",,u","  179",",,u"
"UPM00033356","2000-07-20","50.217","31.8","128.0","YAHOTYN, UP",,,,,,,"  140",",,u","  202",",,u"
"UPM00033356","2000-07-21","50.217","31.8","128.0","YAHOTYN, UP","  230","B,,u",,,"  216",",,u","  166",",,u","  175",",,u"
"UPM00033356","2000-07-22","50.217","31.8","128.0","YAHOTYN, UP","   30","B,,u",,,"  246",",,u","  126",",,u","  193",",,u"
"UPM00033356","2000-07-23","50.217","31.8","128.0","YAHOTYN, UP",,,,,"  237",",,u","  145",",,u","  191",",,u"
"UPM00033356","2000-07-24","50.217","31.8","128.0","YAHOTYN, UP","  570","B,,u",,,"  256",",,u","  162",",,u","  205",",,u"
"UPM00033356","2000-07-25","50.217","31.8","128.0","YAHOTYN, UP","   10","B,,u",,,"  272",",,u","  146",",,u","  216",",,u"
"UPM00033356","2000-07-26","50.217","31.8","128.0","YAHOTYN, UP",,,,,"  272",",,u","  180",",,u","  230",",,u"
"UPM00033356","2000-07-27","50.217","31.8","128.0","YAHOTYN, UP",,,,,"  254",",,u","  168",",,u","  195",",,u"
"UPM00033356","2000-07-28","50.217","31.8","128.0","YAHOTYN, UP",,,,,"  242",",,u","  164",",,u","  199",",,u"
"UPM00033356","2000-07-29","50.217","31.8","128.0","YAHOTYN, UP",,,,,"  255",",,u","  145",",,u","  199",",,u"
"UPM00033356","2000-07-30","50.217","31.8","128.0","YAHOTYN, UP","   50","B,,u",,,"  262",",,u","  180",",,u","  211",",,u"
"UPM00033356","2000-07-31","50.217","31.8","128.0","YAHOTYN, UP",,,,,"  215",",,u","  150",",,u","  185",",,u"
"UPM00033356","2000-08-01","50.217","31.8","128.0","YAHOTYN, UP",,,,,"  230",",,u","  170",",,u","  190",",,u"
"UPM00033356","2000-08-02","50.217","31.8","128.0","YAHOTYN, UP",,,,,"  252",",,u","  140",",,u","  197",",,u"
"UPM00033356","2000-08-03","50.217","31.8","128.0","YAHOTYN, UP",,,,,"  267",",,u","  145",",,u","  206",",,u"
"UPM00033356","2000-08-04","50.217","31.8","128.0","YAHOTYN, UP",,,,,"  281",",,u","  152",",,u","  225",",,u"
"UPM00033356","2000-08-05","50.217","31.8","128.0","YAHOTYN, UP",,,,,,,"  166",",,u","  206",",,u"
"UPM00033356","2000-08-06","50.217","31.8","128.0","YAHOTYN, UP",,,,,"  271",",,u",,,"  207",",,u"
"UPM00033356","2000-08-07","50.217","31.8","128.0","YAHOTYN, UP",,,,,"  289",",,u","  156",",,u","  225",",,u"
"UPM00033356","2000-08-08","50.217","31.8","128.0","YAHOTYN, UP","    5","B,,u",,,"  273",",,u","  198",",,u","  222",",,u"
"UPM00033356","2000-08-09","50.217","31.8","128.0","YAHOTYN, UP","  130","B,,u",,,"  226",",,u","  152",",,u","  185",",,u"
"UPM00033356","2000-08-10","50.217","31.8","128.0","YAHOTYN, UP","    7","B,,u",,,"  238",",,u","  123",",,u","  178",",,u"
"UPM00033356","2000-08-11","50.217","31.8","128.0","YAHOTYN, UP",,,,,"  257",",,u","  112",",,u","  194",",,u"
"UPM00033356","2000-08-12","50.217","31.8","128.0","YAHOTYN, UP","  100","B,,u",,,"  288",",,u","  154",",,u","  210",",,u"
"UPM00033356","2000-08-13","50.217","31.8","128.0","YAHOTYN, UP",,,,,"  272",",,u","  160",",,u","  218",",,u"
"UPM00033356","2000-08-14","50.217","31.8","128.0","YAHOTYN, UP","   30","B,,u",,,"  257",",,u","  174",",,u","  201",",,u"
"UPM00033356","2000-08-15","50.217","31.8","128.0","YAHOTYN, UP","   30","B,,u",,,"  255",",,u","  136",",,u","  194",",,u"
"UPM00033356","2000-08-16","50.217","31.8","128.0","YAHOTYN, UP",,,,,"  162",",,u","  132",",,u","  201",",,u"
"UPM00033356","2000-08-17","50.217","31.8","128.0","YAHOTYN, UP",,,,,,,"  128",",,u","  209",",,u"
"UPM00033356","2000-08-18","50.217","31.8","128.0","YAHOTYN, UP",,,,,"  299",",,u","  158",",,u","  236",",,u"
"UPM00033356","2000-08-19","50.217","31.8","128.0","YAHOTYN, UP",,,,,"  288",",,u","  176",",,u","  232",",,u"
"UPM00033356","2000-08-20","50.217","31.8","128.0","YAHOTYN, UP",,,,,"  328",",,u","  159",",,u","  243",",,u"
"UPM00033356","2000-08-21","50.217","31.8","128.0","YAHOTYN, UP",,,,,"  348",",,u","  190",",,u","  264",",,u"
"UPM00033356","2000-08-22","50.217","31.8","128.0","YAHOTYN, UP",,,,,"  357",",,u","  182",",,u","  273",",,u"
"UPM00033356","2000-08-23","50.217","31.8","128.0","YAHOTYN, UP",,,,,"  237",",,u","  173",",,u","  193",",,u"
"UPM00033356","2000-08-24","50.217","31.8","128.0","YAHOTYN, UP","    0","B,,u",,,"  208",",,u","  130",",,u","  163",",,u"
"UPM00033356","2000-08-25","50.217","31.8","128.0","YAHOTYN, UP",,,,,,,"   77",",,u","  155",",,u"
"UPM00033356","2000-08-26","50.217","31.8","128.0","YAHOTYN, UP","    0","B,,u",,,"  157",",,u","  138",",,u","  143",",,u"
"UPM00033356","2000-08-27","50.217","31.8","128.0","YAHOTYN, UP","   50","B,,u",,,"  225",",,u","  136",",,u","  171",",,u"
"UPM00033356","2000-08-28","50.217","31.8","128.0","YAHOTYN, UP","    7","B,,u",,,"  243",",,u","  130",",,u","  181",",,u"
"UPM00033356","2000-08-29","50.217","31.8","128.0","YAHOTYN, UP","    0","B,,u",,,"  228",",,u","  138",",,u","  169",",,u"
"UPM00033356","2000-08-30","50.217","31.8","128.0","YAHOTYN, UP","    0","B,,u",,,"  209",",,u","  132",",,u","  161",",,u"
"UPM00033356","2000-08-31","50.217","31.8","128.0","YAHOTYN, UP","    0","B,,u",,,"  202",",,u","  135",",,u","  158",",,u"
"UPM00033356","2000-09-01","50.217","31.8","128.0","YAHOTYN, UP","    0","B,,u",,,"  234",",,u","  102",",,u","  174",",,u"
"UPM00033356","2000-09-02","50.217","31.8","128.0","YAHOTYN, UP","   30","B,,u",,,"  181",",,u","  146",",,u","  160",",,u"
"UPM00033356","2000-09-03","50.217","31.8","128.0","YAHOTYN, UP","   70","B,,u",,,"  237",",,u","  148",",,u","  183",",,u"
"UPM00033356","2000-09-04","50.217","31.8","128.0","YAHOTYN, UP",,,,,"  208",",,u",,,"  167",",,u"
"UPM00033356","2000-09-05","50.217","31.8","128.0","YAHOTYN, UP","    3","B,,u",,,"  189",",,u","  109",",,u","  149",",,u"
"UPM00033356","2000-09-06","50.217","31.8","128.0","YAHOTYN, UP",,,,,"  176",",,u","  126",",,u","  144",",,u"
"UPM00033356","2000-09-07","50.217","31.8","128.0","YAHOTYN, UP","  100","B,,u",,,"  171",",,u","  110",",,u","  136",",,u"
"UPM00033356","2000-09-08","50.217","31.8","128.0","YAHOTYN, UP","  190","B,,u",,,"  165",",,u","  131",",,u","  142",",,u"
"UPM00033356","2000-09-09","50.217","31.8","128.0","YAHOTYN, UP","  130","B,,u",,,"  196",",,u","  127",",,u","  144",",,u"
"UPM00033356","2000-09-10","50.217","31.8","128.0","YAHOTYN, UP",,,,,"  242",",,u","  100",",,u","  175",",,u"
"UPM00033356","2000-09-11","50.217","31.8","128.0","YAHOTYN, UP",,,,,"  211",",,u","  140",",,u","  154",",,u"
"UPM00033356","2000-09-12","50.217","31.8","128.0","YAHOTYN, UP",,,,,"  196",",,u","  106",",,u","  147",",,u"
"UPM00033356","2000-09-13","50.217","31.8","128.0","YAHOTYN, UP","    4","B,,u",,,,,"   87",",,u","  131",",,u"
"UPM00033356","2000-09-14","50.217","31.8","128.0","YAHOTYN, UP",,,,,"  201",",,u","  110",",,u","  148",",,u"
"UPM00033356","2000-09-15","50.217","31.8","128.0","YAHOTYN, UP","   20","B,,u",,,"  115",",,u","   93",",,u","  101",",,u"
"UPM00033356","2000-09-16","50.217","31.8","128.0","YAHOTYN, UP","   50","B,,u",,,"  142",",,u","   53",",,u","   89",",,u"
"UPM00033356","2000-09-17","50.217","31.8","128.0","YAHOTYN, UP",,,,,"  134",",,u","   33",",,u","   86",",,u"
"UPM00033356","2000-09-18","50.217","31.8","128.0","YAHOTYN, UP","   50","B,,u",,,"   88",",,u",,,"   71",",,u"
"UPM00033356","2000-09-19","50.217","31.8","128.0","YAHOTYN, UP","   60","B,,u",,,,,"   53",",,u","   79",",,u"
"UPM00033356","2000-09-21","50.217","31.8","128.0","YAHOTYN, UP",,,,,"  118",",,u",,,"  112",",,u"
"UPM00033356","2000-09-22","50.217","31.8","128.0","YAHOTYN, UP","   50","B,,u",,,"  143",",,u","   86",",,u","  107",",,u"
"UPM00033356","2000-09-23","50.217","31.8","128.0","YAHOTYN, UP",,,,,"  122",",,u","   43",",,u","   75",",,u"
"UPM00033356","2000-09-24","50.217","31.8","128.0","YAHOTYN, UP",,,,,"  140",",,u","   14",",,u","   74",",,u"
"UPM00033356","2000-09-25","50.217","31.8","128.0","YAHOTYN, UP",,,,,"  147",",,u","   58",",,u","  102",",,u"
"UPM00033356","2000-09-26","50.217","31.8","128.0","YAHOTYN, UP",,,,,"  152",",,u","   80",",,u","  112",",,u"
"UPM00033356","2000-09-27","50.217","31.8","128.0","YAHOTYN, UP",,,,,"  161",",,u","   70",",,u","  101",",,u"
"UPM00033356","2000-09-28","50.217","31.8","128.0","YAHOTYN, UP",,,,,"  167",",,u","   23",",,u","   94",",,u"
"UPM00033356","2000-09-29","50.217","31.8","128.0","YAHOTYN, UP",,,,,"  151",",,u","   33",",,u","  100",",,u"
"UPM00033356","2000-09-30","50.217","31.8","128.0","YAHOTYN, UP",,,,,"  177",",,u","   53",",,u","  111",",,u"
"UPM00033356","2000-10-01","50.217","31.8","128.0","YAHOTYN, UP",,,,,"  186",",,u","   33",",,u","  105",",,u"
"UPM00033356","2000-10-02","50.217","31.8","128.0","YAHOTYN, UP",,,,,"  196",",,u","   38",",,u","  120",",,u"
"UPM00033356","2000-10-03","50.217","31.8","128.0","YAHOTYN, UP",,,,,"  234",",,u","   56",",,u","  142",",,u"
"UPM00033356","2000-10-04","50.217","31.8","128.0","YAHOTYN, UP",,,,,"  237",",,u","   85",",,u","  153",",,u"
"UPM00033356","2000-10-05","50.217","31.8","128.0","YAHOTYN, UP",,,,,"  222",",,u","   58",",,u","  135",",,u"
"UPM00033356","2000-10-06","50.217","31.8","128.0","YAHOTYN, UP",,,,,"  213",",,u","   53",",,u","  134",",,u"
"UPM00033356","2000-10-07","50.217","31.8","128.0","YAHOTYN, UP",,,,,"  194",",,u","   99",",,u","  138",",,u"
"UPM00033356","2000-10-08","50.217","31.8","128.0","YAHOTYN, UP",,,,,"  152",",,u","   78",",,u","  106",",,u"
"UPM00033356","2000-10-09","50.217","31.8","128.0","YAHOTYN, UP",,,,,"   76",",,u","   26",",,u","   52",",,u"
"UPM00033356","2000-10-10","50.217","31.8","128.0","YAHOTYN, UP",,,,,"   80",",,u","   44",",,u","   63",",,u"
"UPM00033356","2000-10-11","50.217","31.8","128.0","YAHOTYN, UP","    0","B,,u",,,"   94",",,u",,,"   80",",,u"
"UPM00033356","2000-10-12","50.217","31.8","128.0","YAHOTYN, UP","    0","B,,u",,,"  123",",,u","   80",",,u","   96",",,u"
"UPM00033356","2000-10-13","50.217","31.8","128.0","YAHOTYN, UP",,,,,"  157",",,u","   77",",,u","  103",",,u"
"UPM00033356","2000-10-14","50.217","31.8","128.0","YAHOTYN, UP",,,,,"  158",",,u","   18",",,u","   91",",,u"
"UPM00033356","2000-10-15","50.217","31.8","128.0","YAHOTYN, UP",,,,,"  148",",,u","   75",",,u","  104",",,u"
"UPM00033356","2000-10-16","50.217","31.8","128.0","YAHOTYN, UP",,,,,"  142",",,u","   38",",,u","   90",",,u"
"UPM00033356","2000-10-17","50.217","31.8","128.0","YAHOTYN, UP",,,,,"  122",",,u","   68",",,u","   94",",,u"
"UPM00033356","2000-10-18","50.217","31.8","128.0","YAHOTYN, UP",,,,,"   93",",,u","   72",",,u","   72",",,u"
"UPM00033356","2000-10-19","50.217","31.8","128.0","YAHOTYN, UP",,,,,"  102",",,u","    8",",,u","   49",",,u"
"UPM00033356","2000-10-20","50.217","31.8","128.0","YAHOTYN, UP",,,,,"  102",",,u","  -20",",,u","   36",",,u"
"UPM00033356","2000-10-21","50.217","31.8","128.0","YAHOTYN, UP",,,,,"   78",",,u",,,"   36",",,u"
"UPM00033356","2000-10-22","50.217","31.8","128.0","YAHOTYN, UP",,,,,"   93",",,u","   38",",,u","   55",",,u"
"UPM00033356","2000-10-23","50.217","31.8","128.0","YAHOTYN, UP",,,,,"  121",",,u","  -30",",,u","   36",",,u"
"UPM00033356","2000-10-24","50.217","31.8","128.0","YAHOTYN, UP",,,,,"  108",",,u","   10",",,u","   43",",,u"
"UPM00033356","2000-10-25","50.217","31.8","128.0","YAHOTYN, UP",,,,,"  115",",,u","  -20",",,u","   43",",,u"
"UPM00033356","2000-10-26","50.217","31.8","128.0","YAHOTYN, UP",,,,,"  161",",,u","   -2",",,u","   88",",,u"
"UPM00033356","2000-10-27","50.217","31.8","128.0","YAHOTYN, UP","    1","B,,u",,,"  148",",,u","   85",",,u","  107",",,u"
"UPM00033356","2000-10-28","50.217","31.8","128.0","YAHOTYN, UP","   10","B,,u",,,"  115",",,u","   46",",,u","   81",",,u"
"UPM00033356","2000-10-29","50.217","31.8","128.0","YAHOTYN, UP","   10","B,,u",,,"  136",",,u","   18",",,u","   73",",,u"
"UPM00033356","2000-10-30","50.217","31.8","128.0","YAHOTYN, UP",,,,,"  127",",,u","   33",",,u","   73",",,u"
"UPM00033356","2000-10-31","50.217","31.8","128.0","YAHOTYN, UP",,,,,"  145",",,u","   36",",,u","   91",",,u"
"UPM00033356","2000-11-01","50.217","31.8","128.0","YAHOTYN, UP",,,,,"  108",",,u","   76",",,u","   90",",,u"
"UPM00033356","2000-11-02","50.217","31.8","128.0","YAHOTYN, UP",,,,,"  114",",,u","   48",",,u","   87",",,u"
"UPM00033356","2000-11-03","50.217","31.8","128.0","YAHOTYN, UP","    3","B,,u",,,"  106",",,u","   86",",,u","   93",",,u"
"UPM00033356","2000-11-04","50.217","31.8","128.0","YAHOTYN, UP","   10","B,,u",,,"  100",",,u","   86",",,u","   94",",,u"
"UPM00033356","2000-11-05","50.217","31.8","128.0","YAHOTYN, UP","    9","B,,u",,,"  112",",,u",,,"  105",",,u"
"UPM00033356","2000-11-06","50.217","31.8","128.0","YAHOTYN, UP","   30","B,,u",,,"   92",",,u","   92",",I,u","   87",",,u"
"UPM00033356","2000-11-07","50.217","31.8","128.0","YAHOTYN, UP","  260","B,,u",,,"   62",",I,u","   56",",,u","   60",",,u"
"UPM00033356","2000-11-08","50.217","31.8","128.0","YAHOTYN, UP","   30","B,,u",,,"   66",",,u","   50",",I,u","   52",",,u"
"UPM00033356","2000-11-09","50.217","31.8","128.0","YAHOTYN, UP","   50","B,,u",,,"   38",",I,u","   37",",,u","   40",",,u"
"UPM00033356","2000-11-10","50.217","31.8","128.0","YAHOTYN, UP","   60","B,,u",,,"   56",",,u","   28",",,u","   39",",,u"
"UPM00033356","2000-11-11","50.217","31.8","128.0","YAHOTYN, UP","   10","B,,u",,,"   63",",,u","   24",",,u","   40",",,u"
"UPM00033356","2000-11-12","50.217","31.8","128.0","YAHOTYN, UP","   50","B,,u",,,"   62",",,u","   32",",,u","   35",",,u"
"UPM00033356","2000-11-13","50.217","31.8","128.0","YAHOTYN, UP",,,,,"   77",",,u","  -14",",,u","   34",",,u"
"UPM00033356","2000-11-14","50.217","31.8","128.0","YAHOTYN, UP",,,,,"   92",",,u","   50",",,u","   76",",,u"
"UPM00033356","2000-11-15","50.217","31.8","128.0","YAHOTYN, UP",,,,,"  105",",,u","   64",",,u","   82",",,u"
"UPM00033356","2000-11-16","50.217","31.8","128.0","YAHOTYN, UP",,,,,"  116",",,u","   90",",I,u","   94",",,u"
"UPM00033356","2000-11-17","50.217","31.8","128.0","YAHOTYN, UP",,,,,"   68",",I,u","   54",",,u","   62",",,u"
"UPM00033356","2000-11-18","50.217","31.8","128.0","YAHOTYN, UP",,,,,"   60",",,u","   18",",,u","   45",",,u"
"UPM00033356","2000-11-19","50.217","31.8","128.0","YAHOTYN, UP",,,,,"   59",",,u","   54",",I,u","   50",",,u"
"UPM00033356","2000-11-20","50.217","31.8","128.0","YAHOTYN, UP",,,,,"   34",",I,u","   18",",,u","   21",",,u"
"UPM00033356","2000-11-21","50.217","31.8","128.0","YAHOTYN, UP","    0","B,,u",,,"   31",",,u","    0",",,u","   16",",,u"
"UPM00033356","2000-11-22","50.217","31.8","128.0","YAHOTYN, UP","    0","B,,u",,,"   26",",,u","    0",",,u","   13",",,u"
"UPM00033356","2000-11-23","50.217","31.8","128.0","YAHOTYN, UP","    0","B,,u",,,"   27",",,u","   21",",,u","   17",",,u"
"UPM00033356","2000-11-24","50.217","31.8","128.0","YAHOTYN, UP",,,,,,,"  -13",",,u","   -7",",,u"
"UPM00033356","2000-11-27","50.217","31.8","128.0","YAHOTYN, UP",,,,,"  -59",",,u",,,"  -40",",,u"
"UPM00033356","2000-11-28","50.217","31.8","128.0","YAHOTYN, UP",,,,,"  -14",",,u","  -50",",,u","  -28",",,u"
"UPM00033356","2000-11-29","50.217","31.8","128.0","YAHOTYN, UP",,,,,"   -4",",,u","  -15",",,u","  -20",",,u"
"UPM00033356","2000-11-30","50.217","31.8","128.0","YAHOTYN, UP",,,,,"    2",",,u","  -55",",,u","  -19",",,u"
"UPM00033356","2000-12-01","50.217","31.8","128.0","YAHOTYN, UP","    0","B,,u",,,"   45",",,u","   -2",",,u","   13",",,u"
"UPM00033356","2000-12-02","50.217","31.8","128.0","YAHOTYN, UP","    3","B,,u",,,"   24",",,u","   -8",",,u","   12",",,u"
"UPM00033356","2000-12-03","50.217","31.8","128.0","YAHOTYN, UP",,,,,"   -2",",,u","  -10",",,u","   -7",",,u"
"UPM00033356","2000-12-04","50.217","31.8","128.0","YAHOTYN, UP",,,,,"    8",",,u","  -17",",,u","   -4",",,u"
"UPM00033356","2000-12-05","50.217","31.8","128.0","YAHOTYN, UP",,,,,,,"   10",",,u","   13",",,u"
"UPM00033356","2000-12-06","50.217","31.8","128.0","YAHOTYN, UP",,,,,"   58",",,u",,,"   40",",,u"
"UPM00033356","2000-12-07","50.217","31.8","128.0","YAHOTYN, UP",,,,,"   32",",,u","   26",",,u","   17",",,u"
"UPM00033356","2000-12-08","50.217","31.8","128.0","YAHOTYN, UP","    8","B,,u",,,,,"  -27",",,u","  -12",",,u"
"UPM00033356","2000-12-09","50.217","31.8","128.0","YAHOTYN, UP",,,,,"   -8",",,u","  -32",",,u","  -16",",,u"
"UPM00033356","2000-12-10","50.217","31.8","128.0","YAHOTYN, UP","   20","B,,u",,,"   33",",,u","   -8",",,u","   17",",,u"
"UPM00033356","2000-12-11","50.217","31.8","128.0","YAHOTYN, UP",,,,,"   57",",,u","   28",",,u","   38",",,u"
"UPM00033356","2000-12-12","50.217","31.8","128.0","YAHOTYN, UP",,,,,"   57",",,u","   30",",,u","   41",",,u"
"UPM00033356","2000-12-13","50.217","31.8","128.0","YAHOTYN, UP","   10","B,,u",,,"   70",",,u","   43",",,u","   52",",,u"
"UPM00033356","2000-12-14","50.217","31.8","128.0","YAHOTYN, UP","   60","B,,u",,,"   82",",,u","   49",",,u","   63",",,u"
"UPM00033356","2000-12-15","50.217","31.8","128.0","YAHOTYN, UP","   20","B,,u",,,"   67",",,u","   30",",,u","   46",",,u"
"UPM00033356","2000-12-16","50.217","31.8","128.0","YAHOTYN, UP","   10","B,,u",,,"   58",",,u","   44",",I,u","   45",",,u"
"UPM00033356","2000-12-17","50.217","31.8","128.0","YAHOTYN, UP","   10","B,,u",,,"   23",",I,u","  -10",",,u","    9",",,u"
"UPM00033356","2000-12-18","50.217","31.8","128.0","YAHOTYN, UP","   20","B,,u",,,"   18",",,u","    3",",,u","   12",",,u"
"UPM00033356","2000-12-19","50.217","31.8","128.0","YAHOTYN, UP","    0","B,,u",,,,,"   -5",",I,u","   -5",",,u"
"UPM00033356","2000-12-20","50.217","31.8","128.0","YAHOTYN, UP","    6","B,,u",,,"  -37",",I,u","  -41",",,u","  -52",",,u"
"UPM00033356","2000-12-21","50.217","31.8","128.0","YAHOTYN, UP","    2","B,,u",,,"  -34",",,u","  -90",",,u","  -48",",,u"
"UPM00033356","2000-12-22","50.217","31.8","128.0","YAHOTYN, UP","    2","B,,u",,,"  -39",",,u","  -60",",,u","  -47",",,u"
"UPM00033356","2000-12-23","50.217","31.8","128.0","YAHOTYN, UP","    0","B,,u",,,"  -27",",,u","  -55",",,u","  -42",",,u"
"UPM00033356","2000-12-24","50.217","31.8","128.0","YAHOTYN, UP","    0","B,,u",,,"  -37",",,u","  -71",",,u","  -59",",,u"
"UPM00033356","2000-12-25","50.217","31.8","128.0","YAHOTYN, UP",,,,,"   15",",,u","  -74",",,u","  -22",",,u"
"UPM00033356","2000-12-26","50.217","31.8","128.0","YAHOTYN, UP","    3","B,,u",,,,,"  -53",",,u","   -6",",,u"
"UPM00033356","2000-12-27","50.217","31.8","128.0","YAHOTYN, UP",,,,,,,,,"   24",",,u"
"UPM00033356","2001-01-01","50.217","31.8","128.0","YAHOTYN, UP","   30","B,,u",,,"   21",",,u","  -25",",,u","   -5",",,u"
"UPM00033356","2001-01-02","50.217","31.8","128.0","YAHOTYN, UP",,,,,"   20",",,u","   41",",I,u","  -11",",,u"
"UPM00033356","2001-01-03","50.217","31.8","128.0","YAHOTYN, UP",,,,,"   -7",",,u","  -22",",,u","  -12",",,u"
"UPM00033356","2001-01-04","50.217","31.8","128.0","YAHOTYN, UP","    0","B,,u",,,"    4",",,u","   -9",",,u","    0",",,u"
"UPM00033356","2001-01-05","50.217","31.8","128.0","YAHOTYN, UP","   20","B,,u",,,,,"    0",",,u","   13",",,u"
"UPM00033356","2001-01-06","50.217","31.8","128.0","YAHOTYN, UP",,,,,"   31",",,u","    0",",,u","   16",",,u"
"UPM00033356","2001-01-07","50.217","31.8","128.0","YAHOTYN, UP","    0","B,,u",,,"   60",",,u","   29",",,u","   48",",,u"
"UPM00033356","2001-01-08","50.217","31.8","128.0","YAHOTYN, UP","   10","B,,u",,,"   56",",,u","   36",",,u","   49",",,u"
"UPM00033356","2001-01-09","50.217","31.8","128.0","YAHOTYN, UP","   80","B,,u",,,"   71",",,u","   57",",I,u","   64",",,u"
"UPM00033356","2001-01-10","50.217","31.8","128.0","YAHOTYN, UP","  260","B,,u",,,"   19",",I,u","    6",",,u","   18",",,u"
"UPM00033356","2001-01-11","50.217","31.8","128.0","YAHOTYN, UP","    0","B,,u",,,"   24",",,u","   -5",",,u","    5",",,u"
"UPM00033356","2001-01-12","50.217","31.8","128.0","YAHOTYN, UP","    0","B,,u",,,"   -6",",,u","  -34",",,u","  -19",",,u"
"UPM00033356","2001-01-13","50.217","31.8","128.0","YAHOTYN, UP","   10","B,,u",,,"  184",",,u","  -31",",,u","  -19",",,u"
"UPM00033356","2001-01-14","50.217","31.8","128.0","YAHOTYN, UP","    2","B,,u",,,"  -24",",,u","  -90",",,u","  -33",",,u"
"UPM00033356","2001-01-15","50.217","31.8","128.0","YAHOTYN, UP","    0","B,,u",,,"    7",",,u","  -24",",,u","   -5",",,u"
"UPM00033356","2001-01-16","50.217","31.8","128.0","YAHOTYN, UP",,,,,"    5",",,u","   -7",",,u","   -3",",,u"
"UPM00033356","2001-01-17","50.217","31.8","128.0","YAHOTYN, UP",,,,,"  -12",",,u","  -12",",,u","  -15",",,u"
"UPM00033356","2001-01-18","50.217","31.8","128.0","YAHOTYN, UP",,,,,"  -15",",,u","  -35",",,u","  -23",",,u"
"UPM00033356","2001-01-19","50.217","31.8","128.0","YAHOTYN, UP","    0","B,,u",,,"  -15",",,u","  -18",",I,u","  -29",",,u"
"UPM00033356","2001-01-20","50.217","31.8","128.0","YAHOTYN, UP",,,,,"  -39",",I,u","  -45",",,u","  -42",",,u"
"UPM00033356","2001-01-21","50.217","31.8","128.0","YAHOTYN, UP","    0","B,,u",,,"  -51",",,u","  -55",",,u","  -57",",,u"
"UPM00033356","2001-01-22","50.217","31.8","128.0","YAHOTYN, UP","    5","B,,u",,,"  -46",",,u","  -85",",,u","  -57",",,u"
"UPM00033356","2001-01-23","50.217","31.8","128.0","YAHOTYN, UP","    0","B,,u",,,"  -47",",,u","  -75",",,u","  -69",",,u"
"UPM00033356","2001-01-24","50.217","31.8","128.0","YAHOTYN, UP","    0","B,,u",,,"  -46",",,u"," -123",",,u","  -84",",,u"
"UPM00033356","2001-01-25","50.217","31.8","128.0","YAHOTYN, UP",,,,,"  -16",",,u"," -114",",,u","  -60",",,u"
"UPM00033356","2001-01-26","50.217","31.8","128.0","YAHOTYN, UP",,,,,"   22",",,u","  -47",",,u","   -9",",,u"
"UPM00033356","2001-01-27","50.217","31.8","128.0","YAHOTYN, UP",,,,,"   44",",,u",,,"   32",",,u"
"UPM00033356","2001-01-28","50.217","31.8","128.0","YAHOTYN, UP","   50","B,,u",,,"   37",",,u","   18",",I,u","   28",",,u"
"UPM00033356","2001-01-29","50.217","31.8","128.0","YAHOTYN, UP","    0","B,,u",,,"    4",",I,u","   -1",",,u","    6",",,u"
"UPM00033356","2001-01-30","50.217","31.8","128.0","YAHOTYN, UP","    0","B,,u",,,"   17",",,u","    0",",,u","    8",",,u"
"UPM00033356","2001-01-31","50.217","31.8","128.0","YAHOTYN, UP","   30","B,,u",,,"    4",",,u","    0",",,u","    3",",,u"
"UPM00033356","2001-02-01","50.217","31.8","128.0","YAHOTYN, UP","  110","B,,u",,,"    6",",,u","    0",",I,u","    3",",,u"
"UPM00033356","2001-02-02","50.217","31.8","128.0","YAHOTYN, UP",,,,,"  -37",",I,u","  -47",",,u","  -30",",,u"
"UPM00033356","2001-02-03","50.217","31.8","128.0","YAHOTYN, UP","    0","B,,u",,,"  -53",",,u","  -61",",,u","  -60",",,u"
"UPM00033356","2001-02-04","50.217","31.8","128.0","YAHOTYN, UP","   10","B,,u",,,"  -44",",,u"," -104",",,u","  -61",",,u"
"UPM00033356","2001-02-05","50.217","31.8","128.0","YAHOTYN, UP","   30","B,,u",,,"  -65",",,u"," -104",",,u","  -50",",,u"
"UPM00033356","2001-02-06","50.217","31.8","128.0","YAHOTYN, UP","    3","B,,u",,,"  -22",",,u",,,"  -45",",,u"
"UPM00033356","2001-02-07","50.217","31.8","128.0","YAHOTYN, UP","    2","B,,u",,,"  -29",",,u","  -58",",,u","  -36",",,u"
"UPM00033356","2001-02-08","50.217","31.8","128.0","YAHOTYN, UP",,,,,"   12",",,u","  -41",",,u","  -10",",,u"
"UPM00033356","2001-02-09","50.217","31.8","128.0","YAHOTYN, UP","    0","B,,u",,,"   45",",,u","   12",",,u","   26",",,u"
"UPM00033356","2001-02-10","50.217","31.8","128.0","YAHOTYN, UP",,,,,"   29",",,u","   29",",,u","   22",",,u"
"UPM00033356","2001-02-11","50.217","31.8","128.0","YAHOTYN, UP","    0","B,,u",,,"   21",",,u","    0",",,u","  -11",",,u"
"UPM00033356","2001-02-12","50.217","31.8","128.0","YAHOTYN, UP",,,,,"    2",",,u","  -25",",,u","  -13",",,u"
"UPM00033356","2001-02-13","50.217","31.8","128.0","YAHOTYN, UP",,,,,"   37",",,u","   -7",",,u","   14",",,u"
"UPM00033356","2001-02-14","50.217","31.8","128.0","YAHOTYN, UP",,,,,"   27",",,u","   16",",,u","   18",",,u"
"UPM00033356","2001-02-15","50.217","31.8","128.0","YAHOTYN, UP","    0","B,,u",,,"   42",",,u","    0",",,u","   13",",,u"
"UPM00033356","2001-02-16","50.217","31.8","128.0","YAHOTYN, UP",,,,,"   44",",,u","   -4",",,u","   12",",,u"
"UPM00033356","2001-02-17","50.217","31.8","128.0","YAHOTYN, UP",,,,,"   15",",,u","  -24",",,u","  -10",",,u"
"UPM00033356","2001-02-18","50.217","31.8","128.0","YAHOTYN, UP",,,,,"   20",",,u","  -47",",,u","  -13",",,u"
"UPM00033356","2001-02-19","50.217","31.8","128.0","YAHOTYN, UP","    6","B,,u",,,"  -12",",,u","  -45",",I,u","  -33",",,u"
"UPM00033356","2001-02-20","50.217","31.8","128.0","YAHOTYN, UP","    2","B,,u",,,"  -69",",I,u"," -125",",,u","  -77",",,u"
"UPM00033356","2001-02-21","50.217","31.8","128.0","YAHOTYN, UP",,,,,"   10",",,u"," -104",",,u","  -23",",,u"
"UPM00033356","2001-02-22","50.217","31.8","128.0","YAHOTYN, UP","   40","B,,u",,,"    7",",,u","  -19",",,u","  -12",",,u"
"UPM00033356","2001-02-23","50.217","31.8","128.0","YAHOTYN, UP","    2","B,,u",,,"   -1",",,u","  -60",",,u","  -48",",,u"
"UPM00033356","2001-02-24","50.217","31.8","128.0","YAHOTYN, UP","    0","B,,u",,,"  -31",",,u","  -96",",,u","  -66",",,u"
"UPM00033356","2001-02-25","50.217","31.8","128.0","YAHOTYN, UP","    0","B,,u",,,"  -44",",,u"," -149",",,u","  -89",",,u"
"UPM00033356","2001-02-26","50.217","31.8","128.0","YAHOTYN, UP","    0","B,,u",,,"  -37",",,u"," -160",",,u","  -60",",,u"
"UPM00033356","2001-02-27","50.217","31.8","128.0","YAHOTYN, UP","    6","B,,u",,,"  -52",",,u","  -79",",,u","  -78",",,u"
"UPM00033356","2001-02-28","50.217","31.8","128.0","YAHOTYN, UP","   80","B,,u",,,"  -14",",,u"," -104",",,u","  -71",",,u"
"UPM00033356","2001-03-01","50.217","31.8","128.0","YAHOTYN, UP","    0","B,,u",,,"  -25",",,u"," -155",",,u","  -58",",,u"
"UPM00033356","2001-03-02","50.217","31.8","128.0","YAHOTYN, UP",,,,,"    7",",,u","  -19",",,u","  -10",",,u"
"UPM00033356","2001-03-03","50.217","31.8","128.0","YAHOTYN, UP","   90","B,,u",,,"   57",",,u","  -25",",,u","   49",",,u"
"UPM00033356","2001-03-04","50.217","31.8","128.0","YAHOTYN, UP","   30","B,,u",,,"   88",",,u","   20",",,u","   20",",,u"
"UPM00033356","2001-03-05","50.217","31.8","128.0","YAHOTYN, UP","   20","B,,u",,,"   74",",,u","   26",",,u","   46",",,u"
"UPM00033356","2001-03-06","50.217","31.8","128.0","YAHOTYN, UP","   70","B,,u",,,"   22",",,u","  -17",",,u","   -1",",,u"
"UPM00033356","2001-03-07","50.217","31.8","128.0","YAHOTYN, UP",,,,,"   68",",,u","  -17",",,u","   19",",,u"
"UPM00033356","2001-03-08","50.217","31.8","128.0","YAHOTYN, UP",,,,,"   31",",,u","  -15",",,u","    5",",,u"
"UPM00033356","2001-03-09","50.217","31.8","128.0","YAHOTYN, UP",,,,,"   46",",,u","  -19",",,u","    9",",,u"
"UPM00033356","2001-03-10","50.217","31.8","128.0","YAHOTYN, UP",,,,,"   60",",,u","    8",",,u","   31",",,u"
"UPM00033356","2001-03-11","50.217","31.8","128.0","YAHOTYN, UP","    3","B,,u",,,"   97",",,u","   23",",,u","   48",",,u"
"UPM00033356","2001-03-12","50.217","31.8","128.0","YAHOTYN, UP","    0","B,,u",,,"  132",",,u","   18",",,u","   63",",,u"
"UPM00033356","2001-03-13","50.217","31.8","128.0","YAHOTYN, UP","    0","B,,u",,,"  162",",,u","    4",",,u","   77",",,u"
"UPM00033356","2001-03-14","50.217","31.8","128.0","YAHOTYN, UP",,,,,"  171",",,u","   44",",,u","  101",",,u"
"UPM00033356","2001-03-15","50.217","31.8","128.0","YAHOTYN, UP","    0","B,,u",,,,,"   60",",,u","   56",",,u"
"UPM00033356","2001-03-16","50.217","31.8","128.0","YAHOTYN, UP","  140","B,,u",,,"   82",",,u","   19",",,u","   44",",,u"
"UPM00033356","2001-03-17","50.217","31.8","128.0","YAHOTYN, UP",,,,,"   97",",,u","   17",",,u","   54",",,u"
"UPM00033356","2001-03-18","50.217","31.8","128.0","YAHOTYN, UP","   10","B,,u",,,"   34",",,u","   16",",,u","   28",",,u"
"UPM00033356","2001-03-19","50.217","31.8","128.0","YAHOTYN, UP","  100","B,,u",,,"   54",",,u","    0",",,u","   24",",,u"
"UPM00033356","2001-03-20","50.217","31.8","128.0","YAHOTYN, UP","   30","B,,u",,,"   72",",,u","   29",",I,u","   47",",,u"
"UPM00033356","2001-03-21","50.217","31.8","128.0","YAHOTYN, UP","    6","B,,u",,,"    6",",I,u","   -3",",,u","   -1",",,u"
"UPM00033356","2001-03-22","50.217","31.8","128.0","YAHOTYN, UP","    0","B,,u",,,"   33",",,u","  -17",",,u","   -3",",,u"
"UPM00033356","2001-03-23","50.217","31.8","128.0","YAHOTYN, UP",,,,,"   63",",,u","  -35",",,u","   12",",,u"
"UPM00033356","2001-03-24","50.217","31.8","128.0","YAHOTYN, UP",,,,,"   40",",,u","  -15",",,u","    9",",,u"
"UPM00033356","2001-03-25","50.217","31.8","128.0","YAHOTYN, UP",,,,,"   44",",,u","  -23",",,u","   17",",,u"
"UPM00033356","2001-03-26","50.217","31.8","128.0","YAHOTYN, UP","  100","B,,u",,,"   40",",,u","   24",",I,u","   20",",,u"
"UPM00033356","2001-03-27","50.217","31.8","128.0","YAHOTYN, UP","   40","B,,u",,,"    3",",I,u","  -30",",,u","  -14",",,u"
"UPM00033356","2001-03-28","50.217","31.8","128.0","YAHOTYN, UP",,,,,"   12",",,u","  -29",",,u","  -10",",,u"
"UPM00033356","2001-03-29","50.217","31.8","128.0","YAHOTYN, UP",,,,,"   64",",,u","  -35",",,u","   10",",,u"
"UPM00033356","2001-03-30","50.217","31.8","128.0","YAHOTYN, UP",,,,,"   82",",,u","  -38",",,u","   19",",,u"
"UPM00033356","2001-03-31","50.217","31.8","128.0","YAHOTYN, UP",,,,,"   93",",,u","  -12",",,u","   43",",,u"
"UPM00033356","2001-04-01","50.217","31.8","128.0","YAHOTYN, UP",,,,,"   90",",,u","   -8",",,u","   38",",,u"
"UPM00033356","2001-04-02","50.217","31.8","128.0","YAHOTYN, UP",,,,,"  122",",,u","  -25",",,u","   57",",,u"
"UPM00033356","2001-04-03","50.217","31.8","128.0","YAHOTYN, UP",,,,,"  165",",,u","   34",",,u","   94",",,u"
"UPM00033356","2001-04-04","50.217","31.8","128.0","YAHOTYN, UP",,,,,"  189",",,u","   32",",,u","  114",",,u"
"UPM00033356","2001-04-05","50.217","31.8","128.0","YAHOTYN, UP",,,,,"  171",",,u","   43",",,u","  106",",,u"
"UPM00033356","2001-04-06","50.217","31.8","128.0","YAHOTYN, UP",,,,,"  161",",,u","   34",",,u","  104",",,u"
"UPM00033356","2001-04-07","50.217","31.8","128.0","YAHOTYN, UP",,,,,"  142",",,u","   62",",,u","   89",",,u"
"UPM00033356","2001-04-08","50.217","31.8","128.0","YAHOTYN, UP",,,,,"  182",",,u","   45",",,u","  114",",,u"
"UPM00033356","2001-04-09","50.217","31.8","128.0","YAHOTYN, UP",,,,,"  187",",,u","   53",",,u","  124",",,u"
"UPM00033356","2001-04-10","50.217","31.8","128.0","YAHOTYN, UP",,,,,"  197",",,u","   66",",,u","  132",",,u"
"UPM00033356","2001-04-11","50.217","31.8","128.0","YAHOTYN, UP",,,,,"  196",",,u","   78",",,u","  147",",,u"
"UPM00033356","2001-04-12","50.217","31.8","128.0","YAHOTYN, UP",,,,,"  204",",,u","   76",",,u","  131",",,u"
"UPM00033356","2001-04-13","50.217","31.8","128.0","YAHOTYN, UP",,,,,"  161",",,u","   61",",,u","  -29",",,u"
"UPM00033356","2001-04-14","50.217","31.8","128.0","YAHOTYN, UP","   60","B,,u",,,,,"   78",",,u","   62",",,u"
"UPM00033356","2001-04-15","50.217","31.8","128.0","YAHOTYN, UP","   20","B,,u",,,"  106",",,u","   -6",",,u","   48",",,u"
"UPM00033356","2001-04-16","50.217","31.8","128.0","YAHOTYN, UP",,,,,"  136",",,u","    7",",,u","   82",",,u"
"UPM00033356","2001-04-17","50.217","31.8","128.0","YAHOTYN, UP",,,,,"  147",",,u","   70",",,u","   91",",,u"
"UPM00033356","2001-04-18","50.217","31.8","128.0","YAHOTYN, UP",,,,,"  171",",,u","   40",",,u","  107",",,u"
"UPM00033356","2001-04-19","50.217","31.8","128.0","YAHOTYN, UP","    9","B,,u",,,"  152",",,u","   68",",,u","  104",",,u"
"UPM00033356","2001-04-20","50.217","31.8","128.0","YAHOTYN, UP",,,,,"  187",",,u","   50",",,u","  123",",,u"
"UPM00033356","2001-04-21","50.217","31.8","128.0","YAHOTYN, UP",,,,,"  157",",,u","   86",",,u","  126",",,u"
"UPM00033356","2001-04-22","50.217","31.8","128.0","YAHOTYN, UP","   20","B,,u",,,"  201",",,u","  100",",,u","  145",",,u"
"UPM00033356","2001-04-23","50.217","31.8","128.0","YAHOTYN, UP","   70","B,,u",,,"  212",",,u","  116",",,u","  156",",,u"
"UPM00033356","2001-04-24","50.217","31.8","128.0","YAHOTYN, UP","   50","B,,u",,,"  177",",,u","  105",",,u","  133",",,u"
"UPM00033356","2001-04-25","50.217","31.8","128.0","YAHOTYN, UP",,,,,"  148",",,u","   94",",,u","  121",",,u"
"UPM00033356","2001-04-26","50.217","31.8","128.0","YAHOTYN, UP","    0","B,,u",,,"  166",",,u","   73",",,u","  119",",,u"
"UPM00033356","2001-04-27","50.217","31.8","128.0","YAHOTYN, UP","  140","B,,u",,,"  152",",,u","  104",",,u","  115",",,u"
"UPM00033356","2001-04-28","50.217","31.8","128.0","YAHOTYN, UP","  100","B,,u",,,"  170",",,u","   66",",,u","  101",",,u"
"UPM00033356","2001-04-29","50.217","31.8","128.0","YAHOTYN, UP","    9","B,,u",,,"  193",",,u","   56",",,u","  121",",,u"
"UPM00033356","2001-04-30","50.217","31.8","128.0","YAHOTYN, UP","    3","B,,u",,,"  212",",,u","   68",",,u","  152",",,u"
"UPM00033356","2001-05-01","50.217","31.8","128.0","YAHOTYN, UP",,,,,"  234",",,u","   80",",,u","  168",",,u"
"UPM00033356","2001-05-02","50.217","31.8","128.0","YAHOTYN, UP",,,,,"  249",",,u","   88",",,u","  174",",,u"
"UPM00033356","2001-05-03","50.217","31.8","128.0","YAHOTYN, UP","   20","B,,u",,,"  192",",,u","  113",",,u","  136",",,u"
"UPM00033356","2001-05-04","50.217","31.8","128.0","YAHOTYN, UP",,,,,"  208",",,u","   80",",,u","  150",",,u"
"UPM00033356","2001-05-05","50.217","31.8","128.0","YAHOTYN, UP",,,,,"  232",",,u","  112",",,u","  175",",,u"
"UPM00033356","2001-05-06","50.217","31.8","128.0","YAHOTYN, UP","    0","B,,u",,,"  243",",,u","  108",",,u","  171",",,u"
"UPM00033356","2001-05-07","50.217","31.8","128.0","YAHOTYN, UP","    4","B,,u",,,"  248",",,u","  110",",,u","  184",",,u"
"UPM00033356","2001-05-08","50.217","31.8","128.0","YAHOTYN, UP",,,,,"  184",",,u","  126",",,u","  144",",,u"
"UPM00033356","2001-05-09","50.217","31.8","128.0","YAHOTYN, UP",,,,,"  141",",,u","   53",",,u","  100",",,u"
"UPM00033356","2001-05-10","50.217","31.8","128.0","YAHOTYN, UP","    7","B,,u",,,"  181",",,u","   63",",,u","  120",",,u"
"UPM00033356","2001-05-11","50.217","31.8","128.0","YAHOTYN, UP","    3","B,,u",,,"  160",",,u","   90",",,u","  117",",,u"
"UPM00033356","2001-05-12","50.217","31.8","128.0","YAHOTYN, UP",,,,,"  166",",,u","   56",",,u","   96",",,u"
"UPM00033356","2001-05-13","50.217","31.8","128.0","YAHOTYN, UP",,,,,"  132",",,u","   68",",,u","   86",",,u"
"UPM00033356","2001-05-14","50.217","31.8","128.0","YAHOTYN, UP",,,,,"  160",",,u","   23",",,u","   96",",,u"
"UPM00033356","2001-05-15","50.217","31.8","128.0","YAHOTYN, UP",,,,,"  215",",,u","   45",",,u","  144",",,u"
"UPM00033356","2001-05-16","50.217","31.8","128.0","YAHOTYN, UP",,,,,"  232",",,u","   77",",,u","  160",",,u"
"UPM00033356","2001-05-17","50.217","31.8","128.0","YAHOTYN, UP",,,,,"  242",",,u","  108",",,u","  176",",,u"
"UPM00033356","2001-05-18","50.217","31.8","128.0","YAHOTYN, UP",,,,,"  262",",,u","  121",",,u","  191",",,u"
"UPM00033356","2001-05-19","50.217","31.8","128.0","YAHOTYN, UP",,,,,"  201",",,u","   88",",,u","  150",",,u"
"UPM00033356","2001-05-20","50.217","31.8","128.0","YAHOTYN, UP","  100","B,,u",,,"  173",",,u","  110",",,u","  133",",,u"
"UPM00033356","2001-05-21","50.217","31.8","128.0","YAHOTYN, UP",,,,,"  196",",,u","   68",",,u","  136",",,u"
"UPM00033356","2001-05-22","50.217","31.8","128.0","YAHOTYN, UP",,,,,"  161",",,u","  100",",,u","  119",",,u"
"UPM00033356","2001-05-23","50.217","31.8","128.0","YAHOTYN, UP",,,,,"  152",",,u","   41",",,u","  102",",,u"
"UPM00033356","2001-05-24","50.217","31.8","128.0","YAHOTYN, UP",,,,,"  211",",,u","   25",",,u","  140",",,u"
"UPM00033356","2001-05-25","50.217","31.8","128.0","YAHOTYN, UP",,,,,"  250",",,u","  102",",,u","  171",",,u"
"UPM00033356","2001-05-26","50.217","31.8","128.0","YAHOTYN, UP","   50","B,,u",,,"  156",",,u","   90",",,u","  115",",,u"
"UPM00033356","2001-05-27","50.217","31.8","128.0","YAHOTYN, UP",,,,,"  176",",,u","   32",",,u","  115",",,u"
"UPM00033356","2001-05-28","50.217","31.8","128.0","YAHOTYN, UP",,,,,"  221",",,u","   98",",,u","  142",",,u"
"UPM00033356","2001-05-29","50.217","31.8","128.0","YAHOTYN, UP","  140","B,,u",,,"  186",",,u","  100",",,u","  134",",,u"
"UPM00033356","2001-05-30","50.217","31.8","128.0","YAHOTYN, UP","  140","B,,u",,,"  147",",,u","   83",",,u","  118",",,u"
"UPM00033356","2001-05-31","50.217","31.8","128.0","YAHOTYN, UP",,,,,"  156",",,u","   68",",,u","  113",",,u"
"UPM00033356","2001-06-01","50.217","31.8","128.0","YAHOTYN, UP",,,,,"  152",",,u","   55",",,u","  101",",,u"
"UPM00033356","2001-06-02","50.217","31.8","128.0","YAHOTYN, UP","   60","B,,u",,,"  186",",,u","   51",",,u","  114",",,u"
"UPM00033356","2001-06-03","50.217","31.8","128.0","YAHOTYN, UP",,,,,,,"   73",",,u","  143",",,u"
"UPM00033356","2001-06-04","50.217","31.8","128.0","YAHOTYN, UP","  130","B,,u",,,"  197",",,u","  110",",,u","  159",",,u"
"UPM00033356","2001-06-05","50.217","31.8","128.0","YAHOTYN, UP","   10","B,,u",,,"  159",",,u","  137",",,u","  144",",,u"
"UPM00033356","2001-06-06","50.217","31.8","128.0","YAHOTYN, UP","  260","B,,u",,,"  191",",,u","  115",",,u","  145",",,u"
"UPM00033356","2001-06-07","50.217","31.8","128.0","YAHOTYN, UP","   50","B,,u",,,"  205",",,u","  120",",,u","  160",",,u"
"UPM00033356","2001-06-08","50.217","31.8","128.0","YAHOTYN, UP","    0","B,,u",,,"  195",",,u","  122",",,u","  154",",,u"
"UPM00033356","2001-06-09","50.217","31.8","128.0","YAHOTYN, UP","    7","B,,u",,,"  245",",,u","  116",",,u","  177",",,u"
"UPM00033356","2001-06-10","50.217","31.8","128.0","YAHOTYN, UP","  150","B,,u",,,"  191",",,u","  144",",,u","  163",",,u"
"UPM00033356","2001-06-11","50.217","31.8","128.0","YAHOTYN, UP","   60","B,,u",,,"  234",",,u","  130",",,u","  178",",,u"
"UPM00033356","2001-06-12","50.217","31.8","128.0","YAHOTYN, UP","  350","B,,u",,,"  172",",,u","  160",",,u","  151",",,u"
"UPM00033356","2001-06-13","50.217","31.8","128.0","YAHOTYN, UP",,,,,"  188",",,u","   88",",,u","  145",",,u"
"UPM00033356","2001-06-14","50.217","31.8","128.0","YAHOTYN, UP","   20","B,,u",,,,,"   73",",,u","  130",",,u"
"UPM00033356","2001-06-15","50.217","31.8","128.0","YAHOTYN, UP",,,,,"  165",",,u","  140",",,u","  155",",,u"
"UPM00033356","2001-06-16","50.217","31.8","128.0","YAHOTYN, UP","   70","B,,u",,,"  214",",,u","  138",",,u","  171",",,u"
"UPM00033356","2001-06-17","50.217","31.8","128.0","YAHOTYN, UP",,,,,"  242",",,u","  119",",,u","  190",",,u"
"UPM00033356","2001-06-18","50.217","31.8","128.0","YAHOTYN, UP",,,,,"  269",",,u","  154",",,u","  214",",,u"
"UPM00033356","2001-06-19","50.217","31.8","128.0","YAHOTYN, UP",,,,,"  264",",,u","  170",",,u","  220",",,u"
"UPM00033356","2001-06-20","50.217","31.8","128.0","YAHOTYN, UP","    0","B,,u",,,"  272",",,u","  155",",,u","  215",",,u"
"UPM00033356","2001-06-21","50.217","31.8","128.0","YAHOTYN, UP","   20","B,,u",,,"  254",",,u","  156",",,u","  191",",,u"
"UPM00033356","2001-06-22","50.217","31.8","128.0","YAHOTYN, UP","  240","B,,u",,,"  234",",,u","  157",",,u","  184",",,u"
"UPM00033356","2001-06-23","50.217","31.8","128.0","YAHOTYN, UP","   80","B,,u",,,"  198",",,u","  140",",,u","  161",",,u"
"UPM00033356","2001-06-24","50.217","31.8","128.0","YAHOTYN, UP","    0","B,,u",,,"  175",",,u","   93",",,u","  133",",,u"
"UPM00033356","2001-06-25","50.217","31.8","128.0","YAHOTYN, UP",,,,,"  236",",,u","  110",",,u","  185",",,u"
"UPM00033356","2001-06-26","50.217","31.8","128.0","YAHOTYN, UP",,,,,"  217",",,u","  150",",,u","  175",",,u"
"UPM00033356","2001-06-27","50.217","31.8","128.0","YAHOTYN, UP","  320","B,,u",,,"  209",",,u","  150",",,u","  165",",,u"
"UPM00033356","2001-06-28","50.217","31.8","128.0","YAHOTYN, UP","   50","B,,u",,,"  107",",I,u","  138",",,u","  168",",,u"
"UPM00033356","2001-06-29","50.217","31.8","128.0","YAHOTYN, UP",,,,,"  262",",,u","  150",",,u","  207",",,u"
"UPM00033356","2001-06-30","50.217","31.8","128.0","YAHOTYN, UP",,,,,"  268",",,u","  160",",,u","  216",",,u"
"UPM00033356","2001-07-01","50.217","31.8","128.0","YAHOTYN, UP",,,,,"  273",",,u","  160",",,u","  220",",,u"
"UPM00033356","2001-07-02","50.217","31.8","128.0","YAHOTYN, UP",,,,,"  279",",,u","  170",",,u","  226",",,u"
"UPM00033356","2001-07-03","50.217","31.8","128.0","YAHOTYN, UP",,,,,"  288",",,u","  175",",,u","  226",",,u"
"UPM00033356","2001-07-04","50.217","31.8","128.0","YAHOTYN, UP",,,,,"  289",",,u","  175",",,u","  230",",,u"
"UPM00033356","2001-07-05","50.217","31.8","128.0","YAHOTYN, UP",,,,,"  303",",,u","  170",",,u","  223",",,u"
"UPM00033356","2001-07-06","50.217","31.8","128.0","YAHOTYN, UP","   20","B,,u",,,"  251",",,u","  160",",,u","  196",",,u"
"UPM00033356","2001-07-07","50.217","31.8","128.0","YAHOTYN, UP","   50","B,,u",,,"  304",",,u","  165",",,u","  233",",,u"
"UPM00033356","2001-07-08","50.217","31.8","128.0","YAHOTYN, UP",,,,,"  308",",,u","  175",",,u","  245",",,u"
"UPM00033356","2001-07-09","50.217","31.8","128.0","YAHOTYN, UP",,,,,"  291",",,u","  192",",,u","  241",",,u"
"UPM00033356","2001-07-10","50.217","31.8","128.0","YAHOTYN, UP","    8","B,,u",,,"  274",",,u","  170",",,u","  216",",,u"
"UPM00033356","2001-07-11","50.217","31.8","128.0","YAHOTYN, UP","   10","B,,u",,,"  277",",,u","  160",",,u","  214",",,u"
"UPM00033356","2001-07-12","50.217","31.8","128.0","YAHOTYN, UP","    2","B,,u",,,"  279",",,u","  165",",,u","  217",",,u"
"UPM00033356","2001-07-13","50.217","31.8","128.0","YAHOTYN, UP","  120","B,,u",,,"  293",",,u","  172",",,u","  220",",,u"
"UPM00033356","2001-07-14","50.217","31.8","128.0","YAHOTYN, UP","    0","B,,u",,,"  308",",,u","  184",",,u","  249",",,u"
"UPM00033356","2001-07-15","50.217","31.8","128.0","YAHOTYN, UP",,,,,"  214",",S,u","  198",",,u","  264",",,u"
"UPM00033356","2001-07-16","50.217","31.8","128.0","YAHOTYN, UP",,,,,"  336",",,u",,,"  273",",,u"
"UPM00033356","2001-07-17","50.217","31.8","128.0","YAHOTYN, UP",,,,,"  323",",,u","  199",",,u","  280",",,u"
"UPM00033356","2001-07-18","50.217","31.8","128.0","YAHOTYN, UP",,,,,"  324",",,u","  199",",,u","  241",",,u"
"UPM00033356","2001-07-19","50.217","31.8","128.0","YAHOTYN, UP","  480","B,,u",,,"  293",",,u","  178",",,u","  235",",,u"
"UPM00033356","2001-07-20","50.217","31.8","128.0","YAHOTYN, UP",,,,,"  318",",,u","  200",",,u","  258",",,u"
"UPM00033356","2001-07-21","50.217","31.8","128.0","YAHOTYN, UP",,,,,"  327",",,u","  208",",,u","  267",",,u"
"UPM00033356","2001-07-22","50.217","31.8","128.0","YAHOTYN, UP",,,,,"  325",",,u","  199",",,u","  265",",,u"
"UPM00033356","2001-07-23","50.217","31.8","128.0","YAHOTYN, UP",,,,,"  338",",,u","  210",",,u","  272",",,u"
"UPM00033356","2001-07-24","50.217","31.8","128.0","YAHOTYN, UP",,,,,"  319",",,u","  205",",,u","  268",",,u"
"UPM00033356","2001-07-25","50.217","31.8","128.0","YAHOTYN, UP","  130","B,,u",,,"  313",",,u","  204",",,u","  264",",,u"
"UPM00033356","2001-07-26","50.217","31.8","128.0","YAHOTYN, UP",,,,,"  303",",,u","  201",",,u","  247",",,u"
"UPM00033356","2001-07-27","50.217","31.8","128.0","YAHOTYN, UP",,,,,"  304",",,u","  188",",,u","  239",",,u"
"UPM00033356","2001-07-28","50.217","31.8","128.0","YAHOTYN, UP",,,,,"  299",",,u","  192",",,u","  244",",,u"
"UPM00033356","2001-07-29","50.217","31.8","128.0","YAHOTYN, UP",,,,,"  299",",,u","  185",",,u","  230",",,u"
"UPM00033356","2001-07-30","50.217","31.8","128.0","YAHOTYN, UP","  140","B,,u",,,"  260",",,u","  197",",,u","  218",",,u"
"UPM00033356","2001-07-31","50.217","31.8","128.0","YAHOTYN, UP","   20","B,,u",,,"  289",",,u","  173",",,u","  238",",,u"
"UPM00033356","2001-08-01","50.217","31.8","128.0","YAHOTYN, UP",,,,,"  294",",,u","  170",",,u","  222",",,u"
"UPM00033356","2001-08-02","50.217","31.8","128.0","YAHOTYN, UP","   20","B,,u",,,"  236",",,u","  145",",,u","  183",",,u"
"UPM00033356","2001-08-03","50.217","31.8","128.0","YAHOTYN, UP",,,,,"  253",",,u","  130",",,u","  189",",,u"
"UPM00033356","2001-08-04","50.217","31.8","128.0","YAHOTYN, UP",,,,,"  273",",,u","  130",",,u","  208",",,u"
"UPM00033356","2001-08-05","50.217","31.8","128.0","YAHOTYN, UP",,,,,"  308",",,u","  165",",,u","  227",",,u"
"UPM00033356","2001-08-06","50.217","31.8","128.0","YAHOTYN, UP",,,,,"  281",",,u","  160",",,u","  215",",,u"
"UPM00033356","2001-08-07","50.217","31.8","128.0","YAHOTYN, UP",,,,,"  268",",,u","  140",",,u","  204",",,u"
"UPM00033356","2001-08-08","50.217","31.8","128.0","YAHOTYN, UP",,,,,"  288",",,u","  130",",,u","  228",",,u"
"UPM00033356","2001-08-09","50.217","31.8","128.0","YAHOTYN, UP",,,,,"  304",",,u","  160",",,u","  240",",,u"
"UPM00033356","2001-08-10","50.217","31.8","128.0","YAHOTYN, UP",,,,,"  325",",,u","  182",",,u","  269",",,u"
"UPM00033356","2001-08-11","50.217","31.8","128.0","YAHOTYN, UP",,,,,"  333",",,u","  196",",,u","  258",",,u"
"UPM00033356","2001-08-12","50.217","31.8","128.0","YAHOTYN, UP",,,,,"  283",",,u","  172",",,u","  201",",,u"
"UPM00033356","2001-08-13","50.217","31.8","128.0","YAHOTYN, UP",,,,,"  232",",,u","  130",",,u","  174",",,u"
"UPM00033356","2001-08-14","50.217","31.8","128.0","YAHOTYN, UP",,,,,"  264",",,u","  115",",,u","  236",",,u"
"UPM00033356","2001-08-15","50.217","31.8","128.0","YAHOTYN, UP",,,,,"  262",",,u","  174",",,u","  219",",,u"
"UPM00033356","2001-08-16","50.217","31.8","128.0","YAHOTYN, UP",,,,,"  283",",,u","  190",",,u","  227",",,u"
"UPM00033356","2001-08-17","50.217","31.8","128.0","YAHOTYN, UP",,,,,"  295",",,u","  166",",,u","  227",",,u"
"UPM00033356","2001-08-18","50.217","31.8","128.0","YAHOTYN, UP",,,,,"  303",",,u","  150",",,u","  225",",,u"
"UPM00033356","2001-08-19","50.217","31.8","128.0","YAHOTYN, UP",,,,,"  313",",,u","  154",",,u","  232",",,u"
"UPM00033356","2001-08-20","50.217","31.8","128.0","YAHOTYN, UP",,,,,"  318",",,u","  155",",,u","  230",",,u"
"UPM00033356","2001-08-21","50.217","31.8","128.0","YAHOTYN, UP",,,,,"  319",",,u","  172",",,u","  241",",,u"
"UPM00033356","2001-08-22","50.217","31.8","128.0","YAHOTYN, UP",,,,,"  305",",,u","  182",",,u","  217",",,u"
"UPM00033356","2001-08-23","50.217","31.8","128.0","YAHOTYN, UP","  650","B,,u",,,"  268",",,u","  174",",,u","  211",",,u"
"UPM00033356","2001-08-24","50.217","31.8","128.0","YAHOTYN, UP",,,,,"  252",",,u","  132",",,u","  189",",,u"
"UPM00033356","2001-08-25","50.217","31.8","128.0","YAHOTYN, UP",,,,,"  252",",,u","  116",",,u","  188",",,u"
"UPM00033356","2001-08-26","50.217","31.8","128.0","YAHOTYN, UP","   10","B,,u",,,"  240",",,u","  155",",,u","  182",",,u"
"UPM00033356","2001-08-27","50.217","31.8","128.0","YAHOTYN, UP",,,,,"  244",",,u","  104",",,u","  174",",,u"
"UPM00033356","2001-08-28","50.217","31.8","128.0","YAHOTYN, UP",,,,,"  257",",,u","  130",",,u","  159",",,u"
"UPM00033356","2001-08-29","50.217","31.8","128.0","YAHOTYN, UP","   70","B,,u",,,"  186",",,u","   86",",,u","  131",",,u"
"UPM00033356","2001-08-30","50.217","31.8","128.0","YAHOTYN, UP",,,,,"  172",",,u","  103",",,u","  132",",,u"
"UPM00033356","2001-08-31","50.217","31.8","128.0","YAHOTYN, UP","    0","B,,u",,,"  189",",,u","   94",",,u","  139",",,u"
"UPM00033356","2001-09-01","50.217","31.8","128.0","YAHOTYN, UP",,,,,"  208",",,u","   82",",,u","  138",",,u"
"UPM00033356","2001-09-02","50.217","31.8","128.0","YAHOTYN, UP",,,,,,,"   98",",,u","  159",",,u"
"UPM00033356","2001-09-03","50.217","31.8","128.0","YAHOTYN, UP","  120","B,,u",,,"  194",",,u","  150",",,u","  159",",,u"
"UPM00033356","2001-09-04","50.217","31.8","128.0","YAHOTYN, UP","  150","B,,u",,,"  209",",,u","  130",",,u","  156",",,u"
"UPM00033356","2001-09-05","50.217","31.8","128.0","YAHOTYN, UP",,,,,"  206",",,u","   97",",,u","  148",",,u"
"UPM00033356","2001-09-06","50.217","31.8","128.0","YAHOTYN, UP",,,,,"  201",",,u","  106",",,u","  151",",,u"
"UPM00033356","2001-09-07","50.217","31.8","128.0","YAHOTYN, UP","    8","B,,u",,,"  169",",,u","  131",",,u","  144",",,u"
"UPM00033356","2001-09-08","50.217","31.8","128.0","YAHOTYN, UP","   50","B,,u",,,"  177",",,u","  137",",,u","  154",",,u"
"UPM00033356","2001-09-09","50.217","31.8","128.0","YAHOTYN, UP","   20","B,,u",,,"  222",",,u","  120",",,u","  170",",,u"
"UPM00033356","2001-09-10","50.217","31.8","128.0","YAHOTYN, UP","   10","B,,u",,,"  146",",,u","  122",",,u","  126",",,u"
"UPM00033356","2001-09-11","50.217","31.8","128.0","YAHOTYN, UP","  110","B,,u",,,"  211",",,u","   75",",,u","  148",",,u"
"UPM00033356","2001-09-12","50.217","31.8","128.0","YAHOTYN, UP","    0","B,,u",,,"  187",",,u","  152",",,u","  151",",,u"
"UPM00033356","2001-09-13","50.217","31.8","128.0","YAHOTYN, UP","    0","B,,u",,,"  191",",,u","   68",",,u","  134",",,u"
"UPM00033356","2001-09-14","50.217","31.8","128.0","YAHOTYN, UP",,,,,,,"   68",",,u","  146",",,u"
"UPM00033356","2001-09-15","50.217","31.8","128.0","YAHOTYN, UP",,,,,"  228",",,u","   87",",,u","  166",",,u"
"UPM00033356","2001-09-16","50.217","31.8","128.0","YAHOTYN, UP",,,,,"  213",",,u","  104",",,u","  160",",,u"
"UPM00033356","2001-09-17","50.217","31.8","128.0","YAHOTYN, UP",,,,,"  224",",,u","  120",",,u","  169",",,u"
"UPM00033356","2001-09-18","50.217","31.8","128.0","YAHOTYN, UP",,,,,"  253",",,u","  130",",,u","  189",",,u"
"UPM00033356","2001-09-19","50.217","31.8","128.0","YAHOTYN, UP",,,,,"  222",",,u","  120",",,u","  162",",,u"
"UPM00033356","2001-09-20","50.217","31.8","128.0","YAHOTYN, UP",,,,,"  196",",,u","   78",",,u","  139",",,u"
"UPM00033356","2001-09-21","50.217","31.8","128.0","YAHOTYN, UP",,,,,"  211",",,u","  104",",,u","  145",",,u"
"UPM00033356","2001-09-22","50.217","31.8","128.0","YAHOTYN, UP",,,,,"  218",",,u","   72",",,u","  141",",,u"
"UPM00033356","2001-09-23","50.217","31.8","128.0","YAHOTYN, UP",,,,,"  213",",,u","   75",",,u","  142",",,u"
"UPM00033356","2001-09-24","50.217","31.8","128.0","YAHOTYN, UP","    4","B,,u",,,"  203",",,u","  130",",,u","  162",",,u"
"UPM00033356","2001-09-25","50.217","31.8","128.0","YAHOTYN, UP","   90","B,,u",,,"  161",",,u","  140",",I,u","  122",",,u"
"UPM00033356","2001-09-26","50.217","31.8","128.0","YAHOTYN, UP",,,,,"   92",",I,u",,,"   68",",,u"
"UPM00033356","2001-09-27","50.217","31.8","128.0","YAHOTYN, UP","    0","B,,u",,,"   83",",,u","   58",",,u","   67",",,u"
"UPM00033356","2001-09-28","50.217","31.8","128.0","YAHOTYN, UP",,,,,"  105",",,u","   60",",,u","   72",",,u"
"UPM00033356","2001-09-29","50.217","31.8","128.0","YAHOTYN, UP",,,,,,,"   26",",,u","   71",",,u"
"UPM00033356","2001-09-30","50.217","31.8","128.0","YAHOTYN, UP","    4","B,,u",,,"  122",",,u","   54",",,u","   74",",,u"
"UPM00033356","2001-10-01","50.217","31.8","128.0","YAHOTYN, UP",,,,,"  128",",,u","  -10",",,u","   67",",,u"
"UPM00033356","2001-10-02","50.217","31.8","128.0","YAHOTYN, UP","   50","B,,u",,,"  173",",,u","   80",",,u","  129",",,u"
"UPM00033356","2001-10-03","50.217","31.8","128.0","YAHOTYN, UP","   10","B,,u",,,"  262",",,u","  115",",,u","  181",",,u"
"UPM00033356","2001-10-04","50.217","31.8","128.0","YAHOTYN, UP",,,,,"  252",",,u","  120",",,u","  179",",,u"
"UPM00033356","2001-10-05","50.217","31.8","128.0","YAHOTYN, UP",,,,,"  158",",,u","  120",",,u","  133",",,u"
"UPM00033356","2001-10-06","50.217","31.8","128.0","YAHOTYN, UP","    0","B,,u",,,"  161",",,u","   61",",,u","   97",",,u"
"UPM00033356","2001-10-07","50.217","31.8","128.0","YAHOTYN, UP",,,,,"  176",",,u","   38",",,u","   82",",,u"
"UPM00033356","2001-10-08","50.217","31.8","128.0","YAHOTYN, UP",,,,,"  181",",,u","   47",",,u","  113",",,u"
"UPM00033356","2001-10-09","50.217","31.8","128.0","YAHOTYN, UP",,,,,"  202",",,u","   73",",,u","  132",",,u"
"UPM00033356","2001-10-10","50.217","31.8","128.0","YAHOTYN, UP",,,,,"  196",",,u","   93",",,u","  134",",,u"
"UPM00033356","2001-10-11","50.217","31.8","128.0","YAHOTYN, UP",,,,,,,"  108",",,u","  145",",,u"
"UPM00033356","2001-10-12","50.217","31.8","128.0","YAHOTYN, UP","   10","B,,u",,,"  140",",,u","   78",",,u","  107",",,u"
"UPM00033356","2001-10-13","50.217","31.8","128.0","YAHOTYN, UP","   10","B,,u",,,"  156",",,u","   68",",,u","  113",",,u"
"UPM00033356","2001-10-14","50.217","31.8","128.0","YAHOTYN, UP","    4","B,,u",,,"  165",",,u","  126",",,u","  138",",,u"
"UPM00033356","2001-10-15","50.217","31.8","128.0","YAHOTYN, UP",,,,,"  147",",,u","   73",",,u","  107",",,u"
"UPM00033356","2001-10-16","50.217","31.8","128.0","YAHOTYN, UP",,,,,"   87",",,u","   65",",,u","   71",",,u"
"UPM00033356","2001-10-17","50.217","31.8","128.0","YAHOTYN, UP",,,,,"  108",",,u","   -2",",,u","   54",",,u"
"UPM00033356","2001-10-18","50.217","31.8","128.0","YAHOTYN, UP",,,,,"  110",",,u","    2",",,u","   70",",,u"
"UPM00033356","2001-10-19","50.217","31.8","128.0","YAHOTYN, UP","    0","B,,u",,,"  108",",,u","   87",",,u","   95",",,u"
"UPM00033356","2001-10-20","50.217","31.8","128.0","YAHOTYN, UP","    0","B,,u",,,"  123",",,u","   90",",I,u","   89",",,u"
"UPM00033356","2001-10-21","50.217","31.8","128.0","YAHOTYN, UP",,,,,"   72",",I,u","   -7",",,u","   26",",,u"
"UPM00033356","2001-10-22","50.217","31.8","128.0","YAHOTYN, UP",,,,,"   85",",,u","  -30",",,u","   40",",,u"
"UPM00033356","2001-10-23","50.217","31.8","128.0","YAHOTYN, UP","    1","B,,u",,,"   52",",,u","   52",",I,u","   44",",,u"
"UPM00033356","2001-10-24","50.217","31.8","128.0","YAHOTYN, UP","    0","B,,u",,,"   32",",I,u","  -30",",,u","   -4",",,u"
"UPM00033356","2001-10-25","50.217","31.8","128.0","YAHOTYN, UP",,,,,"   32",",,u","  -52",",,u","  -26",",,u"
"UPM00033356","2001-10-26","50.217","31.8","128.0","YAHOTYN, UP",,,,,"   72",",,u","  -89",",,u","   -5",",,u"
"UPM00033356","2001-10-27","50.217","31.8","128.0","YAHOTYN, UP",,,,,"  122",",,u","  -22",",,u","   33",",,u"
"UPM00033356","2001-10-28","50.217","31.8","128.0","YAHOTYN, UP",,,,,"  122",",,u","  -45",",,u","   33",",,u"
"UPM00033356","2001-10-29","50.217","31.8","128.0","YAHOTYN, UP",,,,,,,"    7",",,u","   34",",,u"
"UPM00033356","2001-10-30","50.217","31.8","128.0","YAHOTYN, UP","   70","B,,u",,,"   73",",,u","   51",",,u","   67",",,u"
"UPM00033356","2001-10-31","50.217","31.8","128.0","YAHOTYN, UP","   40","B,,u",,,"  132",",,u","   68",",,u","  101",",,u"
"UPM00033356","2001-11-01","50.217","31.8","128.0","YAHOTYN, UP",,,,,"  132",",,u","   81",",I,u","   89",",,u"
"UPM00033356","2001-11-02","50.217","31.8","128.0","YAHOTYN, UP",,,,,"   58",",I,u","   29",",,u","   38",",,u"
"UPM00033356","2001-11-03","50.217","31.8","128.0","YAHOTYN, UP","    0","B,,u",,,"   40",",,u","   12",",,u","   10",",,u"
"UPM00033356","2001-11-04","50.217","31.8","128.0","YAHOTYN, UP","    0","B,,u",,,"   70",",,u","  -28",",,u","   44",",,u"
"UPM00033356","2001-11-05","50.217","31.8","128.0","YAHOTYN, UP","    0","B,,u",,,"  108",",,u","   40",",,u","   74",",,u"
"UPM00033356","2001-11-06","50.217","31.8","128.0","YAHOTYN, UP",,,,,"   72",",,u","    0",",,u","   25",",,u"
"UPM00033356","2001-11-07","50.217","31.8","128.0","YAHOTYN, UP",,,,,"   38",",,u","   -5",",,u","   25",",,u"
"UPM00033356","2001-11-08","50.217","31.8","128.0","YAHOTYN, UP","   40","B,,u",,,"  103",",,u","   18",",,u","   57",",,u"
"UPM00033356","2001-11-09","50.217","31.8","128.0","YAHOTYN, UP",,,,,"  152",",,u","   58",",,u","  104",",,u"
"UPM00033356","2001-11-10","50.217","31.8","128.0","YAHOTYN, UP",,,,,"   53",",,u","   50",",,u","   45",",,u"
"UPM00033356","2001-11-11","50.217","31.8","128.0","YAHOTYN, UP","    1","B,,u",,,"   50",",,u","  -28",",,u","    8",",,u"
"UPM00033356","2001-11-12","50.217","31.8","128.0","YAHOTYN, UP",,,,,,,"  -16",",,u","   28",",,u"
"UPM00033356","2001-11-13","50.217","31.8","128.0","YAHOTYN, UP","   10","B,,u",,,"   77",",,u","   18",",,u","   42",",,u"
"UPM00033356","2001-11-14","50.217","31.8","128.0","YAHOTYN, UP","    0","B,,u",,,"   28",",,u","    4",",,u","   12",",,u"
"UPM00033356","2001-11-15","50.217","31.8","128.0","YAHOTYN, UP",,,,,"   18",",,u","  -17",",,u","   -5",",,u"
"UPM00033356","2001-11-16","50.217","31.8","128.0","YAHOTYN, UP","   30","B,,u",,,"   39",",,u","  -28",",,u","    2",",,u"
"UPM00033356","2001-11-17","50.217","31.8","128.0","YAHOTYN, UP","    3","B,,u",,,"   -7",",,u","  -42",",,u","  -29",",,u"
"UPM00033356","2001-11-18","50.217","31.8","128.0","YAHOTYN, UP","    2","B,,u",,,"   30",",,u","  -28",",,u","   11",",,u"
"UPM00033356","2001-11-19","50.217","31.8","128.0","YAHOTYN, UP","    1","B,,u",,,,,"   13",",I,u","   24",",,u"
"UPM00033356","2001-11-20","50.217","31.8","128.0","YAHOTYN, UP","    5","B,,u",,,"    2",",I,u","    0",",I,u","  -13",",,u"
"UPM00033356","2001-11-21","50.217","31.8","128.0","YAHOTYN, UP","   20","B,,u",,,"  -37",",I,u","  -49",",,u","  -52",",,u"
"UPM00033356","2001-11-22","50.217","31.8","128.0","YAHOTYN, UP","    8","B,,u",,,"   24",",,u"," -105",",,u","  -26",",,u"
"UPM00033356","2001-11-23","50.217","31.8","128.0","YAHOTYN, UP","   90","B,,u",,,"   36",",,u","   14",",,u","   20",",,u"
"UPM00033356","2001-11-24","50.217","31.8","128.0","YAHOTYN, UP","   10","B,,u",,,"   42",",,u","    6",",,u","   12",",,u"
"UPM00033356","2001-11-25","50.217","31.8","128.0","YAHOTYN, UP","  170","B,,u",,,"   60",",,u","   40",",I,u","   34",",,u"
"UPM00033356","2001-11-26","50.217","31.8","128.0","YAHOTYN, UP","   70","B,,u",,,"   16",",I,u","    4",",,u","    6",",,u"
"UPM00033356","2001-11-27","50.217","31.8","128.0","YAHOTYN, UP","   20","B,,u",,,"    6",",,u","   -4",",,u","    3",",,u"
"UPM00033356","2001-11-28","50.217","31.8","128.0","YAHOTYN, UP","   30","B,,u",,,"    6",",,u","    0",",,u","    2",",,u"
"UPM00033356","2001-11-29","50.217","31.8","128.0","YAHOTYN, UP","    3","B,,u",,,"   10",",,u","  -13",",,u","   -9",",,u"
"UPM00033356","2001-11-30","50.217","31.8","128.0","YAHOTYN, UP",,,,,"  -17",",,u","  -28",",,u","  -20",",,u"
"UPM00033356","2001-12-01","50.217","31.8","128.0","YAHOTYN, UP","   50","B,,u",,,"    2",",,u","  -17",",I,u","   -6",",,u"
"UPM00033356","2001-12-02","50.217","31.8","128.0","YAHOTYN, UP","    0","B,,u",,,"  -35",",I,u","  -35",",I,u","  -48",",,u"
"UPM00033356","2001-12-03","50.217","31.8","128.0","YAHOTYN, UP","    0","B,,u",,,"  -59",",I,u","  -91",",,u","  -72",",,u"
"UPM00033356","2001-12-04","50.217","31.8","128.0","YAHOTYN, UP",,,,,"  -39",",,u"," -114",",,u","  -81",",,u"
"UPM00033356","2001-12-05","50.217","31.8","128.0","YAHOTYN, UP",,,,,"  -77",",,u"," -114",",,u","  -94",",,u"
"UPM00033356","2001-12-06","50.217","31.8","128.0","YAHOTYN, UP","    0","B,,u",,,"  -98",",,u"," -142",",,u","  -87",",,u"
"UPM00033356","2001-12-07","50.217","31.8","128.0","YAHOTYN, UP","    0","B,,u",,,"  -73",",,u"," -129",",,u","  -92",",,u"
"UPM00033356","2001-12-08","50.217","31.8","128.0","YAHOTYN, UP","    0","B,,u",,," -109",",,u"," -145",",,u"," -124",",,u"
"UPM00033356","2001-12-09","50.217","31.8","128.0","YAHOTYN, UP","    0","B,,u",,," -100",",,u"," -154",",,u"," -130",",,u"
"UPM00033356","2001-12-10","50.217","31.8","128.0","YAHOTYN, UP",,,,,"  -98",",,u"," -166",",,u"," -120",",,u"
"UPM00033356","2001-12-11","50.217","31.8","128.0","YAHOTYN, UP","   20","B,,u",,,"  -52",",,u","  -98",",,u","  -69",",,u"
"UPM00033356","2001-12-12","50.217","31.8","128.0","YAHOTYN, UP","   30","B,,u",,,"  -40",",,u","  -85",",,u","  -75",",,u"
"UPM00033356","2001-12-13","50.217","31.8","128.0","YAHOTYN, UP","   50","B,,u",,,"  -73",",,u","  -99",",,u","  -94",",,u"
"UPM00033356","2001-12-14","50.217","31.8","128.0","YAHOTYN, UP","    0","B,,u",,," -137",",I,u"," -181",",,u"," -150",",,u"
"UPM00033356","2001-12-15","50.217","31.8","128.0","YAHOTYN, UP","   20","B,,u",,,"  -49",",,u"," -112",",,u","  -69",",,u"
"UPM00033356","2001-12-16","50.217","31.8","128.0","YAHOTYN, UP","   30","B,,u",,,"  -69",",,u","  -84",",I,u","  -77",",,u"
"UPM00033356","2001-12-17","50.217","31.8","128.0","YAHOTYN, UP","    2","B,,u",,," -157",",I,u"," -199",",,u"," -173",",,u"
"UPM00033356","2001-12-18","50.217","31.8","128.0","YAHOTYN, UP",,,,,"  -83",",,u"," -205",",,u"," -119",",,u"
"UPM00033356","2001-12-19","50.217","31.8","128.0","YAHOTYN, UP","   10","B,,u",,,"  -75",",,u","  -99",",,u","  -84",",,u"
"UPM00033356","2001-12-20","50.217","31.8","128.0","YAHOTYN, UP","    3","B,,u",,,"   -1",",,u","  -81",",I,u","  -27",",,u"
"UPM00033356","2001-12-21","50.217","31.8","128.0","YAHOTYN, UP","   10","B,,u",,,"  -94",",I,u"," -124",",,u","  -98",",,u"
"UPM00033356","2001-12-22","50.217","31.8","128.0","YAHOTYN, UP",,,,,"  -40",",,u"," -123",",,u","  -60",",,u"
"UPM00033356","2001-12-23","50.217","31.8","128.0","YAHOTYN, UP","    6","B,,u",,,"  -45",",,u"," -127",",,u","  -61",",,u"
"UPM00033356","2001-12-24","50.217","31.8","128.0","YAHOTYN, UP","   40","B,,u",,,"  -51",",,u","  -80",",,u","  -88",",,u"
"UPM00033356","2001-12-25","50.217","31.8","128.0","YAHOTYN, UP","    0","B,,u",,,"  -67",",,u"," -194",",,u"," -111",",,u"
"UPM00033356","2001-12-26","50.217","31.8","128.0","YAHOTYN, UP",,,,,"  -37",",,u","  115",",I,u","  -72",",,u"
"UPM00033356","2001-12-27","50.217","31.8","128.0","YAHOTYN, UP",,,,,"  -51",",I,u","  -93",",,u","  -61",",,u"
"UPM00033356","2001-12-28","50.217","31.8","128.0","YAHOTYN, UP",,,,,"    2",",,u","    0",",I,u","   -6",",,u"
"UPM00033356","2001-12-29","50.217","31.8","128.0","YAHOTYN, UP","    4","B,,u",,,"   -6",",,u","  -10",",,u","   -7",",,u"
"UPM00033356","2001-12-30","50.217","31.8","128.0","YAHOTYN, UP","   10","B,,u",,,"    0",",,u","  -25",",,u","  -10",",,u"
"UPM00033356","2001-12-31","50.217","31.8","128.0","YAHOTYN, UP","   20","B,,u",,,"  -16",",,u","  -52",",,u","  -36",",,u"
"UPM00033356","2002-01-03","50.217","31.8","128.0","YAHOTYN, UP",,,,,,,,,"  -72",",,u"
"UPM00033356","2002-01-04","50.217","31.8","128.0","YAHOTYN, UP",,,,,,,,," -152",",,u"
"UPM00033356","2002-01-09","50.217","31.8","128.0","YAHOTYN, UP",,,,,,,,,"  -47",",,u"
"UPM00033356","2002-01-10","50.217","31.8","128.0","YAHOTYN, UP",,,,,"   -1",",,u",,,"   -7",",,u"
"UPM00033356","2002-01-22","50.217","31.8","128.0","YAHOTYN, UP",,,,,,,,,"    2",",,u"
"UPM00033356","2002-01-23","50.217","31.8","128.0","YAHOTYN, UP",,,,,,,,,"   15",",,u"
"UPM00033356","2002-01-24","50.217","31.8","128.0","YAHOTYN, UP",,,,,,,,,"   16",",,u"
"UPM00033356","2002-01-27","50.217","31.8","128.0","YAHOTYN, UP","   20","B,,u",,,"   62",",,u","    0",",,u","   36",",,u"
"UPM00033356","2002-01-28","50.217","31.8","128.0","YAHOTYN, UP",,,,,,,,,"   44",",,u"
"UPM00033356","2002-02-05","50.217","31.8","128.0","YAHOTYN, UP",,,,,,,,,"   42",",,u"
"UPM00033356","2002-02-06","50.217","31.8","128.0","YAHOTYN, UP",,,,,,,,,"    7",",,u"
"UPM00033356","2002-02-07","50.217","31.8","128.0","YAHOTYN, UP","    0","B,,u",,,,,"   12",",,u","   29",",,u"
"UPM00033356","2002-02-08","50.217","31.8","128.0","YAHOTYN, UP",,,,,"   62",",,u","   28",",,u","   42",",,u"
"UPM00033356","2002-02-09","50.217","31.8","128.0","YAHOTYN, UP","   20","B,,u",,,,,"   28",",,u","   34",",,u"
"UPM00033356","2002-02-10","50.217","31.8","128.0","YAHOTYN, UP","    0","B,,u",,,"   85",",,u","   28",",,u","   60",",,u"
"UPM00033356","2002-02-11","50.217","31.8","128.0","YAHOTYN, UP","   10","B,,u",,,"   71",",,u","   40",",,u","   42",",,u"
"UPM00033356","2002-02-12","50.217","31.8","128.0","YAHOTYN, UP","    3","B,,u",,,"   92",",,u","   10",",,u","   51",",,u"
"UPM00033356","2002-02-13","50.217","31.8","128.0","YAHOTYN, UP",,,,,,,"   52",",,u","   69",",,u"
"UPM00033356","2002-02-14","50.217","31.8","128.0","YAHOTYN, UP",,,,,,,"    8",",,u","    8",",,u"
"UPM00033356","2002-02-15","50.217","31.8","128.0","YAHOTYN, UP","    6","B,,u",,,,,"  -35",",,u","  -18",",,u"
"UPM00033356","2002-02-16","50.217","31.8","128.0","YAHOTYN, UP",,,,,,,"  -35",",,u","    3",",,u"
"UPM00033356","2002-02-18","50.217","31.8","128.0","YAHOTYN, UP",,,,,,,"  -25",",,u","   11",",,u"
"UPM00033356","2002-02-19","50.217","31.8","128.0","YAHOTYN, UP",,,,,"   59",",,u",,,"   33",",,u"
"UPM00033356","2002-02-20","50.217","31.8","128.0","YAHOTYN, UP","   60","B,,u",,,"   24",",,u",,,"    4",",,u"
"UPM00033356","2002-02-21","50.217","31.8","128.0","YAHOTYN, UP","    7","B,,u",,,"   85",",,u","  -10",",,u","   38",",,u"
"UPM00033356","2002-02-22","50.217","31.8","128.0","YAHOTYN, UP","    0","B,,u",,,"   48",",,u","   43",",,u","    4",",,u"
"UPM00033356","2002-02-23","50.217","31.8","128.0","YAHOTYN, UP","   50","B,,u",,,,,"  -60",",,u","  -40",",,u"
"UPM00033356","2002-02-24","50.217","31.8","128.0","YAHOTYN, UP",,,,,"   32",",,u",,,"   21",",,u"
"UPM00033356","2002-02-25","50.217","31.8","128.0","YAHOTYN, UP",,,,,"   16",",,u","   -8",",,u","    1",",,u"
"UPM00033356","2002-02-26","50.217","31.8","128.0","YAHOTYN, UP",,,,,,,"  -35",",,u","   15",",,u"
"UPM00033356","2002-02-27","50.217","31.8","128.0","YAHOTYN, UP","   20","B,,u",,,"   85",",,u","   -5",",,u","   43",",,u"
"UPM00033356","2002-02-28","50.217","31.8","128.0","YAHOTYN, UP","   20","B,,u",,,,,"   48",",,u","   73",",,u"
"UPM00033356","2002-03-01","50.217","31.8","128.0","YAHOTYN, UP",,,,,,,"   14",",,u","   64",",,u"
"UPM00033356","2002-03-02","50.217","31.8","128.0","YAHOTYN, UP",,,,,,,"    6",",,u","   40",",,u"
"UPM00033356","2002-03-03","50.217","31.8","128.0","YAHOTYN, UP","    1","B,,u",,,,,,,"  -22",",,u"
"UPM00033356","2002-03-04","50.217","31.8","128.0","YAHOTYN, UP","   80","B,,u",,,,,"  -45",",,u","   -7",",,u"
"UPM00033356","2002-03-05","50.217","31.8","128.0","YAHOTYN, UP",,,,,,,"    7",",,u","   44",",,u"
"UPM00033356","2002-03-06","50.217","31.8","128.0","YAHOTYN, UP",,,,,,,"   11",",,u","   46",",,u"
"UPM00033356","2002-03-07","50.217","31.8","128.0","YAHOTYN, UP",,,,,,,"   79",",,u","  127",",,u"
"UPM00033356","2002-03-10","50.217","31.8","128.0","YAHOTYN, UP",,,,,"  102",",,u",,,"   48",",,u"
"UPM00033356","2002-03-11","50.217","31.8","128.0","YAHOTYN, UP",,,,,"  107",",,u","   18",",,u","   51",",,u"
"UPM00033356","2002-03-12","50.217","31.8","128.0","YAHOTYN, UP",,,,,"  142",",,u","  -15",",,u","   72",",,u"
"UPM00033356","2002-03-13","50.217","31.8","128.0","YAHOTYN, UP",,,,,,,"   -3",",,u","   79",",,u"
"UPM00033356","2002-03-14","50.217","31.8","128.0","YAHOTYN, UP",,,,,"  187",",,u","   10",",,u","   96",",,u"
"UPM00033356","2002-03-15","50.217","31.8","128.0","YAHOTYN, UP",,,,,"   38",",,u","   21",",,u","   20",",,u"
"UPM00033356","2002-03-16","50.217","31.8","128.0","YAHOTYN, UP",,,,,,,"  -37",",,u","  -14",",,u"
"UPM00033356","2002-03-17","50.217","31.8","128.0","YAHOTYN, UP",,,,,"   97",",,u",,,"    1",",,u"
"UPM00033356","2002-03-18","50.217","31.8","128.0","YAHOTYN, UP",,,,,"  106",",,u","  -22",",,u","   37",",,u"
"UPM00033356","2002-03-19","50.217","31.8","128.0","YAHOTYN, UP",,,,,"   74",",,u","    6",",,u","   41",",,u"
"UPM00033356","2002-03-20","50.217","31.8","128.0","YAHOTYN, UP",,,,,"   72",",,u","   18",",,u","   50",",,u"
"UPM00033356","2002-03-21","50.217","31.8","128.0","YAHOTYN, UP","    0","B,,u",,,"  117",",,u","  -10",",,u","   49",",,u"
"UPM00033356","2002-03-22","50.217","31.8","128.0","YAHOTYN, UP","    4","B,,u",,,"   93",",,u","  -10",",,u","   21",",,u"
"UPM00033356","2002-03-23","50.217","31.8","128.0","YAHOTYN, UP",,,,,,,"   29",",,u","   42",",,u"
"UPM00033356","2002-03-24","50.217","31.8","128.0","YAHOTYN, UP","   10","B,,u",,,"  117",",,u","   17",",,u","   66",",,u"
"UPM00033356","2002-03-25","50.217","31.8","128.0","YAHOTYN, UP",,,,,"   79",",,u","   38",",,u","   49",",,u"
"UPM00033356","2002-03-26","50.217","31.8","128.0","YAHOTYN, UP",,,,,"   69",",,u","  -10",",,u","   27",",,u"
"UPM00033356","2002-03-27","50.217","31.8","128.0","YAHOTYN, UP",,,,,"  106",",,u","   -9",",,u","   51",",,u"
"UPM00033356","2002-03-28","50.217","31.8","128.0","YAHOTYN, UP",,,,,"  122",",,u","   16",",,u","   83",",,u"
"UPM00033356","2002-03-29","50.217","31.8","128.0","YAHOTYN, UP",,,,,"  127",",,u","   33",",,u","   85",",,u"
"UPM00033356","2002-03-30","50.217","31.8","128.0","YAHOTYN, UP",,,,,,,"   15",",,u","   77",",,u"
"UPM00033356","2002-03-31","50.217","31.8","128.0","YAHOTYN, UP",,,,,"  158",",,u","   41",",,u","  105",",,u"
"UPM00033356","2002-04-01","50.217","31.8","128.0","YAHOTYN, UP",,,,,"  201",",,u","   14",",,u","  105",",,u"
"UPM00033356","2002-04-02","50.217","31.8","128.0","YAHOTYN, UP",,,,,,,"   46",",,u","  103",",,u"
"UPM00033356","2002-04-03","50.217","31.8","128.0","YAHOTYN, UP",,,,,"  165",",,u","   -2",",,u","   28",",,u"
"UPM00033356","2002-04-04","50.217","31.8","128.0","YAHOTYN, UP","    2","B,,u",,,,,"  -50",",,u","   17",",,u"
"UPM00033356","2002-04-05","50.217","31.8","128.0","YAHOTYN, UP",,,,,"   57",",,u","  -55",",,u","    4",",,u"
"UPM00033356","2002-04-06","50.217","31.8","128.0","YAHOTYN, UP",,,,,,,"  -15",",,u","   10",",,u"
"UPM00033356","2002-04-07","50.217","31.8","128.0","YAHOTYN, UP",,,,,"   40",",,u","   -6",",,u","   10",",,u"
"UPM00033356","2002-04-08","50.217","31.8","128.0","YAHOTYN, UP","   10","B,,u",,,"   60",",,u",,,"   29",",,u"
"UPM00033356","2002-04-09","50.217","31.8","128.0","YAHOTYN, UP",,,,,,,"   28",",,u","   59",",,u"
"UPM00033356","2002-04-10","50.217","31.8","128.0","YAHOTYN, UP",,,,,"  147",",,u","   28",",,u","   89",",,u"
"UPM00033356","2002-04-11","50.217","31.8","128.0","YAHOTYN, UP",,,,,"  168",",,u","   22",",,u","   94",",,u"
"UPM00033356","2002-04-12","50.217","31.8","128.0","YAHOTYN, UP",,,,,"  154",",,u","   33",",,u","  104",",,u"
"UPM00033356","2002-04-13","50.217","31.8","128.0","YAHOTYN, UP",,,,,,,"   18",",,u","   86",",,u"
"UPM00033356","2002-04-14","50.217","31.8","128.0","YAHOTYN, UP",,,,,"  171",",,u",,,"   99",",,u"
"UPM00033356","2002-04-15","50.217","31.8","128.0","YAHOTYN, UP",,,,,,,"   62",",,u","  121",",,u"
"UPM00033356","2002-04-16","50.217","31.8","128.0","YAHOTYN, UP",,,,,"  161",",,u","   99",",,u","  127",",,u"
"UPM00033356","2002-04-17","50.217","31.8","128.0","YAHOTYN, UP","    4","B,,u",,,,,"   84",",,u","  141",",,u"
"UPM00033356","2002-04-18","50.217","31.8","128.0","YAHOTYN, UP","    0","B,,u",,,"  161",",,u","   87",",,u","  115",",,u"
"UPM00033356","2002-04-19","50.217","31.8","128.0","YAHOTYN, UP",,,,,"  207",",,u","   64",",,u","  165",",,u"
"UPM00033356","2002-04-20","50.217","31.8","128.0","YAHOTYN, UP","    0","B,,u",,,,,"   83",",,u","  133",",,u"
"UPM00033356","2002-04-21","50.217","31.8","128.0","YAHOTYN, UP",,,,,"  206",",,u",,,"  146",",,u"
"UPM00033356","2002-04-22","50.217","31.8","128.0","YAHOTYN, UP","   10","B,,u",,,"  161",",,u","   94",",,u","  110",",,u"
"UPM00033356","2002-04-23","50.217","31.8","128.0","YAHOTYN, UP","    3","B,,u",,,,,"   60",",,u","  116",",,u"
"UPM00033356","2002-04-24","50.217","31.8","128.0","YAHOTYN, UP","    0","B,,u",,,"  158",",,u","   21",",,u","   97",",,u"
"UPM00033356","2002-04-25","50.217","31.8","128.0","YAHOTYN, UP","    0","B,,u",,,,,"   37",",,u","   95",",,u"
"UPM00033356","2002-04-26","50.217","31.8","128.0","YAHOTYN, UP","    0","B,,u",,,,,"   33",",,u","  115",",,u"
"UPM00033356","2002-04-27","50.217","31.8","128.0","YAHOTYN, UP","    5","B,,u",,,,,"   66",",,u","  131",",,u"
"UPM00033356","2002-04-28","50.217","31.8","128.0","YAHOTYN, UP","    9","B,,u",,,"  192",",,u",,,"   85",",,u"
"UPM00033356","2002-04-29","50.217","31.8","128.0","YAHOTYN, UP","    0","B,,u",,,"  166",",,u","   56",",,u","  120",",,u"
"UPM00033356","2002-04-30","50.217","31.8","128.0","YAHOTYN, UP","    5","B,,u",,,,,"  114",",,u","  168",",,u"
"UPM00033356","2002-05-01","50.217","31.8","128.0","YAHOTYN, UP",,,,,,,,,"  138",",,u"
"UPM00033356","2002-05-06","50.217","31.8","128.0","YAHOTYN, UP",,,,,,,"   73",",,u","  113",",,u"
"UPM00033356","2002-05-07","50.217","31.8","128.0","YAHOTYN, UP",,,,,"  257",",,u","   86",",,u","  157",",,u"
"UPM00033356","2002-05-08","50.217","31.8","128.0","YAHOTYN, UP","   40","B,,u",,,,,"  101",",,u","  156",",,u"
"UPM00033356","2002-05-09","50.217","31.8","128.0","YAHOTYN, UP",,,,,"  228",",,u","   71",",,u","  163",",,u"
"UPM00033356","2002-05-10","50.217","31.8","128.0","YAHOTYN, UP",,,,,"  241",",,u","   68",",,u","  172",",,u"
"UPM00033356","2002-05-11","50.217","31.8","128.0","YAHOTYN, UP",,,,,,,"   89",",,u","  159",",,u"
"UPM00033356","2002-05-12","50.217","31.8","128.0","YAHOTYN, UP",,,,,"  210",",,u","  100",",,u","  144",",,u"
"UPM00033356","2002-05-13","50.217","31.8","128.0","YAHOTYN, UP",,,,,"  235",",,u","   81",",,u","  170",",,u"
"UPM00033356","2002-05-14","50.217","31.8","128.0","YAHOTYN, UP",,,,,"  262",",,u",,,"  167",",,u"
"UPM00033356","2002-05-15","50.217","31.8","128.0","YAHOTYN, UP",,,,,"  242",",,u","  105",",,u","  211",",,u"
"UPM00033356","2002-05-16","50.217","31.8","128.0","YAHOTYN, UP","   90","B,,u",,,"  188",",,u","  140",",,u","  145",",,u"
"UPM00033356","2002-05-17","50.217","31.8","128.0","YAHOTYN, UP",,,,,"  235",",,u","   91",",,u","  181",",,u"
"UPM00033356","2002-05-18","50.217","31.8","128.0","YAHOTYN, UP","  170","B,,u",,,,,"  130",",,u","  135",",,u"
"UPM00033356","2002-05-19","50.217","31.8","128.0","YAHOTYN, UP",,,,,"  162",",,u","   66",",,u","  106",",,u"
"UPM00033356","2002-05-20","50.217","31.8","128.0","YAHOTYN, UP",,,,,,,"   41",",,u","   98",",,u"
"UPM00033356","2002-05-21","50.217","31.8","128.0","YAHOTYN, UP",,,,,"  166",",,u","   26",",,u","  107",",,u"
"UPM00033356","2002-05-22","50.217","31.8","128.0","YAHOTYN, UP",,,,,"  206",",,u","   35",",,u","  132",",,u"
"UPM00033356","2002-05-23","50.217","31.8","128.0","YAHOTYN, UP",,,,,"  230",",,u",,,"  178",",,u"
"UPM00033356","2002-05-24","50.217","31.8","128.0","YAHOTYN, UP",,,,,"  252",",,u","  100",",,u","  193",",,u"
"UPM00033356","2002-05-25","50.217","31.8","128.0","YAHOTYN, UP",,,,,,,"  145",",,u","  220",",,u"
"UPM00033356","2002-05-26","50.217","31.8","128.0","YAHOTYN, UP",,,,,"  258",",,u",,,"  179",",,u"
"UPM00033356","2002-05-27","50.217","31.8","128.0","YAHOTYN, UP",,,,,"  262",",,u","  137",",,u","  201",",,u"
"UPM00033356","2002-05-28","50.217","31.8","128.0","YAHOTYN, UP",,,,,,,"  140",",,u","  216",",,u"
"UPM00033356","2002-05-29","50.217","31.8","128.0","YAHOTYN, UP","   10","B,,u",,,,,"  165",",,u","  191",",,u"
"UPM00033356","2002-05-30","50.217","31.8","128.0","YAHOTYN, UP","  130","B,,u",,,,,"  138",",,u","  144",",,u"
"UPM00033356","2002-05-31","50.217","31.8","128.0","YAHOTYN, UP",,,,,,,"  130",",,u","  138",",,u"
"UPM00033356","2002-06-01","50.217","31.8","128.0","YAHOTYN, UP","  180","B,,u",,,,,"  134",",,u","  165",",,u"
"UPM00033356","2002-06-02","50.217","31.8","128.0","YAHOTYN, UP",,,,,"  235",",,u",,,"  184",",,u"
"UPM00033356","2002-06-03","50.217","31.8","128.0","YAHOTYN, UP","    2","B,,u",,,"  210",",,u",,,"  168",",,u"
"UPM00033356","2002-06-04","50.217","31.8","128.0","YAHOTYN, UP","   40","B,,u",,,"  193",",,u","  115",",,u","  151",",,u"
"UPM00033356","2002-06-05","50.217","31.8","128.0","YAHOTYN, UP","  200","B,,u",,,"  210",",,u","  134",",,u","  163",",,u"
"UPM00033356","2002-06-06","50.217","31.8","128.0","YAHOTYN, UP",,,,,"  174",",,u","  126",",,u","  152",",,u"
"UPM00033356","2002-06-07","50.217","31.8","128.0","YAHOTYN, UP",,,,,"  192",",,u","   66",",,u","  125",",,u"
"UPM00033356","2002-06-08","50.217","31.8","128.0","YAHOTYN, UP",,,,,,,,,"  136",",,u"
"UPM00033356","2002-06-09","50.217","31.8","128.0","YAHOTYN, UP",,,,,"  149",",,u",,,"  136",",,u"
"UPM00033356","2002-06-10","50.217","31.8","128.0","YAHOTYN, UP",,,,,"  195",",,u","  122",",,u","  159",",,u"
"UPM00033356","2002-06-11","50.217","31.8","128.0","YAHOTYN, UP",,,,,"  228",",,u","  118",",,u","  171",",,u"
"UPM00033356","2002-06-12","50.217","31.8","128.0","YAHOTYN, UP",,,,,"  260",",,u","  136",",,u","  201",",,u"
"UPM00033356","2002-06-13","50.217","31.8","128.0","YAHOTYN, UP",,,,,"  246",",,u","  130",",,u","  190",",,u"
"UPM00033356","2002-06-14","50.217","31.8","128.0","YAHOTYN, UP",,,,,"  250",",,u","  140",",,u","  195",",,u"
"UPM00033356","2002-06-15","50.217","31.8","128.0","YAHOTYN, UP",,,,,,,"  115",",,u","  172",",,u"
"UPM00033356","2002-06-16","50.217","31.8","128.0","YAHOTYN, UP",,,,,"  260",",,u","  128",",,u","  187",",,u"
"UPM00033356","2002-06-17","50.217","31.8","128.0","YAHOTYN, UP",,,,,,,"  146",",,u","  190",",,u"
"UPM00033356","2002-06-18","50.217","31.8","128.0","YAHOTYN, UP",,,,,"  234",",,u","  144",",,u","  197",",,u"
"UPM00033356","2002-06-19","50.217","31.8","128.0","YAHOTYN, UP",,,,,,,"  145",",,u","  228",",,u"
"UPM00033356","2002-06-20","50.217","31.8","128.0","YAHOTYN, UP",,,,,"  297",",,u","  150",",,u","  243",",,u"
"UPM00033356","2002-06-21","50.217","31.8","128.0","YAHOTYN, UP",,,,,"  322",",,u","  175",",,u","  295",",,u"
"UPM00033356","2002-06-22","50.217","31.8","128.0","YAHOTYN, UP",,,,,,,"  202",",,u","  279",",,u"
"UPM00033356","2002-06-24","50.217","31.8","128.0","YAHOTYN, UP",,,,,"  270",",,u",,,"  234",",,u"
"UPM00033356","2002-06-25","50.217","31.8","128.0","YAHOTYN, UP","  110","B,,u",,,,,"  140",",,u","  176",",,u"
"UPM00033356","2002-06-26","50.217","31.8","128.0","YAHOTYN, UP",,,,,"  237",",,u","  135",",,u","  196",",,u"
"UPM00033356","2002-06-27","50.217","31.8","128.0","YAHOTYN, UP",,,,,,,"  127",",,u","  180",",,u"
"UPM00033356","2002-06-28","50.217","31.8","128.0","YAHOTYN, UP",,,,,,,,,"  143",",,u"
"UPM00033356","2002-06-29","50.217","31.8","128.0","YAHOTYN, UP",,,,,,,"  145",",,u","  241",",,u"
"UPM00033356","2002-06-30","50.217","31.8","128.0","YAHOTYN, UP",,,,,,,,,"  188",",,u"
"UPM00033356","2002-07-01","50.217","31.8","128.0","YAHOTYN, UP",,,,,"  235",",,u",,,"  188",",,u"
"UPM00033356","2002-07-02","50.217","31.8","128.0","YAHOTYN, UP",,,,,,,"  128",",,u","  215",",,u"
"UPM00033356","2002-07-03","50.217","31.8","128.0","YAHOTYN, UP",,,,,"  297",",,u","  152",",,u","  258",",,u"
"UPM00033356","2002-07-04","50.217","31.8","128.0","YAHOTYN, UP",,,,,"  330",",,u","  170",",,u","  250",",,u"
"UPM00033356","2002-07-05","50.217","31.8","128.0","YAHOTYN, UP",,,,,,,"  196",",,u","  246",",,u"
"UPM00033356","2002-07-07","50.217","31.8","128.0","YAHOTYN, UP",,,,,"  292",",,u",,,"  219",",,u"
"UPM00033356","2002-07-08","50.217","31.8","128.0","YAHOTYN, UP",,,,,"  316",",,u","  178",",,u","  261",",,u"
"UPM00033356","2002-07-09","50.217","31.8","128.0","YAHOTYN, UP",,,,,"  334",",,u","  202",",,u","  267",",,u"
"UPM00033356","2002-07-10","50.217","31.8","128.0","YAHOTYN, UP",,,,,"  341",",,u","  211",",,u","  304",",,u"
"UPM00033356","2002-07-11","50.217","31.8","128.0","YAHOTYN, UP",,,,,"  323",",,u","  208",",,u","  268",",,u"
"UPM00033356","2002-07-12","50.217","31.8","128.0","YAHOTYN, UP",,,,,"  320",",,u","  192",",,u","  254",",,u"
"UPM00033356","2002-07-13","50.217","31.8","128.0","YAHOTYN, UP",,,,,,,"  184",",,u","  255",",,u"
"UPM00033356","2002-07-14","50.217","31.8","128.0","YAHOTYN, UP","   80","B,,u",,,"  313",",,u","  190",",,u","  240",",,u"
"UPM00033356","2002-07-15","50.217","31.8","128.0","YAHOTYN, UP","    0","B,,u",,,"  296",",,u","  194",",,u","  235",",,u"
"UPM00033356","2002-07-16","50.217","31.8","128.0","YAHOTYN, UP","  110","B,,u",,,"  316",",,u","  192",",,u","  253",",,u"
"UPM00033356","2002-07-17","50.217","31.8","128.0","YAHOTYN, UP",,,,,,,"  190",",,u","  249",",,u"
"UPM00033356","2002-07-18","50.217","31.8","128.0","YAHOTYN, UP",,,,,"  304",",,u","  195",",,u","  251",",,u"
"UPM00033356","2002-07-19","50.217","31.8","128.0","YAHOTYN, UP",,,,,"  307",",,u","  182",",,u","  259",",,u"
"UPM00033356","2002-07-20","50.217","31.8","128.0","YAHOTYN, UP",,,,,,,"  184",",,u","  233",",,u"
"UPM00033356","2002-07-21","50.217","31.8","128.0","YAHOTYN, UP",,,,,"  321",",,u",,,"  240",",,u"
"UPM00033356","2002-07-22","50.217","31.8","128.0","YAHOTYN, UP",,,,,"  323",",,u","  165",",,u","  239",",,u"
"UPM00033356","2002-07-23","50.217","31.8","128.0","YAHOTYN, UP",,,,,"  250",",,u","  196",",,u","  214",",,u"
"UPM00033356","2002-07-24","50.217","31.8","128.0","YAHOTYN, UP","  240","B,,u",,,"  205",",,u","  145",",,u","  152",",,u"
"UPM00033356","2002-07-25","50.217","31.8","128.0","YAHOTYN, UP",,,,,,,"  128",",,u","  190",",,u"
"UPM00033356","2002-07-26","50.217","31.8","128.0","YAHOTYN, UP",,,,,"  256",",,u","  145",",,u","  195",",,u"
"UPM00033356","2002-07-27","50.217","31.8","128.0","YAHOTYN, UP","    1","B,,u",,,,,"  172",",,u","  218",",,u"
"UPM00033356","2002-07-29","50.217","31.8","128.0","YAHOTYN, UP","  170","B,,u",,,"  326",",,u","  188",",,u","  236",",,u"
"UPM00033356","2002-07-30","50.217","31.8","128.0","YAHOTYN, UP","   20","B,,u",,,"  336",",,u","  201",",,u","  241",",,u"
"UPM00033356","2002-07-31","50.217","31.8","128.0","YAHOTYN, UP","    0","B,,u",,,"  321",",,u","  195",",,u","  239",",,u"
"UPM00033356","2002-08-01","50.217","31.8","128.0","YAHOTYN, UP",,,,,"  302",",,u","  180",",,u","  235",",,u"
"UPM00033356","2002-08-02","50.217","31.8","128.0","YAHOTYN, UP","    0","B,,u",,,"  316",",,u","  191",",,u","  237",",,u"
"UPM00033356","2002-08-03","50.217","31.8","128.0","YAHOTYN, UP","    0","B,,u",,,,,"  190",",,u","  225",",,u"
"UPM00033356","2002-08-04","50.217","31.8","128.0","YAHOTYN, UP",,,,,"  311",",,u",,,"  251",",,u"
"UPM00033356","2002-08-05","50.217","31.8","128.0","YAHOTYN, UP","   40","B,,u",,,"  268",",,u","  190",",,u","  221",",,u"
"UPM00033356","2002-08-06","50.217","31.8","128.0","YAHOTYN, UP",,,,,"  243",",,u","  168",",,u","  210",",,u"
"UPM00033356","2002-08-07","50.217","31.8","128.0","YAHOTYN, UP","   30","B,,u",,,"  237",",,u","  170",",,u","  189",",,u"
"UPM00033356","2002-08-08","50.217","31.8","128.0","YAHOTYN, UP","   30","B,,u",,,,,"  160",",,u","  191",",,u"
"UPM00033356","2002-08-09","50.217","31.8","128.0","YAHOTYN, UP",,,,,"  227",",,u","   91",",,u","  168",",,u"
"UPM00033356","2002-08-10","50.217","31.8","128.0","YAHOTYN, UP",,,,,,,"  105",",,u","  165",",,u"
"UPM00033356","2002-08-11","50.217","31.8","128.0","YAHOTYN, UP",,,,,,,,,"  194",",,u"
"UPM00033356","2002-08-12","50.217","31.8","128.0","YAHOTYN, UP",,,,,"  270",",,u","  147",",,u","  221",",,u"
"UPM00033356","2002-08-13","50.217","31.8","128.0","YAHOTYN, UP","   20","B,,u",,,"  270",",,u","  190",",,u","  209",",,u"
"UPM00033356","2002-08-14","50.217","31.8","128.0","YAHOTYN, UP","  180","B,,u",,,"  205",",,u","  161",",,u","  174",",,u"
"UPM00033356","2002-08-15","50.217","31.8","128.0","YAHOTYN, UP","  460","B,,u",,,"  247",",,u","  150",",,u","  193",",,u"
"UPM00033356","2002-08-16","50.217","31.8","128.0","YAHOTYN, UP","    2","B,,u",,,"  246",",,u","  160",",,u","  214",",,u"
"UPM00033356","2002-08-17","50.217","31.8","128.0","YAHOTYN, UP","   10","B,,u",,,,,"  163",",,u","  197",",,u"
"UPM00033356","2002-08-18","50.217","31.8","128.0","YAHOTYN, UP",,,,,"  237",",,u",,,"  174",",,u"
"UPM00033356","2002-08-19","50.217","31.8","128.0","YAHOTYN, UP",,,,,"  227",",,u","   98",",,u","  175",",,u"
"UPM00033356","2002-08-20","50.217","31.8","128.0","YAHOTYN, UP",,,,,,,"   93",",,u","  207",",,u"
"UPM00033356","2002-08-21","50.217","31.8","128.0","YAHOTYN, UP",,,,,"  275",",,u","  121",",,u","  233",",,u"
"UPM00033356","2002-08-22","50.217","31.8","128.0","YAHOTYN, UP",,,,,"  270",",,u","  123",",,u","  190",",,u"
"UPM00033356","2002-08-23","50.217","31.8","128.0","YAHOTYN, UP",,,,,,,"  108",",,u","  201",",,u"
"UPM00033356","2002-08-26","50.217","31.8","128.0","YAHOTYN, UP",,,,,"  256",",,u",,,"  219",",,u"
"UPM00033356","2002-08-27","50.217","31.8","128.0","YAHOTYN, UP",,,,,"  257",",,u","  120",",,u","  198",",,u"
"UPM00033356","2002-08-29","50.217","31.8","128.0","YAHOTYN, UP",,,,,"  270",",,u","  114",",,u","  207",",,u"
"UPM00033356","2002-08-30","50.217","31.8","128.0","YAHOTYN, UP",,,,,,,"  116",",,u","  195",",,u"
"UPM00033356","2002-08-31","50.217","31.8","128.0","YAHOTYN, UP",,,,,,,"  108",",,u","  195",",,u"
"UPM00033356","2002-09-01","50.217","31.8","128.0","YAHOTYN, UP",,,,,,,,,"  126",",,u"
"UPM00033356","2002-09-02","50.217","31.8","128.0","YAHOTYN, UP",,,,,"  292",",,u","  130",",,u","  237",",,u"
"UPM00033356","2002-09-03","50.217","31.8","128.0","YAHOTYN, UP",,,,,"  297",",,u","  122",",,u","  217",",,u"
"UPM00033356","2002-09-04","50.217","31.8","128.0","YAHOTYN, UP",,,,,"  280",",,u","  148",",,u","  196",",,u"
"UPM00033356","2002-09-05","50.217","31.8","128.0","YAHOTYN, UP",,,,,"  250",",,u","  166",",,u","  190",",,u"
"UPM00033356","2002-09-06","50.217","31.8","128.0","YAHOTYN, UP",,,,,"  212",",,u","  134",",,u","  168",",,u"
"UPM00033356","2002-09-07","50.217","31.8","128.0","YAHOTYN, UP","    1","B,,u",,,,,"  126",",,u","  137",",,u"
"UPM00033356","2002-09-08","50.217","31.8","128.0","YAHOTYN, UP","   90","B,,u",,,"  250",",,u","  128",",,u","  152",",,u"
"UPM00033356","2002-09-09","50.217","31.8","128.0","YAHOTYN, UP",,,,,"  211",",,u","  138",",,u","  159",",,u"
"UPM00033356","2002-09-10","50.217","31.8","128.0","YAHOTYN, UP",,,,,"  211",",,u","  129",",,u","  164",",,u"
"UPM00033356","2002-09-11","50.217","31.8","128.0","YAHOTYN, UP",,,,,"  164",",,u","  130",",,u","  139",",,u"
"UPM00033356","2002-09-12","50.217","31.8","128.0","YAHOTYN, UP","  300","B,,u",,,"  143",",,u","   84",",,u","  109",",,u"
"UPM00033356","2002-09-13","50.217","31.8","128.0","YAHOTYN, UP",,,,,"  122",",,u","   83",",,u","   95",",,u"
"UPM00033356","2002-09-14","50.217","31.8","128.0","YAHOTYN, UP",,,,,,,"   73",",,u","  114",",,u"
"UPM00033356","2002-09-16","50.217","31.8","128.0","YAHOTYN, UP",,,,,"  202",",,u","  110",",,u","  150",",,u"
"UPM00033356","2002-09-17","50.217","31.8","128.0","YAHOTYN, UP","   80","B,,u",,,,,"  108",",,u","  109",",,u"
"UPM00033356","2002-09-18","50.217","31.8","128.0","YAHOTYN, UP","  130","B,,u",,,,,"   58",",,u","  104",",,u"
"UPM00033356","2002-09-19","50.217","31.8","128.0","YAHOTYN, UP","   10","B,,u",,,,,"  115",",,u","  117",",,u"
"UPM00033356","2002-09-20","50.217","31.8","128.0","YAHOTYN, UP",,,,,,,"   76",",,u","  149",",,u"
"UPM00033356","2002-09-21","50.217","31.8","128.0","YAHOTYN, UP",,,,,,,"   85",",,u","  115",",,u"
"UPM00033356","2002-09-23","50.217","31.8","128.0","YAHOTYN, UP","   40","B,,u",,,"  215",",,u","  139",",,u","  169",",,u"
"UPM00033356","2002-09-24","50.217","31.8","128.0","YAHOTYN, UP",,,,,,,"   88",",,u","   98",",,u"
"UPM00033356","2002-09-25","50.217","31.8","128.0","YAHOTYN, UP",,,,,,,"   80",",,u","   87",",,u"
"UPM00033356","2002-09-27","50.217","31.8","128.0","YAHOTYN, UP",,,,,,,,,"  126",",,u"
"UPM00033356","2002-09-28","50.217","31.8","128.0","YAHOTYN, UP",,,,,,,"   96",",,u","  110",",,u"
"UPM00033356","2002-09-29","50.217","31.8","128.0","YAHOTYN, UP",,,,,,,"   56",",,u","   74",",,u"
"UPM00033356","2002-09-30","50.217","31.8","128.0","YAHOTYN, UP",,,,,,,"    5",",,u","  116",",,u"
"UPM00033356","2002-10-01","50.217","31.8","128.0","YAHOTYN, UP",,,,,,,"   28",",,u","  106",",,u"
"UPM00033356","2002-10-02","50.217","31.8","128.0","YAHOTYN, UP",,,,,"  134",",,u","  100",",,u","  108",",,u"
"UPM00033356","2002-10-03","50.217","31.8","128.0","YAHOTYN, UP",,,,,"  149",",,u","    0",",,u","  103",",,u"
"UPM00033356","2002-10-04","50.217","31.8","128.0","YAHOTYN, UP",,,,,,,"  105",",,u","  117",",,u"
"UPM00033356","2002-10-06","50.217","31.8","128.0","YAHOTYN, UP",,,,,"  131",",,u",,,"  100",",,u"
"UPM00033356","2002-10-07","50.217","31.8","128.0","YAHOTYN, UP",,,,,"  139",",,u","   50",",,u","  117",",,u"
"UPM00033356","2002-10-08","50.217","31.8","128.0","YAHOTYN, UP",,,,,"   98",",,u","   59",",,u","   69",",,u"
"UPM00033356","2002-10-09","50.217","31.8","128.0","YAHOTYN, UP","   10","B,,u",,,"   58",",,u","   43",",,u","   44",",,u"
"UPM00033356","2002-10-10","50.217","31.8","128.0","YAHOTYN, UP",,,,,,,"   27",",,u","   32",",,u"
"UPM00033356","2002-10-11","50.217","31.8","128.0","YAHOTYN, UP",,,,,"   91",",,u","  -24",",,u","   26",",,u"
"UPM00033356","2002-10-12","50.217","31.8","128.0","YAHOTYN, UP",,,,,,,"  -20",",,u","    6",",,u"
"UPM00033356","2002-10-14","50.217","31.8","128.0","YAHOTYN, UP","   30","B,,u",,,"   50",",,u","   16",",,u","   24",",,u"
"UPM00033356","2002-10-15","50.217","31.8","128.0","YAHOTYN, UP",,,,,,,"    8",",,u","   20",",,u"
"UPM00033356","2002-10-16","50.217","31.8","128.0","YAHOTYN, UP",,,,,"   83",",,u","   27",",,u","   63",",,u"
"UPM00033356","2002-10-17","50.217","31.8","128.0","YAHOTYN, UP","   30","B,,u",,,,,"   72",",,u","   86",",,u"
"UPM00033356","2002-10-18","50.217","31.8","128.0","YAHOTYN, UP",,,,,"  195",",,u","   98",",,u","  138",",,u"
"UPM00033356","2002-10-19","50.217","31.8","128.0","YAHOTYN, UP",,,,,,,"   78",",,u","  101",",,u"
"UPM00033356","2002-10-21","50.217","31.8","128.0","YAHOTYN, UP",,,,,,,"   -9",",,u","   37",",,u"
"UPM00033356","2002-10-22","50.217","31.8","128.0","YAHOTYN, UP",,,,,,,"    6",",,u","   50",",,u"
"UPM00033356","2002-10-23","50.217","31.8","128.0","YAHOTYN, UP",,,,,"  135",",,u","   73",",,u","  114",",,u"
"UPM00033356","2002-10-24","50.217","31.8","128.0","YAHOTYN, UP",,,,,,,"   50",",,u","  114",",,u"
"UPM00033356","2002-10-25","50.217","31.8","128.0","YAHOTYN, UP","   20","B,,u",,,,,"   64",",,u","   86",",,u"
"UPM00033356","2002-10-26","50.217","31.8","128.0","YAHOTYN, UP",,,,,,,"  -16",",,u","   14",",,u"
"UPM00033356","2002-10-27","50.217","31.8","128.0","YAHOTYN, UP",,,,,"  108",",,u",,,"   42",",,u"
"UPM00033356","2002-10-28","50.217","31.8","128.0","YAHOTYN, UP","    6","B,,u",,,"  129",",,u","   32",",,u","   84",",,u"
"UPM00033356","2002-10-29","50.217","31.8","128.0","YAHOTYN, UP",,,,,,,"   52",",,u","   55",",,u"
"UPM00033356","2002-10-30","50.217","31.8","128.0","YAHOTYN, UP",,,,,"   75",",,u","   33",",,u","   29",",,u"
"UPM00033356","2002-10-31","50.217","31.8","128.0","YAHOTYN, UP",,,,,"   83",",,u","  -21",",,u","   27",",,u"
"UPM00033356","2002-11-01","50.217","31.8","128.0","YAHOTYN, UP","    1","B,,u",,,"   72",",,u","    8",",,u","   32",",,u"
"UPM00033356","2002-11-02","50.217","31.8","128.0","YAHOTYN, UP","    0","B,,u",,,,,"   -4",",,u","   20",",,u"
"UPM00033356","2002-11-03","50.217","31.8","128.0","YAHOTYN, UP","  110","B,,u",,,"   30",",,u","   24",",,u","   29",",,u"
"UPM00033356","2002-11-04","50.217","31.8","128.0","YAHOTYN, UP","    0","B,,u",,,"   32",",,u","    0",",,u","    8",",,u"
"UPM00033356","2002-11-05","50.217","31.8","128.0","YAHOTYN, UP",,,,,"    6",",,u","  -19",",,u","  -13",",,u"
"UPM00033356","2002-11-06","50.217","31.8","128.0","YAHOTYN, UP",,,,,"   10",",,u","  -33",",,u","  -20",",,u"
"UPM00033356","2002-11-07","50.217","31.8","128.0","YAHOTYN, UP",,,,,"   16",",,u","  -47",",,u","  -16",",,u"
"UPM00033356","2002-11-08","50.217","31.8","128.0","YAHOTYN, UP","   10","B,,u",,,"   20",",,u",,,"   -1",",,u"
"UPM00033356","2002-11-09","50.217","31.8","128.0","YAHOTYN, UP","  110","B,,u",,,,,"    0",",,u","    3",",,u"
"UPM00033356","2002-11-10","50.217","31.8","128.0","YAHOTYN, UP","   90","B,,u",,,"   27",",,u","   -2",",,u","    3",",,u"
"UPM00033356","2002-11-11","50.217","31.8","128.0","YAHOTYN, UP","    8","B,,u",,,"   20",",,u","    7",",,u","   11",",,u"
"UPM00033356","2002-11-12","50.217","31.8","128.0","YAHOTYN, UP","    3","B,,u",,,,,"   -8",",,u","    4",",,u"
"UPM00033356","2002-11-13","50.217","31.8","128.0","YAHOTYN, UP","   20","B,,u",,,,,"  -64",",,u","  -29",",,u"
"UPM00033356","2002-11-14","50.217","31.8","128.0","YAHOTYN, UP",,,,,"   75",",,u","    9",",,u","   53",",,u"
"UPM00033356","2002-11-15","50.217","31.8","128.0","YAHOTYN, UP","    7","B,,u",,,"  124",",,u","   60",",,u","   82",",,u"
"UPM00033356","2002-11-16","50.217","31.8","128.0","YAHOTYN, UP",,,,,,,"   68",",,u","   83",",,u"
"UPM00033356","2002-11-18","50.217","31.8","128.0","YAHOTYN, UP",,,,,"  155",",,u","   64",",,u","  102",",,u"
"UPM00033356","2002-11-19","50.217","31.8","128.0","YAHOTYN, UP",,,,,"  127",",,u","   61",",,u","   68",",,u"
"UPM00033356","2002-11-20","50.217","31.8","128.0","YAHOTYN, UP",,,,,,,"   53",",,u","   87",",,u"
"UPM00033356","2002-11-21","50.217","31.8","128.0","YAHOTYN, UP",,,,,,,"   45",",,u","   51",",,u"
"UPM00033356","2002-11-22","50.217","31.8","128.0","YAHOTYN, UP","    0","B,,u",,,"   60",",,u","   47",",,u","   54",",,u"
"UPM00033356","2002-11-23","50.217","31.8","128.0","YAHOTYN, UP",,,,,,,"   58",",,u","   69",",,u"
"UPM00033356","2002-11-24","50.217","31.8","128.0","YAHOTYN, UP",,,,,"   60",",,u",,,"   50",",,u"
"UPM00033356","2002-11-25","50.217","31.8","128.0","YAHOTYN, UP","   20","B,,u",,,"   52",",,u","   50",",,u","   47",",,u"
"UPM00033356","2002-11-26","50.217","31.8","128.0","YAHOTYN, UP","   20","B,,u",,,"   51",",,u","   20",",,u","   33",",,u"
"UPM00033356","2002-11-27","50.217","31.8","128.0","YAHOTYN, UP","    0","B,,u",,,"   40",",,u","   22",",,u","   30",",,u"
"UPM00033356","2002-11-28","50.217","31.8","128.0","YAHOTYN, UP","    0","B,,u",,,"   72",",,u","   38",",,u","   54",",,u"
"UPM00033356","2002-11-29","50.217","31.8","128.0","YAHOTYN, UP","    0","B,,u",,,"   31",",,u","   26",",,u","   31",",,u"
"UPM00033356","2002-11-30","50.217","31.8","128.0","YAHOTYN, UP",,,,,,,"  -37",",,u","  -14",",,u"
"UPM00033356","2002-12-02","50.217","31.8","128.0","YAHOTYN, UP",,,,,,," -123",",,u","  -95",",,u"
"UPM00033356","2002-12-03","50.217","31.8","128.0","YAHOTYN, UP",,,,,,,"  -92",",,u","  -77",",,u"
"UPM00033356","2002-12-04","50.217","31.8","128.0","YAHOTYN, UP",,,,,,,"  -63",",,u","  -22",",,u"
"UPM00033356","2002-12-05","50.217","31.8","128.0","YAHOTYN, UP",,,,,,,"  -28",",I,u","  -28",",,u"
"UPM00033356","2002-12-06","50.217","31.8","128.0","YAHOTYN, UP",,,,,"  -61",",I,u","  -68",",,u","  -67",",,u"
"UPM00033356","2002-12-07","50.217","31.8","128.0","YAHOTYN, UP","    0","B,,u",,,,," -124",",,u"," -111",",,u"
"UPM00033356","2002-12-09","50.217","31.8","128.0","YAHOTYN, UP","    0","B,,u",,,,," -171",",,u"," -123",",,u"
"UPM00033356","2002-12-10","50.217","31.8","128.0","YAHOTYN, UP",,,,," -114",",,u"," -161",",,u"," -131",",,u"
"UPM00033356","2002-12-11","50.217","31.8","128.0","YAHOTYN, UP","    2","B,,u",,,"  -55",",,u"," -130",",,u","  -79",",,u"
"UPM00033356","2002-12-12","50.217","31.8","128.0","YAHOTYN, UP","    2","B,,u",,,,," -120",",,u","  -96",",,u"
"UPM00033356","2002-12-13","50.217","31.8","128.0","YAHOTYN, UP","    0","B,,u",,,"  -38",",,u","  -64",",,u","  -49",",,u"
"UPM00033356","2002-12-14","50.217","31.8","128.0","YAHOTYN, UP","    2","B,,u",,,,,"  -88",",I,u","  -75",",,u"
"UPM00033356","2002-12-15","50.217","31.8","128.0","YAHOTYN, UP",,,,," -114",",I,u",,," -144",",,u"
"UPM00033356","2002-12-16","50.217","31.8","128.0","YAHOTYN, UP",,,,,"  -81",",,u"," -176",",,u"," -132",",,u"
"UPM00033356","2002-12-17","50.217","31.8","128.0","YAHOTYN, UP",,,,,"  -74",",,u"," -147",",,u"," -110",",,u"
"UPM00033356","2002-12-18","50.217","31.8","128.0","YAHOTYN, UP",,,,," -100",",,u"," -170",",,u"," -127",",,u"
"UPM00033356","2002-12-19","50.217","31.8","128.0","YAHOTYN, UP","   20","B,,u",,,"  -73",",,u"," -102",",I,u","  -90",",,u"
"UPM00033356","2002-12-20","50.217","31.8","128.0","YAHOTYN, UP","   20","B,,u",,," -130",",I,u"," -175",",,u"," -153",",,u"
"UPM00033356","2002-12-21","50.217","31.8","128.0","YAHOTYN, UP",,,,,,," -164",",,u"," -127",",,u"
"UPM00033356","2002-12-22","50.217","31.8","128.0","YAHOTYN, UP",,,,,,,"  -62",",,u","  -50",",,u"
"UPM00033356","2002-12-23","50.217","31.8","128.0","YAHOTYN, UP",,,,,,," -114",",,u","  -94",",,u"
"UPM00033356","2002-12-24","50.217","31.8","128.0","YAHOTYN, UP",,,,,,," -175",",,u"," -130",",,u"
"UPM00033356","2002-12-25","50.217","31.8","128.0","YAHOTYN, UP",,,,,,," -168",",,u"," -146",",,u"
"UPM00033356","2002-12-26","50.217","31.8","128.0","YAHOTYN, UP",,,,," -102",",,u"," -161",",,u"," -126",",,u"
"UPM00033356","2002-12-27","50.217","31.8","128.0","YAHOTYN, UP",,,,,"  -75",",,u"," -116",",,u","  -97",",,u"
"UPM00033356","2002-12-28","50.217","31.8","128.0","YAHOTYN, UP",,,,,,," -145",",,u"," -122",",,u"
"UPM00033356","2002-12-30","50.217","31.8","128.0","YAHOTYN, UP",,,,,,,"    0",",,u","   10",",,u"
"UPM00033356","2003-01-01","50.217","31.8","128.0","YAHOTYN, UP",,,,,"  -72",",,u"," -155",",,u"," -118",",,u"
"UPM00033356","2003-01-02","50.217","31.8","128.0","YAHOTYN, UP",,,,,"  -66",",,u",,,"  -89",",,u"
"UPM00033356","2003-01-03","50.217","31.8","128.0","YAHOTYN, UP","    0","B,,u",,,"    0",",,u","  -64",",,u","  -27",",,u"
"UPM00033356","2003-01-04","50.217","31.8","128.0","YAHOTYN, UP","   90","B,,u",,,"   15",",,u","    0",",I,u","    3",",,u"
"UPM00033356","2003-01-05","50.217","31.8","128.0","YAHOTYN, UP","   20","B,,u",,,"  -25",",I,u","  -25",",I,u","  -66",",,u"
"UPM00033356","2003-01-06","50.217","31.8","128.0","YAHOTYN, UP",,,,," -120",",I,u"," -182",",,u"," -148",",,u"
"UPM00033356","2003-01-07","50.217","31.8","128.0","YAHOTYN, UP",,,,," -112",",,u"," -147",",,u"," -126",",,u"
"UPM00033356","2003-01-08","50.217","31.8","128.0","YAHOTYN, UP","   32","B,,u",,," -112",",,u"," -134",",,u"," -129",",,u"
"UPM00033356","2003-01-09","50.217","31.8","128.0","YAHOTYN, UP",,,,,"  -97",",,u",,," -123",",,u"
"UPM00033356","2003-01-10","50.217","31.8","128.0","YAHOTYN, UP","   40","B,,u",,,"  -88",",,u"," -135",",,u"," -108",",,u"
"UPM00033356","2003-01-11","50.217","31.8","128.0","YAHOTYN, UP","   88","B,,u",,,"  -86",",,u"," -125",",,u"," -110",",,u"
"UPM00033356","2003-01-12","50.217","31.8","128.0","YAHOTYN, UP","    2","B,,u",,," -126",",,u"," -190",",,u"," -141",",,u"
"UPM00033356","2003-01-13","50.217","31.8","128.0","YAHOTYN, UP","    0","B,,u",,,"  -33",",,u"," -130",",,u","  -69",",,u"
"UPM00033356","2003-01-14","50.217","31.8","128.0","YAHOTYN, UP","    2","B,,u",,,"  -11",",,u","  -60",",,u","  -29",",,u"
"UPM00033356","2003-01-15","50.217","31.8","128.0","YAHOTYN, UP","   40","B,,u",,,"   41",",,u","  -19",",,u","   22",",,u"
"UPM00033356","2003-01-16","50.217","31.8","128.0","YAHOTYN, UP","    6","B,,u",,,"   33",",,u","   20",",,u","   23",",,u"
"UPM00033356","2003-01-17","50.217","31.8","128.0","YAHOTYN, UP",,,,,"   35",",,u","   16",",,u","   13",",,u"
"UPM00033356","2003-01-18","50.217","31.8","128.0","YAHOTYN, UP",,,,,"   14",",,u",,,"    4",",,u"
"UPM00033356","2003-01-19","50.217","31.8","128.0","YAHOTYN, UP",,,,,"   11",",,u","  -22",",,u","   -6",",,u"
"UPM00033356","2003-01-20","50.217","31.8","128.0","YAHOTYN, UP",,,,,"   -6",",,u","  -17",",I,u","  -17",",,u"
"UPM00033356","2003-01-21","50.217","31.8","128.0","YAHOTYN, UP",,,,,"  -29",",I,u","  -86",",,u","  -49",",,u"
"UPM00033356","2003-01-22","50.217","31.8","128.0","YAHOTYN, UP","    0","B,,u",,,"    4",",,u","  -29",",,u","   -2",",,u"
"UPM00033356","2003-01-23","50.217","31.8","128.0","YAHOTYN, UP",,,,,"   -7",",,u","  -18",",,u","  -14",",,u"
"UPM00033356","2003-01-24","50.217","31.8","128.0","YAHOTYN, UP","    0","B,,u",,,"  -11",",,u","  -20",",,u","  -19",",,u"
"UPM00033356","2003-01-25","50.217","31.8","128.0","YAHOTYN, UP",,,,,"   -8",",,u","  -39",",,u","  -21",",,u"
"UPM00033356","2003-01-26","50.217","31.8","128.0","YAHOTYN, UP","    0","B,,u",,,"   18",",,u","  -10",",,u","    7",",,u"
"UPM00033356","2003-01-27","50.217","31.8","128.0","YAHOTYN, UP",,,,,"    4",",,u","    2",",,u","    0",",,u"
"UPM00033356","2003-01-28","50.217","31.8","128.0","YAHOTYN, UP","    0","B,,u",,,"   -7",",,u","  -12",",,u","   -9",",,u"
"UPM00033356","2003-01-29","50.217","31.8","128.0","YAHOTYN, UP","   60","B,,u",,,"   37",",,u","  -12",",,u","   14",",,u"
"UPM00033356","2003-01-30","50.217","31.8","128.0","YAHOTYN, UP","    7","B,,u",,,"   35",",,u","  -11",",,u","   -1",",,u"
"UPM00033356","2003-01-31","50.217","31.8","128.0","YAHOTYN, UP","    2","B,,u",,,"   31",",,u",,,"  -10",",,u"
"UPM00033356","2003-02-01","50.217","31.8","128.0","YAHOTYN, UP",,,,,"  -60",",,u","  -64",",,u","  -64",",,u"
"UPM00033356","2003-02-02","50.217","31.8","128.0","YAHOTYN, UP",,,,,"  -73",",,u"," -449",",G,u"," -108",",,u"
"UPM00033356","2003-02-03","50.217","31.8","128.0","YAHOTYN, UP",,,,," -125",",,u"," -172",",,u"," -161",",,u"
"UPM00033356","2003-02-04","50.217","31.8","128.0","YAHOTYN, UP",,,,," -114",",,u"," -211",",,u"," -160",",,u"
"UPM00033356","2003-02-05","50.217","31.8","128.0","YAHOTYN, UP",,,,,"  -14",",,u"," -114",",,u","  -35",",,u"
"UPM00033356","2003-02-06","50.217","31.8","128.0","YAHOTYN, UP","   20","B,,u",,,"   16",",,u","  -10",",,u","    5",",,u"
"UPM00033356","2003-02-07","50.217","31.8","128.0","YAHOTYN, UP","   30","B,,u",,,"   10",",,u","   -1",",,u","   -7",",,u"
"UPM00033356","2003-02-08","50.217","31.8","128.0","YAHOTYN, UP","    0","B,,u",,,"   17",",,u","  -31",",,u","  -11",",,u"
"UPM00033356","2003-02-09","50.217","31.8","128.0","YAHOTYN, UP","   20","B,,u",,,"  -26",",,u","  -60",",I,u","  -45",",,u"
"UPM00033356","2003-02-10","50.217","31.8","128.0","YAHOTYN, UP","    0","B,,u",,,"  -78",",I,u"," -112",",I,u"," -101",",,u"
"UPM00033356","2003-02-11","50.217","31.8","128.0","YAHOTYN, UP","    4","B,,u",,," -126",",I,u"," -166",",,u"," -160",",,u"
"UPM00033356","2003-02-12","50.217","31.8","128.0","YAHOTYN, UP",,,,,"  -96",",,u"," -191",",,u"," -150",",,u"
"UPM00033356","2003-02-13","50.217","31.8","128.0","YAHOTYN, UP",,,,,"  -62",",,u"," -192",",,u"," -111",",,u"
"UPM00033356","2003-02-14","50.217","31.8","128.0","YAHOTYN, UP",,,,,,,,,"  -46",",,u"
"UPM00033356","2003-02-15","50.217","31.8","128.0","YAHOTYN, UP",,,,,,,"  -68",",,u","  -63",",,u"
"UPM00033356","2003-02-16","50.217","31.8","128.0","YAHOTYN, UP","    2","B,,u",,,,," -166",",,u"," -166",",,u"
"UPM00033356","2003-02-17","50.217","31.8","128.0","YAHOTYN, UP",,,,,"  -64",",,u"," -206",",,u"," -118",",,u"
"UPM00033356","2003-02-18","50.217","31.8","128.0","YAHOTYN, UP","   10","B,,u",,,"   -5",",,u","  -79",",,u","  -35",",,u"
"UPM00033356","2003-02-19","50.217","31.8","128.0","YAHOTYN, UP","    0","B,,u",,,"   -9",",,u","  -47",",,u","  -24",",,u"
"UPM00033356","2003-02-20","50.217","31.8","128.0","YAHOTYN, UP","    8","B,,u",,,"   17",",,u","  -34",",I,u","   -7",",,u"
"UPM00033356","2003-02-21","50.217","31.8","128.0","YAHOTYN, UP","    3","B,,u",,,"  -52",",I,u"," -110",",,u","  -83",",,u"
"UPM00033356","2003-02-22","50.217","31.8","128.0","YAHOTYN, UP",,,,,"  -52",",,u"," -147",",,u"," -100",",,u"
"UPM00033356","2003-02-23","50.217","31.8","128.0","YAHOTYN, UP",,,,,"  -11",",,u"," -160",",,u","  -71",",,u"
"UPM00033356","2003-02-24","50.217","31.8","128.0","YAHOTYN, UP",,,,,"  -17",",,u","  -37",",,u","  -35",",,u"
"UPM00033356","2003-02-25","50.217","31.8","128.0","YAHOTYN, UP","    0","B,,u",,,"  -43",",,u","  -79",",,u","  -59",",,u"
"UPM00033356","2003-02-26","50.217","31.8","128.0","YAHOTYN, UP","    0","B,,u",,,"  -45",",,u","  -75",",,u","  -70",",,u"
"UPM00033356","2003-02-27","50.217","31.8","128.0","YAHOTYN, UP","    0","B,,u",,,"  -46",",,u","  -85",",,u","  -68",",,u"
"UPM00033356","2003-02-28","50.217","31.8","128.0","YAHOTYN, UP",,,,,"  -46",",,u",,,"  -60",",,u"
"UPM00033356","2003-03-01","50.217","31.8","128.0","YAHOTYN, UP","    1","B,,u",,,"  -18",",,u","  -52",",,u","  -32",",,u"
"UPM00033356","2003-03-02","50.217","31.8","128.0","YAHOTYN, UP","   20","B,,u",,,"   -5",",,u","  -28",",,u","  -15",",,u"
"UPM00033356","2003-03-03","50.217","31.8","128.0","YAHOTYN, UP","   60","B,,u",,,"  -19",",,u","  -26",",,u","  -32",",,u"
"UPM00033356","2003-03-04","50.217","31.8","128.0","YAHOTYN, UP",,,,,"  -12",",,u","  -94",",,u","  -40",",,u"
"UPM00033356","2003-03-05","50.217","31.8","128.0","YAHOTYN, UP","    0","B,,u",,,"   -5",",,u","  -38",",,u","  -20",",,u"
"UPM00033356","2003-03-06","50.217","31.8","128.0","YAHOTYN, UP","    0","B,,u",,,"   -8",",,u","  -54",",,u","  -36",",,u"
"UPM00033356","2003-03-07","50.217","31.8","128.0","YAHOTYN, UP",,,,,"   -9",",,u","  -58",",,u","  -32",",,u"
"UPM00033356","2003-03-08","50.217","31.8","128.0","YAHOTYN, UP",,,,,"  -41",",,u","  -99",",,u","  -61",",,u"
"UPM00033356","2003-03-09","50.217","31.8","128.0","YAHOTYN, UP","    3","B,,u",,,"   -3",",,u","  -56",",,u","  -25",",,u"
"UPM00033356","2003-03-10","50.217","31.8","128.0","YAHOTYN, UP","    0","B,,u",,,"   -8",",,u","  -75",",,u","  -29",",,u"
"UPM00033356","2003-03-11","50.217","31.8","128.0","YAHOTYN, UP","    0","B,,u",,,"   13",",,u","  -22",",,u","    0",",,u"
"UPM00033356","2003-03-12","50.217","31.8","128.0","YAHOTYN, UP","    0","B,,u",,,"   19",",,u","    4",",,u","    7",",,u"
"UPM00033356","2003-03-13","50.217","31.8","128.0","YAHOTYN, UP","   90","B,,u",,,"   35",",,u","    5",",,u","   20",",,u"
"UPM00033356","2003-03-14","50.217","31.8","128.0","YAHOTYN, UP","    9","B,,u",,,"   22",",,u","   12",",,u","   10",",,u"
"UPM00033356","2003-03-15","50.217","31.8","128.0","YAHOTYN, UP","   15","B,,u",,,"   45",",,u","  -25",",,u","    8",",,u"
"UPM00033356","2003-03-16","50.217","31.8","128.0","YAHOTYN, UP",,,,,"   55",",,u","  -17",",,u","   15",",,u"
"UPM00033356","2003-03-17","50.217","31.8","128.0","YAHOTYN, UP",,,,,"   60",",,u","  -19",",,u","   17",",,u"
"UPM00033356","2003-03-18","50.217","31.8","128.0","YAHOTYN, UP","   10","B,,u",,,"   21",",,u","    2",",,u","   12",",,u"
"UPM00033356","2003-03-19","50.217","31.8","128.0","YAHOTYN, UP","   10","B,,u",,,"   49",",,u","    5",",,u","   17",",,u"
"UPM00033356","2003-03-20","50.217","31.8","128.0","YAHOTYN, UP","    0","B,,u",,,"   30",",,u","   -9",",I,u","   -1",",,u"
"UPM00033356","2003-03-21","50.217","31.8","128.0","YAHOTYN, UP","   13","B,,u",,,"  -53",",I,u","  -73",",,u","  -55",",,u"
"UPM00033356","2003-03-22","50.217","31.8","128.0","YAHOTYN, UP","    3","B,,u",,,"  -18",",,u","  -79",",,u","  -50",",,u"
"UPM00033356","2003-03-23","50.217","31.8","128.0","YAHOTYN, UP","    0","B,,u",,,"  -26",",,u","  -67",",,u","  -47",",,u"
"UPM00033356","2003-03-24","50.217","31.8","128.0","YAHOTYN, UP","    0","B,,u",,,"   28",",,u","  -69",",,u","  -16",",,u"
"UPM00033356","2003-03-25","50.217","31.8","128.0","YAHOTYN, UP",,,,,"   98",",,u","   -4",",,u","   40",",,u"
"UPM00033356","2003-03-26","50.217","31.8","128.0","YAHOTYN, UP",,,,,"   80",",,u","   -2",",,u","   33",",,u"
"UPM00033356","2003-03-27","50.217","31.8","128.0","YAHOTYN, UP",,,,,"   62",",,u","  -34",",,u","   19",",,u"
"UPM00033356","2003-03-28","50.217","31.8","128.0","YAHOTYN, UP",,,,,"   81",",,u","  -24",",,u","   21",",,u"
"UPM00033356","2003-03-29","50.217","31.8","128.0","YAHOTYN, UP",,,,,"  104",",,u","   -9",",,u","   39",",,u"
"UPM00033356","2003-03-30","50.217","31.8","128.0","YAHOTYN, UP",,,,,"   88",",,u","   -2",",,u","   37",",,u"
"UPM00033356","2003-03-31","50.217","31.8","128.0","YAHOTYN, UP",,,,,"  106",",,u","    0",",,u","   49",",,u"
"UPM00033356","2003-04-01","50.217","31.8","128.0","YAHOTYN, UP","   50","B,,u",,,"    5",",,u","    1",",,u","   -1",",,u"
"UPM00033356","2003-04-02","50.217","31.8","128.0","YAHOTYN, UP","    1","B,,u",,,"   50",",,u","  -51",",,u","   -5",",,u"
"UPM00033356","2003-04-03","50.217","31.8","128.0","YAHOTYN, UP",,,,,"  122",",,u","   -6",",,u","   54",",,u"
"UPM00033356","2003-04-04","50.217","31.8","128.0","YAHOTYN, UP",,,,,"  132",",,u","    0",",,u","   60",",,u"
"UPM00033356","2003-04-05","50.217","31.8","128.0","YAHOTYN, UP",,,,,"   53",",,u","    8",",,u","   27",",,u"
"UPM00033356","2003-04-06","50.217","31.8","128.0","YAHOTYN, UP","    3","B,,u",,,"   32",",,u","    6",",,u","   12",",,u"
"UPM00033356","2003-04-07","50.217","31.8","128.0","YAHOTYN, UP","   80","B,,u",,,"   18",",,u","   -4",",,u","    6",",,u"
"UPM00033356","2003-04-08","50.217","31.8","128.0","YAHOTYN, UP","   33","B,,u",,,"   35",",,u","   -9",",,u","   11",",,u"
"UPM00033356","2003-04-09","50.217","31.8","128.0","YAHOTYN, UP","   13","B,,u",,,"   18",",,u","   -6",",,u","   -2",",,u"
"UPM00033356","2003-04-10","50.217","31.8","128.0","YAHOTYN, UP","    0","B,,u",,,"   98",",,u","  -21",",,u","   36",",,u"
"UPM00033356","2003-04-11","50.217","31.8","128.0","YAHOTYN, UP",,,,,"   88",",,u","    5",",,u","   50",",,u"
"UPM00033356","2003-04-12","50.217","31.8","128.0","YAHOTYN, UP","    0","B,,u",,,"   90",",,u","   52",",,u","   60",",,u"
"UPM00033356","2003-04-13","50.217","31.8","128.0","YAHOTYN, UP","   20","B,,u",,,"  110",",,u","   38",",,u","   71",",,u"
"UPM00033356","2003-04-14","50.217","31.8","128.0","YAHOTYN, UP",,,,,"  140",",,u","   24",",,u","   87",",,u"
"UPM00033356","2003-04-15","50.217","31.8","128.0","YAHOTYN, UP",,,,,"  156",",,u","   35",",,u","   95",",,u"
"UPM00033356","2003-04-16","50.217","31.8","128.0","YAHOTYN, UP","    0","B,,u",,,"  125",",,u","   44",",,u","   84",",,u"
"UPM00033356","2003-04-17","50.217","31.8","128.0","YAHOTYN, UP",,,,,"  136",",,u","   14",",,u","   75",",,u"
"UPM00033356","2003-04-18","50.217","31.8","128.0","YAHOTYN, UP",,,,,"  122",",,u","   20",",,u","   72",",,u"
"UPM00033356","2003-04-19","50.217","31.8","128.0","YAHOTYN, UP",,,,,"  129",",,u","   24",",,u","   79",",,u"
"UPM00033356","2003-04-20","50.217","31.8","128.0","YAHOTYN, UP",,,,,"  150",",,u","   20",",,u","   92",",,u"
"UPM00033356","2003-04-21","50.217","31.8","128.0","YAHOTYN, UP",,,,,"  158",",,u","   48",",,u","  107",",,u"
"UPM00033356","2003-04-22","50.217","31.8","128.0","YAHOTYN, UP","    0","B,,u",,,"  156",",,u","   74",",,u","  102",",,u"
"UPM00033356","2003-04-23","50.217","31.8","128.0","YAHOTYN, UP",,,,,"  168",",,u","   40",",,u","  106",",,u"
"UPM00033356","2003-04-24","50.217","31.8","128.0","YAHOTYN, UP",,,,,"  174",",,u","   34",",,u","  114",",,u"
"UPM00033356","2003-04-25","50.217","31.8","128.0","YAHOTYN, UP",,,,,"  138",",,u","   40",",,u","   81",",,u"
"UPM00033356","2003-04-26","50.217","31.8","128.0","YAHOTYN, UP","    0","B,,u",,,"   75",",,u","   -4",",,u","   30",",,u"
"UPM00033356","2003-04-27","50.217","31.8","128.0","YAHOTYN, UP",,,,,"  118",",,u","  -59",",,u","   58",",,u"
"UPM00033356","2003-04-28","50.217","31.8","128.0","YAHOTYN, UP","   50","B,,u",,,"  114",",,u","   58",",,u","   85",",,u"
"UPM00033356","2003-04-29","50.217","31.8","128.0","YAHOTYN, UP","   40","B,,u",,,"  203",",,u","   56",",,u","  130",",,u"
"UPM00033356","2003-04-30","50.217","31.8","128.0","YAHOTYN, UP",,,,,"  227",",,u","  130",",,u","  171",",,u"
"UPM00033356","2003-05-01","50.217","31.8","128.0","YAHOTYN, UP",,,,,"  270",",,u","  120",",,u","  193",",,u"
"UPM00033356","2003-05-02","50.217","31.8","128.0","YAHOTYN, UP","    7","B,,u",,,"  240",",,u","  118",",,u","  177",",,u"
"UPM00033356","2003-05-03","50.217","31.8","128.0","YAHOTYN, UP",,,,,"  251",",,u","  113",",,u","  191",",,u"
"UPM00033356","2003-05-04","50.217","31.8","128.0","YAHOTYN, UP","    8","B,,u",,,"  186",",,u","  135",",,u","  157",",,u"
"UPM00033356","2003-05-05","50.217","31.8","128.0","YAHOTYN, UP",,,,,"  150",",,u","   63",",,u","  109",",,u"
"UPM00033356","2003-05-06","50.217","31.8","128.0","YAHOTYN, UP",,,,,"  200",",,u","   78",",,u","  140",",,u"
"UPM00033356","2003-05-07","50.217","31.8","128.0","YAHOTYN, UP",,,,,"  255",",,u","   59",",,u","  169",",,u"
"UPM00033356","2003-05-08","50.217","31.8","128.0","YAHOTYN, UP",,,,,"  230",",,u","  130",",,u","  175",",,u"
"UPM00033356","2003-05-09","50.217","31.8","128.0","YAHOTYN, UP",,,,,"  230",",,u","   63",",,u","  168",",,u"
"UPM00033356","2003-05-10","50.217","31.8","128.0","YAHOTYN, UP",,,,,"  301",",,u","  164",",,u","  216",",,u"
"UPM00033356","2003-05-11","50.217","31.8","128.0","YAHOTYN, UP","    5","B,,u",,,"  265",",,u","  148",",,u","  208",",,u"
"UPM00033356","2003-05-12","50.217","31.8","128.0","YAHOTYN, UP",,,,,"  303",",,u","  153",",,u","  231",",,u"
"UPM00033356","2003-05-13","50.217","31.8","128.0","YAHOTYN, UP","    1","B,,u",,,"  301",",,u","  178",",,u","  234",",,u"
"UPM00033356","2003-05-14","50.217","31.8","128.0","YAHOTYN, UP",,,,,"  321",",,u","  164",",,u","  238",",,u"
"UPM00033356","2003-05-15","50.217","31.8","128.0","YAHOTYN, UP","   19","B,,u",,,"  282",",,u","  172",",,u","  225",",,u"
"UPM00033356","2003-05-16","50.217","31.8","128.0","YAHOTYN, UP","    0","B,,u",,,"  230",",,u","  158",",,u","  168",",,u"
"UPM00033356","2003-05-17","50.217","31.8","128.0","YAHOTYN, UP","    0","B,,u",,,"  178",",,u","   66",",,u","  122",",,u"
"UPM00033356","2003-05-18","50.217","31.8","128.0","YAHOTYN, UP",,,,,"  221",",,u","   48",",,u","  147",",,u"
"UPM00033356","2003-05-19","50.217","31.8","128.0","YAHOTYN, UP",,,,,"  244",",,u","  113",",,u","  182",",,u"
"UPM00033356","2003-05-20","50.217","31.8","128.0","YAHOTYN, UP",,,,,"  277",",,u","  103",",,u","  205",",,u"
"UPM00033356","2003-05-21","50.217","31.8","128.0","YAHOTYN, UP",,,,,"  290",",,u","  140",",,u","  226",",,u"
"UPM00033356","2003-05-22","50.217","31.8","128.0","YAHOTYN, UP",,,,,"  270",",,u","  160",",,u","  218",",,u"
"UPM00033356","2003-05-23","50.217","31.8","128.0","YAHOTYN, UP","   20","B,,u",,,"  273",",,u","  150",",,u","  217",",,u"
"UPM00033356","2003-05-24","50.217","31.8","128.0","YAHOTYN, UP",,,,,"  296",",,u","  178",",,u","  226",",,u"
"UPM00033356","2003-05-25","50.217","31.8","128.0","YAHOTYN, UP","   70","B,,u",,,"  306",",,u","  168",",,u","  224",",,u"
"UPM00033356","2003-05-26","50.217","31.8","128.0","YAHOTYN, UP",,,,,"  321",",,u","  173",",,u","  256",",,u"
"UPM00033356","2003-05-27","50.217","31.8","128.0","YAHOTYN, UP",,,,,"  148",",I,u","  190",",,u","  232",",,u"
"UPM00033356","2003-05-28","50.217","31.8","128.0","YAHOTYN, UP",,,,,"  302",",,u","  148",",,u","  233",",,u"
"UPM00033356","2003-05-29","50.217","31.8","128.0","YAHOTYN, UP",,,,,"  245",",,u","  168",",,u","  194",",,u"
"UPM00033356","2003-05-30","50.217","31.8","128.0","YAHOTYN, UP",,,,,"  216",",,u","   93",",,u","  135",",,u"
"UPM00033356","2003-05-31","50.217","31.8","128.0","YAHOTYN, UP",,,,,"  247",",,u","   78",",,u","  185",",,u"
"UPM00033356","2003-06-01","50.217","31.8","128.0","YAHOTYN, UP",,,,,"  275",",,u","  123",",,u","  210",",,u"
"UPM00033356","2003-06-02","50.217","31.8","128.0","YAHOTYN, UP","    0","B,,u",,,"  200",",,u","   94",",,u","  153",",,u"
"UPM00033356","2003-06-03","50.217","31.8","128.0","YAHOTYN, UP",,,,,"  193",",,u","  100",",,u","  143",",,u"
"UPM00033356","2003-06-04","50.217","31.8","128.0","YAHOTYN, UP",,,,,"  182",",,u","   50",",,u","  128",",,u"
"UPM00033356","2003-06-05","50.217","31.8","128.0","YAHOTYN, UP",,,,,"  245",",,u","   68",",,u","  166",",,u"
"UPM00033356","2003-06-06","50.217","31.8","128.0","YAHOTYN, UP",,,,,"  306",",,u","   92",",,u","  211",",,u"
"UPM00033356","2003-06-07","50.217","31.8","128.0","YAHOTYN, UP","   20","B,,u",,,"  246",",,u","  158",",,u","  205",",,u"
"UPM00033356","2003-06-08","50.217","31.8","128.0","YAHOTYN, UP",,,,,"  261",",,u","  138",",,u","  203",",,u"
"UPM00033356","2003-06-09","50.217","31.8","128.0","YAHOTYN, UP",,,,,"  295",",,u","  134",",,u","  221",",,u"
"UPM00033356","2003-06-10","50.217","31.8","128.0","YAHOTYN, UP",,,,,"  285",",,u","  177",",,u","  225",",,u"
"UPM00033356","2003-06-11","50.217","31.8","128.0","YAHOTYN, UP","    7","B,,u",,,"  267",",,u","  138",",,u","  210",",,u"
"UPM00033356","2003-06-12","50.217","31.8","128.0","YAHOTYN, UP",,,,,"  261",",,u","  170",",,u","  214",",,u"
"UPM00033356","2003-06-13","50.217","31.8","128.0","YAHOTYN, UP",,,,,"  271",",,u","  133",",,u","  198",",,u"
"UPM00033356","2003-06-14","50.217","31.8","128.0","YAHOTYN, UP","    3","B,,u",,,"  233",",,u","  148",",,u","  185",",,u"
"UPM00033356","2003-06-15","50.217","31.8","128.0","YAHOTYN, UP",,,,,"  230",",,u","  108",",,u","  175",",,u"
"UPM00033356","2003-06-16","50.217","31.8","128.0","YAHOTYN, UP",,,,,"  218",",,u","   87",",,u","  156",",,u"
"UPM00033356","2003-06-17","50.217","31.8","128.0","YAHOTYN, UP","    1","B,,u",,,"  210",",,u","  113",",,u","  153",",,u"
"UPM00033356","2003-06-18","50.217","31.8","128.0","YAHOTYN, UP",,,,,"  218",",,u","  108",",,u","  159",",,u"
"UPM00033356","2003-06-19","50.217","31.8","128.0","YAHOTYN, UP",,,,,"  225",",,u","   71",",,u","  163",",,u"
"UPM00033356","2003-06-20","50.217","31.8","128.0","YAHOTYN, UP",,,,,"  264",",,u","  103",",,u","  186",",,u"
"UPM00033356","2003-06-21","50.217","31.8","128.0","YAHOTYN, UP","   30","B,,u",,,"  194",",,u","  120",",,u","  147",",,u"
"UPM00033356","2003-06-22","50.217","31.8","128.0","YAHOTYN, UP","   10","B,,u",,,"  183",",,u","  103",",,u","  141",",,u"
"UPM00033356","2003-06-23","50.217","31.8","128.0","YAHOTYN, UP","   10","B,,u",,,"  216",",,u","  101",",,u","  145",",,u"
"UPM00033356","2003-06-24","50.217","31.8","128.0","YAHOTYN, UP","   30","B,,u",,,"  221",",,u","   94",",,u","  167",",,u"
"UPM00033356","2003-06-25","50.217","31.8","128.0","YAHOTYN, UP","    0","B,,u",,,"  232",",,u","  132",",,u","  186",",,u"
"UPM00033356","2003-06-26","50.217","31.8","128.0","YAHOTYN, UP",,,,,"  182",",,u","  133",",,u","  151",",,u"
"UPM00033356","2003-06-27","50.217","31.8","128.0","YAHOTYN, UP","   50","B,,u",,,"  226",",,u","  120",",,u","  174",",,u"
"UPM00033356","2003-06-28","50.217","31.8","128.0","YAHOTYN, UP","    9","B,,u",,,"  222",",,u","  113",",,u","  166",",,u"
"UPM00033356","2003-06-29","50.217","31.8","128.0","YAHOTYN, UP","   60","B,,u",,,"  243",",,u","  121",",,u","  176",",,u"
"UPM00033356","2003-06-30","50.217","31.8","128.0","YAHOTYN, UP",,,,,"  255",",,u","  105",",,u","  192",",,u"
"UPM00033356","2003-07-01","50.217","31.8","128.0","YAHOTYN, UP","   60","B,,u",,,"  240",",,u","  150",",,u","  184",",,u"
"UPM00033356","2003-07-02","50.217","31.8","128.0","YAHOTYN, UP",,,,,"  260",",,u","  128",",,u","  204",",,u"
"UPM00033356","2003-07-03","50.217","31.8","128.0","YAHOTYN, UP","    4","B,,u",,,"  275",",,u","  163",",,u","  222",",,u"
"UPM00033356","2003-07-04","50.217","31.8","128.0","YAHOTYN, UP","    0","B,,u",,,"  277",",,u","  174",",,u","  225",",,u"
"UPM00033356","2003-07-05","50.217","31.8","128.0","YAHOTYN, UP","    9","B,,u",,,"  280",",,u","  161",",,u","  213",",,u"
"UPM00033356","2003-07-06","50.217","31.8","128.0","YAHOTYN, UP",,,,,"  245",",,u","  168",",,u","  211",",,u"
"UPM00033356","2003-07-07","50.217","31.8","128.0","YAHOTYN, UP",,,,,"  248",",,u","  164",",,u","  194",",,u"
"UPM00033356","2003-07-08","50.217","31.8","128.0","YAHOTYN, UP","    1","B,,u",,,"  231",",,u","  152",",,u","  188",",,u"
"UPM00033356","2003-07-09","50.217","31.8","128.0","YAHOTYN, UP","    9","B,,u",,,"  228",",,u","  148",",,u","  185",",,u"
"UPM00033356","2003-07-10","50.217","31.8","128.0","YAHOTYN, UP","    6","B,,u",,,"  254",",,u","  138",",,u","  186",",,u"
"UPM00033356","2003-07-11","50.217","31.8","128.0","YAHOTYN, UP","   80","B,,u",,,"  211",",,u","  150",",,u","  178",",,u"
"UPM00033356","2003-07-12","50.217","31.8","128.0","YAHOTYN, UP",,,,,"  240",",,u","  152",",,u","  186",",,u"
"UPM00033356","2003-07-13","50.217","31.8","128.0","YAHOTYN, UP",,,,,"  252",",,u","  130",",,u","  193",",,u"
"UPM00033356","2003-07-14","50.217","31.8","128.0","YAHOTYN, UP",,,,,"  268",",,u","  138",",,u","  190",",,u"
"UPM00033356","2003-07-15","50.217","31.8","128.0","YAHOTYN, UP","  270","B,,u",,,"  233",",,u","  156",",,u","  185",",,u"
"UPM00033356","2003-07-16","50.217","31.8","128.0","YAHOTYN, UP","    9","B,,u",,,"  255",",,u","  163",",,u","  201",",,u"
"UPM00033356","2003-07-17","50.217","31.8","128.0","YAHOTYN, UP","    7","B,,u",,,"  260",",,u","  155",",,u","  217",",,u"
"UPM00033356","2003-07-18","50.217","31.8","128.0","YAHOTYN, UP",,,,,"  267",",,u","  153",",,u","  210",",,u"
"UPM00033356","2003-07-19","50.217","31.8","128.0","YAHOTYN, UP",,,,,"  274",",,u","  163",",,u","  210",",,u"
"UPM00033356","2003-07-20","50.217","31.8","128.0","YAHOTYN, UP",,,,,"  287",",,u","  153",",,u","  228",",,u"
"UPM00033356","2003-07-21","50.217","31.8","128.0","YAHOTYN, UP",,,,,"  292",",,u","  160",",,u","  217",",,u"
"UPM00033356","2003-07-22","50.217","31.8","128.0","YAHOTYN, UP","    7","B,,u",,,"  271",",,u","  160",",,u","  215",",,u"
"UPM00033356","2003-07-23","50.217","31.8","128.0","YAHOTYN, UP",,,,,"  266",",,u","  143",",,u","  210",",,u"
"UPM00033356","2003-07-24","50.217","31.8","128.0","YAHOTYN, UP",,,,,"  287",",,u","  158",",,u","  228",",,u"
"UPM00033356","2003-07-25","50.217","31.8","128.0","YAHOTYN, UP",,,,,"  291",",,u","  166",",,u","  233",",,u"
"UPM00033356","2003-07-26","50.217","31.8","128.0","YAHOTYN, UP",,,,,"  295",",,u","  152",",,u","  229",",,u"
"UPM00033356","2003-07-27","50.217","31.8","128.0","YAHOTYN, UP",,,,,"  292",",,u","  156",",,u","  213",",,u"
"UPM00033356","2003-07-28","50.217","31.8","128.0","YAHOTYN, UP","   60","B,,u",,,"  283",",,u","  156",",,u","  217",",,u"
"UPM00033356","2003-07-29","50.217","31.8","128.0","YAHOTYN, UP","    0","B,,u",,,"  303",",,u","  192",",,u","  233",",,u"
"UPM00033356","2003-07-30","50.217","31.8","128.0","YAHOTYN, UP","    0","B,,u",,,"  307",",,u","  194",",,u","  245",",,u"
"UPM00033356","2003-07-31","50.217","31.8","128.0","YAHOTYN, UP",,,,,"  291",",,u","  188",",,u","  228",",,u"
"UPM00033356","2003-08-01","50.217","31.8","128.0","YAHOTYN, UP","    7","B,,u",,,"  229",",,u","  164",",,u","  195",",,u"
"UPM00033356","2003-08-02","50.217","31.8","128.0","YAHOTYN, UP","   20","B,,u",,,"  263",",,u","  132",",,u","  203",",,u"
"UPM00033356","2003-08-03","50.217","31.8","128.0","YAHOTYN, UP",,,,,"  255",",,u","  168",",,u","  204",",,u"
"UPM00033356","2003-08-04","50.217","31.8","128.0","YAHOTYN, UP",,,,,"  252",",,u","  136",",,u","  196",",,u"
"UPM00033356","2003-08-05","50.217","31.8","128.0","YAHOTYN, UP","   20","B,,u",,,"  301",",,u","  168",",,u","  224",",,u"
"UPM00033356","2003-08-06","50.217","31.8","128.0","YAHOTYN, UP",,,,,"  265",",,u","  168",",,u","  208",",,u"
"UPM00033356","2003-08-07","50.217","31.8","128.0","YAHOTYN, UP",,,,,"  260",",,u","  138",",,u","  198",",,u"
"UPM00033356","2003-08-08","50.217","31.8","128.0","YAHOTYN, UP",,,,,"  257",",,u","  132",",,u","  193",",,u"
"UPM00033356","2003-08-09","50.217","31.8","128.0","YAHOTYN, UP",,,,,"  260",",,u","  125",",,u","  188",",,u"
"UPM00033356","2003-08-10","50.217","31.8","128.0","YAHOTYN, UP","    5","B,,u",,,"  256",",,u","  132",",,u","  188",",,u"
"UPM00033356","2003-08-11","50.217","31.8","128.0","YAHOTYN, UP","   10","B,,u",,,"  183",",,u","  103",",,u","  135",",,u"
"UPM00033356","2003-08-12","50.217","31.8","128.0","YAHOTYN, UP","   29","B,,u",,,"  196",",,u","  117",",,u","  143",",,u"
"UPM00033356","2003-08-13","50.217","31.8","128.0","YAHOTYN, UP","   20","B,,u",,,"  232",",,u","  133",",,u","  182",",,u"
"UPM00033356","2003-08-14","50.217","31.8","128.0","YAHOTYN, UP",,,,,"  272",",,u","  131",",,u","  202",",,u"
"UPM00033356","2003-08-15","50.217","31.8","128.0","YAHOTYN, UP","   10","B,,u",,,"  280",",,u","  162",",,u","  208",",,u"
"UPM00033356","2003-08-16","50.217","31.8","128.0","YAHOTYN, UP","  220","B,,u",,,"  242",",,u","  155",",,u","  193",",,u"
"UPM00033356","2003-08-17","50.217","31.8","128.0","YAHOTYN, UP",,,,,"  252",",,u","  121",",,u","  188",",,u"
"UPM00033356","2003-08-18","50.217","31.8","128.0","YAHOTYN, UP",,,,,"  263",",,u","  120",",,u","  195",",,u"
"UPM00033356","2003-08-19","50.217","31.8","128.0","YAHOTYN, UP",,,,,"  277",",,u","  134",",,u","  212",",,u"
"UPM00033356","2003-08-20","50.217","31.8","128.0","YAHOTYN, UP","   10","B,,u",,,"  265",",,u","  178",",,u","  214",",,u"
"UPM00033356","2003-08-21","50.217","31.8","128.0","YAHOTYN, UP","    3","B,,u",,,"  255",",,u","  163",",,u","  202",",,u"
"UPM00033356","2003-08-22","50.217","31.8","128.0","YAHOTYN, UP",,,,,"  251",",,u","  120",",,u","  188",",,u"
"UPM00033356","2003-08-23","50.217","31.8","128.0","YAHOTYN, UP",,,,,"  294",",,u","  143",",,u","  210",",,u"
"UPM00033356","2003-08-24","50.217","31.8","128.0","YAHOTYN, UP","   10","B,,u",,,"  242",",,u","  148",",,u","  182",",,u"
"UPM00033356","2003-08-25","50.217","31.8","128.0","YAHOTYN, UP","    1","B,,u",,,"  224",",,u","  112",",,u","  162",",,u"
"UPM00033356","2003-08-26","50.217","31.8","128.0","YAHOTYN, UP","   10","B,,u",,,"  227",",,u","  123",",,u","  168",",,u"
"UPM00033356","2003-08-27","50.217","31.8","128.0","YAHOTYN, UP",,,,,"  270",",,u","  116",",,u","  193",",,u"
"UPM00033356","2003-08-28","50.217","31.8","128.0","YAHOTYN, UP",,,,,"  235",",,u","  153",",,u","  174",",,u"
"UPM00033356","2003-08-29","50.217","31.8","128.0","YAHOTYN, UP",,,,,"  265",",,u","   66",",,u","  185",",,u"
"UPM00033356","2003-08-30","50.217","31.8","128.0","YAHOTYN, UP",,,,,"  312",",,u","  196",",,u","  243",",,u"
"UPM00033356","2003-08-31","50.217","31.8","128.0","YAHOTYN, UP",,,,,"  255",",,u","  170",",I,u","  200",",,u"
"UPM00033356","2003-09-01","50.217","31.8","128.0","YAHOTYN, UP","   60","B,,u",,,"  158",",I,u","  134",",,u","  137",",,u"
"UPM00033356","2003-09-02","50.217","31.8","128.0","YAHOTYN, UP","  250","B,,u",,,"  195",",,u","   84",",,u","  140",",,u"
"UPM00033356","2003-09-03","50.217","31.8","128.0","YAHOTYN, UP","   60","B,,u",,,"  154",",,u","  116",",,u","  126",",,u"
"UPM00033356","2003-09-04","50.217","31.8","128.0","YAHOTYN, UP","   27","B,,u",,,"   66",",I,u","   94",",,u","  108",",,u"
"UPM00033356","2003-09-05","50.217","31.8","128.0","YAHOTYN, UP","    9","B,,u",,,"  146",",,u","   66",",,u","  108",",,u"
"UPM00033356","2003-09-06","50.217","31.8","128.0","YAHOTYN, UP",,,,,"  145",",,u","   86",",,u","  114",",,u"
"UPM00033356","2003-09-07","50.217","31.8","128.0","YAHOTYN, UP","   30","B,,u",,,"  185",",,u","   67",",,u","  127",",,u"
"UPM00033356","2003-09-08","50.217","31.8","128.0","YAHOTYN, UP","    1","B,,u",,,"  194",",,u","   73",",,u","  138",",,u"
"UPM00033356","2003-09-09","50.217","31.8","128.0","YAHOTYN, UP",,,,,"  190",",,u","  114",",,u","  141",",,u"
"UPM00033356","2003-09-10","50.217","31.8","128.0","YAHOTYN, UP",,,,,"  180",",,u","   78",",,u","  129",",,u"
"UPM00033356","2003-09-11","50.217","31.8","128.0","YAHOTYN, UP",,,,,"  169",",,u","   63",",,u","  115",",,u"
"UPM00033356","2003-09-12","50.217","31.8","128.0","YAHOTYN, UP",,,,,"  173",",,u","   53",",,u","  112",",,u"
"UPM00033356","2003-09-13","50.217","31.8","128.0","YAHOTYN, UP",,,,,"  203",",,u","   64",",,u","  132",",,u"
"UPM00033356","2003-09-14","50.217","31.8","128.0","YAHOTYN, UP",,,,,"  200",",,u","   63",",,u","  133",",,u"
"UPM00033356","2003-09-15","50.217","31.8","128.0","YAHOTYN, UP",,,,,"  215",",,u","   64",",,u","  136",",,u"
"UPM00033356","2003-09-16","50.217","31.8","128.0","YAHOTYN, UP",,,,,"  220",",,u","   72",",,u","  140",",,u"
"UPM00033356","2003-09-17","50.217","31.8","128.0","YAHOTYN, UP",,,,,"  216",",,u","   73",",,u","  137",",,u"
"UPM00033356","2003-09-18","50.217","31.8","128.0","YAHOTYN, UP","    0","B,,u",,,"  188",",,u","  103",",,u","  141",",,u"
"UPM00033356","2003-09-19","50.217","31.8","128.0","YAHOTYN, UP",,,,,"  211",",,u","   74",",,u","  136",",,u"
"UPM00033356","2003-09-20","50.217","31.8","128.0","YAHOTYN, UP",,,,,"  261",",,u","   73",",,u","  172",",,u"
"UPM00033356","2003-09-21","50.217","31.8","128.0","YAHOTYN, UP",,,,,"  178",",,u","   82",",,u","  128",",,u"
"UPM00033356","2003-09-22","50.217","31.8","128.0","YAHOTYN, UP",,,,,"  255",",,u","   62",",,u","  175",",,u"
"UPM00033356","2003-09-23","50.217","31.8","128.0","YAHOTYN, UP",,,,,"  270",",,u","  100",",,u","  186",",,u"
"UPM00033356","2003-09-24","50.217","31.8","128.0","YAHOTYN, UP",,,,,"  261",",,u","  108",",,u","  177",",,u"
"UPM00033356","2003-09-25","50.217","31.8","128.0","YAHOTYN, UP",,,,,"  137",",,u","  104",",,u","  118",",,u"
"UPM00033356","2003-09-26","50.217","31.8","128.0","YAHOTYN, UP","    0","B,,u",,,"  134",",,u","   98",",,u","  105",",,u"
"UPM00033356","2003-09-27","50.217","31.8","128.0","YAHOTYN, UP","    1","B,,u",,,"  225",",,u","   90",",,u","  142",",,u"
"UPM00033356","2003-09-28","50.217","31.8","128.0","YAHOTYN, UP",,,,,"  220",",,u","   90",",,u","  146",",,u"
"UPM00033356","2003-09-29","50.217","31.8","128.0","YAHOTYN, UP",,,,,"  217",",,u","   66",",,u","  138",",,u"
"UPM00033356","2003-09-30","50.217","31.8","128.0","YAHOTYN, UP",,,,,"  225",",,u","   66",",,u","  149",",,u"
"UPM00033356","2003-10-01","50.217","31.8","128.0","YAHOTYN, UP",,,,,"  225",",,u","   78",",,u","  154",",,u"
"UPM00033356","2003-10-02","50.217","31.8","128.0","YAHOTYN, UP",,,,,"  230",",,u","   78",",,u","  153",",,u"
"UPM00033356","2003-10-03","50.217","31.8","128.0","YAHOTYN, UP",,,,,"  202",",,u","  104",",,u","  130",",,u"
"UPM00033356","2003-10-04","50.217","31.8","128.0","YAHOTYN, UP","   50","B,,u",,,"  151",",,u","   64",",,u","  114",",,u"
"UPM00033356","2003-10-05","50.217","31.8","128.0","YAHOTYN, UP",,,,,"  173",",,u","  108",",,u","  138",",,u"
"UPM00033356","2003-10-06","50.217","31.8","128.0","YAHOTYN, UP",,,,,"  226",",,u","  113",",,u","  158",",,u"
"UPM00033356","2003-10-07","50.217","31.8","128.0","YAHOTYN, UP","  350","B,,u",,,"  144",",,u","   87",",,u","  103",",,u"
"UPM00033356","2003-10-08","50.217","31.8","128.0","YAHOTYN, UP",,,,,"  160",",,u","   74",",,u","  120",",,u"
"UPM00033356","2003-10-09","50.217","31.8","128.0","YAHOTYN, UP",,,,,"  152",",,u","  112",",I,u","  111",",,u"
"UPM00033356","2003-10-10","50.217","31.8","128.0","YAHOTYN, UP","  690","B,,u",,,"   90",",I,u","   54",",,u","   74",",,u"
"UPM00033356","2003-10-11","50.217","31.8","128.0","YAHOTYN, UP","   96","B,,u",,,"  108",",,u","   72",",,u","   91",",,u"
"UPM00033356","2003-10-12","50.217","31.8","128.0","YAHOTYN, UP","   30","B,,u",,,"  120",",,u","   58",",,u","   88",",,u"
"UPM00033356","2003-10-13","50.217","31.8","128.0","YAHOTYN, UP","    7","B,,u",,,"  103",",,u","   40",",,u","   66",",,u"
"UPM00033356","2003-10-14","50.217","31.8","128.0","YAHOTYN, UP",,,,,"  104",",,u","   23",",,u","   64",",,u"
"UPM00033356","2003-10-15","50.217","31.8","128.0","YAHOTYN, UP","    4","B,,u",,,"  112",",,u","   40",",,u","   69",",,u"
"UPM00033356","2003-10-16","50.217","31.8","128.0","YAHOTYN, UP",,,,,"   87",",,u","   33",",,u","   62",",,u"
"UPM00033356","2003-10-17","50.217","31.8","128.0","YAHOTYN, UP","    0","B,,u",,,"   55",",,u","   30",",,u","   45",",,u"
"UPM00033356","2003-10-18","50.217","31.8","128.0","YAHOTYN, UP",,,,,"   66",",,u","   42",",,u","   47",",,u"
"UPM00033356","2003-10-19","50.217","31.8","128.0","YAHOTYN, UP","   10","B,,u",,,"   80",",,u","   28",",,u","   42",",,u"
"UPM00033356","2003-10-20","50.217","31.8","128.0","YAHOTYN, UP",,,,,"  115",",,u","   13",",,u","   70",",,u"
"UPM00033356","2003-10-21","50.217","31.8","128.0","YAHOTYN, UP","   10","B,,u",,,"  126",",,u","   83",",,u","  111",",,u"
"UPM00033356","2003-10-22","50.217","31.8","128.0","YAHOTYN, UP","   30","B,,u",,,"  115",",,u","   86",",I,u","   87",",,u"
"UPM00033356","2003-10-23","50.217","31.8","128.0","YAHOTYN, UP",,,,,"   66",",I,u","   44",",,u","   47",",,u"
"UPM00033356","2003-10-24","50.217","31.8","128.0","YAHOTYN, UP","   31","B,,u",,,"    0",",I,u","   10",",,u","    7",",,u"
"UPM00033356","2003-10-25","50.217","31.8","128.0","YAHOTYN, UP","   30","B,,u",,,"   28",",,u","  -51",",,u","  -10",",,u"
"UPM00033356","2003-10-26","50.217","31.8","128.0","YAHOTYN, UP",,,,,"   42",",,u","  -18",",,u","   14",",,u"
"UPM00033356","2003-10-27","50.217","31.8","128.0","YAHOTYN, UP","    3","B,,u",,,"   35",",,u","  -10",",,u","   -2",",,u"
"UPM00033356","2003-10-28","50.217","31.8","128.0","YAHOTYN, UP","   30","B,,u",,,"   18",",,u","  -61",",,u","  -25",",,u"
"UPM00033356","2003-10-29","50.217","31.8","128.0","YAHOTYN, UP",,,,,"   69",",,u","  -19",",,u","   10",",,u"
"UPM00033356","2003-10-30","50.217","31.8","128.0","YAHOTYN, UP",,,,,"   74",",,u","  -29",",,u","   15",",,u"
"UPM00033356","2003-10-31","50.217","31.8","128.0","YAHOTYN, UP",,,,,"   30",",,u","    8",",,u","   20",",,u"
"UPM00033356","2003-11-01","50.217","31.8","128.0","YAHOTYN, UP","  140","B,,u",,,"   30",",,u","   16",",,u","   25",",,u"
"UPM00033356","2003-11-02","50.217","31.8","128.0","YAHOTYN, UP","    0","B,,u",,,"   50",",,u","   20",",,u","   34",",,u"
"UPM00033356","2003-11-03","50.217","31.8","128.0","YAHOTYN, UP","    0","B,,u",,,"   95",",,u","   34",",,u","   72",",,u"
"UPM00033356","2003-11-04","50.217","31.8","128.0","YAHOTYN, UP","    6","B,,u",,,"  118",",,u","   74",",,u","   83",",,u"
"UPM00033356","2003-11-05","50.217","31.8","128.0","YAHOTYN, UP",,,,,"   77",",,u","   33",",,u","   63",",,u"
"UPM00033356","2003-11-06","50.217","31.8","128.0","YAHOTYN, UP","    6","B,,u",,,"   70",",,u","   60",",,u","   61",",,u"
"UPM00033356","2003-11-07","50.217","31.8","128.0","YAHOTYN, UP","    0","B,,u",,,"   85",",,u","   12",",,u","   33",",,u"
"UPM00033356","2003-11-08","50.217","31.8","128.0","YAHOTYN, UP",,,,,"   27",",,u","   -8",",,u","   11",",,u"
"UPM00033356","2003-11-09","50.217","31.8","128.0","YAHOTYN, UP","    3","B,,u",,,"   68",",,u","   15",",,u","   45",",,u"
"UPM00033356","2003-11-10","50.217","31.8","128.0","YAHOTYN, UP","    0","B,,u",,,"   40",",,u","   18",",,u","   23",",,u"
"UPM00033356","2003-11-11","50.217","31.8","128.0","YAHOTYN, UP",,,,,"   51",",,u","  -11",",,u","   11",",,u"
"UPM00033356","2003-11-12","50.217","31.8","128.0","YAHOTYN, UP",,,,,"   12",",,u","   -7",",,u","    4",",,u"
"UPM00033356","2003-11-13","50.217","31.8","128.0","YAHOTYN, UP","    0","B,,u",,,"    0",",,u","  -29",",,u","  -24",",,u"
"UPM00033356","2003-11-14","50.217","31.8","128.0","YAHOTYN, UP",,,,,"  -26",",,u","  -35",",,u","  -30",",,u"
"UPM00033356","2003-11-15","50.217","31.8","128.0","YAHOTYN, UP","    0","B,,u",,,"  -22",",,u","  -30",",,u","  -26",",,u"
"UPM00033356","2003-11-16","50.217","31.8","128.0","YAHOTYN, UP",,,,,"   -5",",,u","  -22",",,u","  -12",",,u"
"UPM00033356","2003-11-17","50.217","31.8","128.0","YAHOTYN, UP","    0","B,,u",,,"   19",",,u","   -2",",,u","   11",",,u"
"UPM00033356","2003-11-18","50.217","31.8","128.0","YAHOTYN, UP","   80","B,,u",,,"   77",",,u","   18",",,u","   49",",,u"
"UPM00033356","2003-11-19","50.217","31.8","128.0","YAHOTYN, UP","    0","B,,u",,,"   61",",,u","    0",",,u","   39",",,u"
"UPM00033356","2003-11-20","50.217","31.8","128.0","YAHOTYN, UP","   60","B,,u",,,"   79",",,u","   40",",,u","   66",",,u"
"UPM00033356","2003-11-21","50.217","31.8","128.0","YAHOTYN, UP","    0","B,,u",,,"   63",",,u","   32",",,u","   42",",,u"
"UPM00033356","2003-11-22","50.217","31.8","128.0","YAHOTYN, UP",,,,,"   80",",,u","   10",",,u","   38",",,u"
"UPM00033356","2003-11-23","50.217","31.8","128.0","YAHOTYN, UP",,,,,"   49",",,u","    6",",,u","   28",",,u"
"UPM00033356","2003-11-24","50.217","31.8","128.0","YAHOTYN, UP",,,,,"   36",",,u","   10",",,u","   21",",,u"
"UPM00033356","2003-11-25","50.217","31.8","128.0","YAHOTYN, UP",,,,,"   63",",,u","   26",",,u","   46",",,u"
"UPM00033356","2003-11-26","50.217","31.8","128.0","YAHOTYN, UP","    0","B,,u",,,"   78",",,u","   62",",,u","   67",",,u"
"UPM00033356","2003-11-27","50.217","31.8","128.0","YAHOTYN, UP",,,,,"   31",",I,u","   38",",,u","   31",",,u"
"UPM00033356","2003-11-28","50.217","31.8","128.0","YAHOTYN, UP","    0","B,,u",,,"   46",",,u","    5",",,u","   24",",,u"
"UPM00033356","2003-11-29","50.217","31.8","128.0","YAHOTYN, UP","    0","B,,u",,,"   10",",I,u","   30",",I,u","   23",",,u"
"UPM00033356","2003-11-30","50.217","31.8","128.0","YAHOTYN, UP","    0","B,,u",,,"   21",",,u","    8",",,u","   18",",,u"
"UPM00033356","2003-12-01","50.217","31.8","128.0","YAHOTYN, UP",,,,,"   10",",,u","    8",",,u","   12",",,u"
"UPM00033356","2003-12-02","50.217","31.8","128.0","YAHOTYN, UP",,,,,"  -26",",I,u","   -3",",,u","  -36",",,u"
"UPM00033356","2003-12-03","50.217","31.8","128.0","YAHOTYN, UP",,,,,"   74",",,u","  -64",",,u","  -12",",,u"
"UPM00033356","2003-12-04","50.217","31.8","128.0","YAHOTYN, UP",,,,,"   52",",,u","  -43",",,u","   -2",",,u"
"UPM00033356","2003-12-05","50.217","31.8","128.0","YAHOTYN, UP",,,,,"    6",",,u","  -16",",,u","   -3",",,u"
"UPM00033356","2003-12-06","50.217","31.8","128.0","YAHOTYN, UP","    2","B,,u",,,"   19",",,u","    6",",I,u","   11",",,u"
"UPM00033356","2003-12-07","50.217","31.8","128.0","YAHOTYN, UP","  110","B,,u",,,"  -18",",I,u","  -32",",,u","  -23",",,u"
"UPM00033356","2003-12-08","50.217","31.8","128.0","YAHOTYN, UP","    0","B,,u",,,"   14",",,u","  -44",",,u","   -9",",,u"
"UPM00033356","2003-12-09","50.217","31.8","128.0","YAHOTYN, UP","    0","B,,u",,,"   17",",,u","  -15",",I,u","    1",",,u"
"UPM00033356","2003-12-10","50.217","31.8","128.0","YAHOTYN, UP",,,,,"  -33",",I,u","  -83",",,u","  -44",",,u"
"UPM00033356","2003-12-11","50.217","31.8","128.0","YAHOTYN, UP",,,,,"   -4",",,u","  -66",",,u","  -29",",,u"
"UPM00033356","2003-12-12","50.217","31.8","128.0","YAHOTYN, UP",,,,,"   31",",,u","  -17",",,u","   14",",,u"
"UPM00033356","2003-12-13","50.217","31.8","128.0","YAHOTYN, UP","    0","B,,u",,,"   20",",,u","    8",",,u","    3",",,u"
"UPM00033356","2003-12-14","50.217","31.8","128.0","YAHOTYN, UP",,,,,"   16",",,u","  -23",",,u","    6",",,u"
"UPM00033356","2003-12-15","50.217","31.8","128.0","YAHOTYN, UP","  110","B,,u",,,"   58",",,u","   10",",,u","   20",",,u"
"UPM00033356","2003-12-16","50.217","31.8","128.0","YAHOTYN, UP","    0","B,,u",,,"   12",",,u","   -8",",,u","   -5",",,u"
"UPM00033356","2003-12-17","50.217","31.8","128.0","YAHOTYN, UP",,,,,"   -5",",,u","  -28",",,u","  -16",",,u"
"UPM00033356","2003-12-18","50.217","31.8","128.0","YAHOTYN, UP","    0","B,,u",,,"   -5",",,u","  -56",",,u","  -22",",,u"
"UPM00033356","2003-12-19","50.217","31.8","128.0","YAHOTYN, UP","    4","B,,u",,,"   27",",,u","   -5",",,u","   28",",,u"
"UPM00033356","2003-12-20","50.217","31.8","128.0","YAHOTYN, UP","   14","B,,u",,,"   15",",,u","    4",",,u","    5",",,u"
"UPM00033356","2003-12-21","50.217","31.8","128.0","YAHOTYN, UP","    0","B,,u",,,"   20",",,u","   -2",",,u","   10",",,u"
"UPM00033356","2003-12-22","50.217","31.8","128.0","YAHOTYN, UP","    0","B,,u",,,"   31",",,u","    8",",,u","   14",",,u"
"UPM00033356","2003-12-23","50.217","31.8","128.0","YAHOTYN, UP","   20","B,,u",,,"    5",",,u","    4",",I,u","   -3",",,u"
"UPM00033356","2003-12-24","50.217","31.8","128.0","YAHOTYN, UP","   70","B,,u",,,"  -60",",I,u","  -62",",,u","  -73",",,u"
"UPM00033356","2003-12-25","50.217","31.8","128.0","YAHOTYN, UP",,,,,"  -61",",,u"," -133",",,u"," -107",",,u"
"UPM00033356","2003-12-26","50.217","31.8","128.0","YAHOTYN, UP",,,,,"  -64",",,u","  -77",",,u","  -85",",,u"
"UPM00033356","2003-12-27","50.217","31.8","128.0","YAHOTYN, UP",,,,,"  -36",",,u"," -104",",,u","  -59",",,u"
"UPM00033356","2003-12-28","50.217","31.8","128.0","YAHOTYN, UP",,,,,"   -8",",,u","  -84",",,u","  -36",",,u"
"UPM00033356","2003-12-29","50.217","31.8","128.0","YAHOTYN, UP",,,,,"   26",",,u","    0",",,u","   19",",,u"
"UPM00033356","2003-12-30","50.217","31.8","128.0","YAHOTYN, UP",,,,,"   35",",,u","   18",",,u","   24",",,u"
"UPM00033356","2003-12-31","50.217","31.8","128.0","YAHOTYN, UP",,,,,,,"    0",",I,u","   -3",",,u"
"UPM00033356","2004-01-01","50.217","31.8","128.0","YAHOTYN, UP",,,,,"  -22",",I,u","  -26",",,u","  -26",",,u"
"UPM00033356","2004-01-02","50.217","31.8","128.0","YAHOTYN, UP","    0","B,,u",,,"  -18",",,u","  -29",",,u","  -23",",,u"
"UPM00033356","2004-01-03","50.217","31.8","128.0","YAHOTYN, UP","   50","B,,u",,,"  -49",",I,u","  -36",",I,u","  -43",",,u"
"UPM00033356","2004-01-04","50.217","31.8","128.0","YAHOTYN, UP","    0","B,,u",,,"  -86",",,u","  -93",",,u","  -93",",,u"
"UPM00033356","2004-01-05","50.217","31.8","128.0","YAHOTYN, UP","    2","B,,u",,,"  -99",",,u"," -104",",,u"," -103",",,u"
"UPM00033356","2004-01-06","50.217","31.8","128.0","YAHOTYN, UP","    0","B,,u",,,"  -98",",,u"," -115",",,u"," -105",",,u"
"UPM00033356","2004-01-07","50.217","31.8","128.0","YAHOTYN, UP","    3","B,,u",,," -104",",,u"," -130",",,u"," -110",",,u"
"UPM00033356","2004-01-08","50.217","31.8","128.0","YAHOTYN, UP","   80","B,,u",,,"  -66",",,u"," -104",",,u","  -81",",,u"
"UPM00033356","2004-01-09","50.217","31.8","128.0","YAHOTYN, UP",,,,,"  -80",",,u","  -95",",,u","  -82",",,u"
"UPM00033356","2004-01-10","50.217","31.8","128.0","YAHOTYN, UP","    6","B,,u",,,"  -16",",,u","  -83",",,u","  -34",",,u"
"UPM00033356","2004-01-11","50.217","31.8","128.0","YAHOTYN, UP",,,,,"    3",",,u","  -22",",,u","  -13",",,u"
"UPM00033356","2004-01-12","50.217","31.8","128.0","YAHOTYN, UP",,,,,"  -28",",,u","  -42",",,u","  -35",",,u"
"UPM00033356","2004-01-13","50.217","31.8","128.0","YAHOTYN, UP","    7","B,,u",,,"  -18",",I,u","  -37",",,u","  -21",",,u"
"UPM00033356","2004-01-14","50.217","31.8","128.0","YAHOTYN, UP",,,,,"   22",",,u","   -2",",I,u","    8",",,u"
"UPM00033356","2004-01-15","50.217","31.8","128.0","YAHOTYN, UP","   70","B,,u",,,"   41",",,u","    2",",,u","   10",",,u"
"UPM00033356","2004-01-16","50.217","31.8","128.0","YAHOTYN, UP",,,,,"    8",",,u","  -15",",,u","   -4",",,u"
"UPM00033356","2004-01-17","50.217","31.8","128.0","YAHOTYN, UP","    3","B,,u",,,"    2",",,u","  -49",",,u","  -15",",,u"
"UPM00033356","2004-01-18","50.217","31.8","128.0","YAHOTYN, UP",,,,,"   30",",,u","    0",",,u","   12",",,u"
"UPM00033356","2004-01-19","50.217","31.8","128.0","YAHOTYN, UP","   40","B,,u",,,"   -8",",,u","  -34",",,u","  -30",",,u"
"UPM00033356","2004-01-20","50.217","31.8","128.0","YAHOTYN, UP",,,,,"   -7",",,u","  -60",",,u","  -28",",,u"
"UPM00033356","2004-01-21","50.217","31.8","128.0","YAHOTYN, UP","   10","B,,u",,,"   -6",",,u","  -11",",I,u","  -17",",,u"
"UPM00033356","2004-01-22","50.217","31.8","128.0","YAHOTYN, UP","    0","B,,u",,,"  -82",",I,u","  -82",",,u","  -98",",,u"
"UPM00033356","2004-01-23","50.217","31.8","128.0","YAHOTYN, UP","    0","B,,u",,,"  -76",",,u"," -136",",,u","  -98",",,u"
"UPM00033356","2004-01-24","50.217","31.8","128.0","YAHOTYN, UP","   58","B,,u",,,"  -51",",,u","  -76",",,u","  -48",",,u"
"UPM00033356","2004-01-25","50.217","31.8","128.0","YAHOTYN, UP","   10","B,,u",,,"  -21",",,u","  -53",",,u","  -32",",,u"
"UPM00033356","2004-01-26","50.217","31.8","128.0","YAHOTYN, UP","   20","B,,u",,,"  -21",",,u","  -40",",,u","  -28",",,u"
"UPM00033356","2004-01-27","50.217","31.8","128.0","YAHOTYN, UP","   58","B,,u",,,"   -2",",,u","  -27",",,u","  -15",",,u"
"UPM00033356","2004-01-28","50.217","31.8","128.0","YAHOTYN, UP","    2","B,,u",,,"    2",",,u","  -59",",,u","  -20",",,u"
"UPM00033356","2004-01-29","50.217","31.8","128.0","YAHOTYN, UP","   40","B,,u",,,"   30",",,u","   -4",",,u","   14",",,u"
"UPM00033356","2004-01-30","50.217","31.8","128.0","YAHOTYN, UP","   69","B,,u",,,"   -8",",,u","   -8",",I,u","  -25",",,u"
"UPM00033356","2004-01-31","50.217","31.8","128.0","YAHOTYN, UP","  100","B,,u",,,"  -24",",I,u","  -50",",,u","  -95",",,u"
"UPM00033356","2004-02-01","50.217","31.8","128.0","YAHOTYN, UP",,,,,"  -34",",,u"," -190",",,u"," -103",",,u"
"UPM00033356","2004-02-02","50.217","31.8","128.0","YAHOTYN, UP","   30","B,,u",,,"  -26",",,u","  -26",",,u","  -47",",,u"
"UPM00033356","2004-02-03","50.217","31.8","128.0","YAHOTYN, UP","    0","B,,u",,,"  -28",",,u"," -106",",,u","  -45",",,u"
"UPM00033356","2004-02-04","50.217","31.8","128.0","YAHOTYN, UP",,,,,"  -38",",,u","  -58",",,u","  -51",",,u"
"UPM00033356","2004-02-05","50.217","31.8","128.0","YAHOTYN, UP","   20","B,,u",,,"   40",",,u","  -40",",,u","   20",",,u"
"UPM00033356","2004-02-06","50.217","31.8","128.0","YAHOTYN, UP","   44","B,,u",,,"   56",",,u","   37",",,u","   46",",,u"
"UPM00033356","2004-02-07","50.217","31.8","128.0","YAHOTYN, UP","    4","B,,u",,,"   71",",,u","   18",",,u","   45",",,u"
"UPM00033356","2004-02-08","50.217","31.8","128.0","YAHOTYN, UP","   20","B,,u",,,"   60",",,u","   30",",,u","   36",",,u"
"UPM00033356","2004-02-09","50.217","31.8","128.0","YAHOTYN, UP","    1","B,,u",,,"   23",",,u","   -2",",,u","    8",",,u"
"UPM00033356","2004-02-10","50.217","31.8","128.0","YAHOTYN, UP","   20","B,,u",,,"    0",",,u","   -6",",I,u","  -16",",,u"
"UPM00033356","2004-02-11","50.217","31.8","128.0","YAHOTYN, UP","    0","B,,u",,,"  -19",",I,u","  -49",",I,u","  -57",",,u"
"UPM00033356","2004-02-12","50.217","31.8","128.0","YAHOTYN, UP","   30","B,,u",,," -114",",I,u"," -158",",,u"," -132",",,u"
"UPM00033356","2004-02-13","50.217","31.8","128.0","YAHOTYN, UP","    6","B,,u",,," -110",",,u"," -155",",,u"," -128",",,u"
"UPM00033356","2004-02-14","50.217","31.8","128.0","YAHOTYN, UP","    6","B,,u",,,"  -78",",,u"," -130",",,u","  -98",",,u"
"UPM00033356","2004-02-15","50.217","31.8","128.0","YAHOTYN, UP","   30","B,,u",,,"  -34",",,u","  -81",",,u","  -56",",,u"
"UPM00033356","2004-02-16","50.217","31.8","128.0","YAHOTYN, UP","   22","B,,u",,,"  -21",",,u","  -43",",,u","  -32",",,u"
"UPM00033356","2004-02-17","50.217","31.8","128.0","YAHOTYN, UP","    0","B,,u",,,"  -16",",,u","  -30",",,u","  -30",",,u"
"UPM00033356","2004-02-18","50.217","31.8","128.0","YAHOTYN, UP","    8","B,,u",,,"   20",",,u","  -67",",,u","  -26",",,u"
"UPM00033356","2004-02-19","50.217","31.8","128.0","YAHOTYN, UP","    6","B,,u",,,"   14",",,u","    0",",I,u","  -31",",,u"
"UPM00033356","2004-02-20","50.217","31.8","128.0","YAHOTYN, UP","   12","B,,u",,," -100",",I,u"," -144",",,u"," -124",",,u"
"UPM00033356","2004-02-21","50.217","31.8","128.0","YAHOTYN, UP",,,,,"  -79",",,u"," -171",",,u"," -127",",,u"
"UPM00033356","2004-02-22","50.217","31.8","128.0","YAHOTYN, UP",,,,,"  -56",",,u"," -157",",,u"," -103",",,u"
"UPM00033356","2004-02-23","50.217","31.8","128.0","YAHOTYN, UP",,,,,"  -12",",,u","  -94",",,u","  -47",",,u"
"UPM00033356","2004-02-24","50.217","31.8","128.0","YAHOTYN, UP","   20","B,,u",,,"    7",",,u","  -28",",,u","   -7",",,u"
"UPM00033356","2004-02-25","50.217","31.8","128.0","YAHOTYN, UP","   50","B,,u",,,"   -4",",,u","   -7",",,u","    3",",,u"
"UPM00033356","2004-02-26","50.217","31.8","128.0","YAHOTYN, UP","   40","B,,u",,,"   18",",,u","   -4",",,u","    1",",,u"
"UPM00033356","2004-02-27","50.217","31.8","128.0","YAHOTYN, UP","    0","B,,u",,,"   26",",,u","   -6",",,u","   11",",,u"
"UPM00033356","2004-02-28","50.217","31.8","128.0","YAHOTYN, UP","   88","B,,u",,,"   30",",,u","   10",",,u","   17",",,u"
"UPM00033356","2004-02-29","50.217","31.8","128.0","YAHOTYN, UP","   20","B,,u",,,"   50",",,u","    3",",,u","   23",",,u"
"UPM00033356","2004-03-01","50.217","31.8","128.0","YAHOTYN, UP","   30","B,,u",,,"   20",",,u","   11",",,u","   11",",,u"
"UPM00033356","2004-03-02","50.217","31.8","128.0","YAHOTYN, UP",,,,,"    4",",,u","  -14",",,u","  -14",",,u"
"UPM00033356","2004-03-03","50.217","31.8","128.0","YAHOTYN, UP",,,,,"   30",",,u","  -36",",,u","   -5",",,u"
"UPM00033356","2004-03-04","50.217","31.8","128.0","YAHOTYN, UP","    0","B,,u",,,"   -2",",,u","  -33",",I,u","  -21",",,u"
"UPM00033356","2004-03-05","50.217","31.8","128.0","YAHOTYN, UP","    2","B,,u",,,"  -51",",I,u","  -70",",,u","  -64",",,u"
"UPM00033356","2004-03-06","50.217","31.8","128.0","YAHOTYN, UP","    2","B,,u",,,"  -18",",,u"," -116",",,u","  -58",",,u"
"UPM00033356","2004-03-07","50.217","31.8","128.0","YAHOTYN, UP",,,,,"   35",",,u","  -38",",,u","  -12",",,u"
"UPM00033356","2004-03-08","50.217","31.8","128.0","YAHOTYN, UP",,,,,"   49",",,u","  -34",",,u","   34",",,u"
"UPM00033356","2004-03-09","50.217","31.8","128.0","YAHOTYN, UP",,,,,"   58",",,u","  -10",",,u","   17",",,u"
"UPM00033356","2004-03-10","50.217","31.8","128.0","YAHOTYN, UP",,,,,"   60",",,u","    0",",,u","   19",",,u"
"UPM00033356","2004-03-11","50.217","31.8","128.0","YAHOTYN, UP",,,,,"   14",",,u","    0",",,u","    3",",,u"
"UPM00033356","2004-03-12","50.217","31.8","128.0","YAHOTYN, UP",,,,,"   23",",,u","  -19",",,u","   -5",",,u"
"UPM00033356","2004-03-13","50.217","31.8","128.0","YAHOTYN, UP",,,,,"   80",",,u","  -28",",,u","   21",",,u"
"UPM00033356","2004-03-14","50.217","31.8","128.0","YAHOTYN, UP",,,,,"   76",",,u","  -17",",,u","   24",",,u"
"UPM00033356","2004-03-15","50.217","31.8","128.0","YAHOTYN, UP",,,,,"   40",",,u","    7",",,u","   21",",,u"
"UPM00033356","2004-03-16","50.217","31.8","128.0","YAHOTYN, UP",,,,,"   65",",,u","   18",",,u","   39",",,u"
"UPM00033356","2004-03-17","50.217","31.8","128.0","YAHOTYN, UP","   10","B,,u",,,"   69",",,u","   38",",,u","   53",",,u"
"UPM00033356","2004-03-18","50.217","31.8","128.0","YAHOTYN, UP","    3","B,,u",,,"   98",",,u","   18",",,u","   62",",,u"
"UPM00033356","2004-03-19","50.217","31.8","128.0","YAHOTYN, UP",,,,,"  120",",,u","   48",",,u","   78",",,u"
"UPM00033356","2004-03-20","50.217","31.8","128.0","YAHOTYN, UP",,,,,"  193",",,u","   40",",,u","  108",",,u"
"UPM00033356","2004-03-21","50.217","31.8","128.0","YAHOTYN, UP","   30","B,,u",,,"  108",",,u","   53",",,u","   82",",,u"
"UPM00033356","2004-03-22","50.217","31.8","128.0","YAHOTYN, UP","   80","B,,u",,,"  109",",,u","   53",",,u","   76",",,u"
"UPM00033356","2004-03-23","50.217","31.8","128.0","YAHOTYN, UP",,,,,"  141",",,u","   22",",,u","   84",",,u"
"UPM00033356","2004-03-24","50.217","31.8","128.0","YAHOTYN, UP",,,,,"  156",",,u","   58",",,u","  114",",,u"
"UPM00033356","2004-03-25","50.217","31.8","128.0","YAHOTYN, UP",,,,,"  139",",,u","   87",",,u","   97",",,u"
"UPM00033356","2004-03-26","50.217","31.8","128.0","YAHOTYN, UP","   60","B,,u",,,"  103",",,u","   42",",,u","   69",",,u"
"UPM00033356","2004-03-27","50.217","31.8","128.0","YAHOTYN, UP","  100","B,,u",,,"   88",",,u","   22",",,u","   55",",,u"
"UPM00033356","2004-03-28","50.217","31.8","128.0","YAHOTYN, UP","    8","B,,u",,,"   73",",,u","   50",",,u","   60",",,u"
"UPM00033356","2004-03-29","50.217","31.8","128.0","YAHOTYN, UP","   40","B,,u",,,"   88",",,u","   47",",,u","   59",",,u"
"UPM00033356","2004-03-30","50.217","31.8","128.0","YAHOTYN, UP","    0","B,,u",,,"   92",",,u","   32",",,u","   54",",,u"
"UPM00033356","2004-03-31","50.217","31.8","128.0","YAHOTYN, UP",,,,,"  124",",,u","   21",",,u","   71",",,u"
"UPM00033356","2004-04-01","50.217","31.8","128.0","YAHOTYN, UP",,,,,"   85",",,u","   40",",I,u","   49",",,u"
"UPM00033356","2004-04-02","50.217","31.8","128.0","YAHOTYN, UP",,,,,"   -6",",I,u","  -34",",,u","  -22",",,u"
"UPM00033356","2004-04-03","50.217","31.8","128.0","YAHOTYN, UP",,,,,"   10",",,u","  -41",",,u","  -24",",,u"
"UPM00033356","2004-04-04","50.217","31.8","128.0","YAHOTYN, UP",,,,,"   82",",,u","  -54",",,u","   18",",,u"
"UPM00033356","2004-04-05","50.217","31.8","128.0","YAHOTYN, UP",,,,,"  142",",,u","  -19",",,u","   67",",,u"
"UPM00033356","2004-04-06","50.217","31.8","128.0","YAHOTYN, UP",,,,,"  138",",,u","   15",",,u","   76",",,u"
"UPM00033356","2004-04-07","50.217","31.8","128.0","YAHOTYN, UP","    0","B,,u",,,"  150",",,u","   18",",,u","   89",",,u"
"UPM00033356","2004-04-08","50.217","31.8","128.0","YAHOTYN, UP","   20","B,,u",,,"  158",",,u","   49",",,u","   82",",,u"
"UPM00033356","2004-04-09","50.217","31.8","128.0","YAHOTYN, UP","   30","B,,u",,,"  135",",,u","   18",",,u","   86",",,u"
"UPM00033356","2004-04-10","50.217","31.8","128.0","YAHOTYN, UP",,,,,"  118",",,u","   34",",,u","   74",",,u"
"UPM00033356","2004-04-11","50.217","31.8","128.0","YAHOTYN, UP","    3","B,,u",,,"  120",",,u","   33",",,u","   87",",,u"
"UPM00033356","2004-04-12","50.217","31.8","128.0","YAHOTYN, UP","  100","B,,u",,,"  120",",,u","   77",",,u","   93",",,u"
"UPM00033356","2004-04-13","50.217","31.8","128.0","YAHOTYN, UP","   30","B,,u",,,"  125",",,u","   18",",,u","   79",",,u"
"UPM00033356","2004-04-14","50.217","31.8","128.0","YAHOTYN, UP",,,,,"  118",",,u","   10",",,u","   64",",,u"
"UPM00033356","2004-04-15","50.217","31.8","128.0","YAHOTYN, UP",,,,,"  147",",,u","   20",",,u","   92",",,u"
"UPM00033356","2004-04-16","50.217","31.8","128.0","YAHOTYN, UP",,,,,"  183",",,u","   60",",,u","  124",",,u"
"UPM00033356","2004-04-17","50.217","31.8","128.0","YAHOTYN, UP",,,,,"  138",",,u","   58",",,u","   97",",,u"
"UPM00033356","2004-04-18","50.217","31.8","128.0","YAHOTYN, UP",,,,,"  148",",,u","   32",",,u","   96",",,u"
"UPM00033356","2004-04-19","50.217","31.8","128.0","YAHOTYN, UP",,,,,"  177",",,u","   48",",,u","  111",",,u"
"UPM00033356","2004-04-20","50.217","31.8","128.0","YAHOTYN, UP",,,,,"  188",",,u","   84",",,u","  128",",,u"
"UPM00033356","2004-04-21","50.217","31.8","128.0","YAHOTYN, UP",,,,,"  186",",,u","   78",",,u","  132",",,u"
"UPM00033356","2004-04-22","50.217","31.8","128.0","YAHOTYN, UP",,,,,"  193",",,u","  106",",,u","  144",",,u"
"UPM00033356","2004-04-23","50.217","31.8","128.0","YAHOTYN, UP",,,,,"  168",",,u","   78",",,u","  144",",,u"
"UPM00033356","2004-04-24","50.217","31.8","128.0","YAHOTYN, UP","    0","B,,u",,,"  207",",,u","   65",",,u","  144",",,u"
"UPM00033356","2004-04-25","50.217","31.8","128.0","YAHOTYN, UP",,,,,"  205",",,u","   68",",,u","  148",",,u"
"UPM00033356","2004-04-26","50.217","31.8","128.0","YAHOTYN, UP","   30","B,,u",,,"  123",",,u","   95",",,u","   87",",,u"
"UPM00033356","2004-04-27","50.217","31.8","128.0","YAHOTYN, UP",,,,,"  140",",,u","   34",",,u","   78",",,u"
"UPM00033356","2004-04-28","50.217","31.8","128.0","YAHOTYN, UP",,,,,"  154",",,u","    4",",,u","   90",",,u"
"UPM00033356","2004-04-29","50.217","31.8","128.0","YAHOTYN, UP",,,,,"  170",",,u","   32",",,u","  109",",,u"
"UPM00033356","2004-04-30","50.217","31.8","128.0","YAHOTYN, UP",,,,,"  180",",,u","   86",",,u","  131",",,u"
"UPM00033356","2004-05-01","50.217","31.8","128.0","YAHOTYN, UP",,,,,"  168",",,u","   55",",,u","  109",",,u"
"UPM00033356","2004-05-02","50.217","31.8","128.0","YAHOTYN, UP",,,,,"  202",",,u","   20",",,u","  129",",,u"
"UPM00033356","2004-05-03","50.217","31.8","128.0","YAHOTYN, UP","    9","B,,u",,,"  232",",,u","   98",",,u","  158",",,u"
"UPM00033356","2004-05-04","50.217","31.8","128.0","YAHOTYN, UP",,,,,"  230",",,u","   88",",,u","  167",",,u"
"UPM00033356","2004-05-05","50.217","31.8","128.0","YAHOTYN, UP",,,,,"  253",",,u","  103",",,u","  185",",,u"
"UPM00033356","2004-05-06","50.217","31.8","128.0","YAHOTYN, UP",,,,,"  168",",,u","  130",",,u","  139",",,u"
"UPM00033356","2004-05-07","50.217","31.8","128.0","YAHOTYN, UP","  140","B,,u",,,"  153",",,u","  124",",,u","  136",",,u"
"UPM00033356","2004-05-08","50.217","31.8","128.0","YAHOTYN, UP","   70","B,,u",,,"  164",",,u","  126",",,u","  134",",,u"
"UPM00033356","2004-05-09","50.217","31.8","128.0","YAHOTYN, UP","   50","B,,u",,,"  189",",,u","   75",",,u","  126",",,u"
"UPM00033356","2004-05-10","50.217","31.8","128.0","YAHOTYN, UP","  100","B,,u",,,"  135",",,u","   66",",,u","  103",",,u"
"UPM00033356","2004-05-11","50.217","31.8","128.0","YAHOTYN, UP","    8","B,,u",,,"  200",",,u","   80",",,u","  144",",,u"
"UPM00033356","2004-05-12","50.217","31.8","128.0","YAHOTYN, UP",,,,,"  183",",,u","  110",",,u","  143",",,u"
"UPM00033356","2004-05-13","50.217","31.8","128.0","YAHOTYN, UP",,,,,"  132",",,u","   83",",,u","   93",",,u"
"UPM00033356","2004-05-14","50.217","31.8","128.0","YAHOTYN, UP",,,,,"  145",",,u","   18",",,u","   91",",,u"
"UPM00033356","2004-05-15","50.217","31.8","128.0","YAHOTYN, UP",,,,,"  148",",,u","   21",",,u","   77",",,u"
"UPM00033356","2004-05-16","50.217","31.8","128.0","YAHOTYN, UP",,,,,"  178",",,u","   37",",,u","  121",",,u"
"UPM00033356","2004-05-17","50.217","31.8","128.0","YAHOTYN, UP","   20","B,,u",,,"  148",",,u","   98",",,u","  110",",,u"
"UPM00033356","2004-05-18","50.217","31.8","128.0","YAHOTYN, UP",,,,,"  154",",,u","   43",",,u","  102",",,u"
"UPM00033356","2004-05-19","50.217","31.8","128.0","YAHOTYN, UP","    0","B,,u",,,"  178",",,u","   48",",,u","  111",",,u"
"UPM00033356","2004-05-20","50.217","31.8","128.0","YAHOTYN, UP","    4","B,,u",,,"  185",",,u","   83",",,u","  141",",,u"
"UPM00033356","2004-05-21","50.217","31.8","128.0","YAHOTYN, UP","    1","B,,u",,,"  173",",,u","   71",",,u","  126",",,u"
"UPM00033356","2004-05-22","50.217","31.8","128.0","YAHOTYN, UP","    3","B,,u",,,"  230",",,u","   82",",,u","  154",",,u"
"UPM00033356","2004-05-23","50.217","31.8","128.0","YAHOTYN, UP","   20","B,,u",,,"  158",",,u","   98",",,u","  130",",,u"
"UPM00033356","2004-05-24","50.217","31.8","128.0","YAHOTYN, UP","   50","B,,u",,,,,"   88",",,u","   90",",,u"
"UPM00033356","2004-08-30","50.217","31.8","128.0","YAHOTYN, UP",,,,,,,,,"  162",",,u"
"UPM00033356","2004-09-01","50.217","31.8","128.0","YAHOTYN, UP",,,,,"  295",",,u","  160",",,u","  221",",,u"
"UPM00033356","2004-09-02","50.217","31.8","128.0","YAHOTYN, UP","    3","B,,u",,,"  225",",,u","  172",",,u","  178",",,u"
"UPM00033356","2004-09-03","50.217","31.8","128.0","YAHOTYN, UP",,,,,"  232",",,u","  130",",,u","  159",",,u"
"UPM00033356","2004-09-04","50.217","31.8","128.0","YAHOTYN, UP","    4","B,,u",,,,,"  128",",,u","  137",",,u"
"UPM00033356","2004-09-05","50.217","31.8","128.0","YAHOTYN, UP",,,,,"  188",",,u",,,"  117",",,u"
"UPM00033356","2004-09-06","50.217","31.8","128.0","YAHOTYN, UP",,,,,"  205",",,u","   48",",,u","  139",",,u"
"UPM00033356","2004-09-07","50.217","31.8","128.0","YAHOTYN, UP",,,,,"  235",",,u","   64",",,u","  163",",,u"
"UPM00033356","2004-09-08","50.217","31.8","128.0","YAHOTYN, UP",,,,,"  200",",,u","  120",",,u","  136",",,u"
"UPM00033356","2004-09-09","50.217","31.8","128.0","YAHOTYN, UP","   10","B,,u",,,"  113",",,u","   88",",,u","   92",",,u"
"UPM00033356","2004-09-10","50.217","31.8","128.0","YAHOTYN, UP",,,,,,,,,"   84",",,u"
"UPM00033356","2004-09-11","50.217","31.8","128.0","YAHOTYN, UP",,,,,,,"   13",",,u","   77",",,u"
"UPM00033356","2004-09-12","50.217","31.8","128.0","YAHOTYN, UP",,,,,"  210",",,u",,,"  132",",,u"
"UPM00033356","2004-09-13","50.217","31.8","128.0","YAHOTYN, UP",,,,,"  230",",,u","   94",",,u","  143",",,u"
"UPM00033356","2004-09-14","50.217","31.8","128.0","YAHOTYN, UP",,,,,"  240",",,u","  118",",,u","  162",",,u"
"UPM00033356","2004-09-15","50.217","31.8","128.0","YAHOTYN, UP",,,,,,,"  108",",,u","  187",",,u"
"UPM00033356","2004-09-16","50.217","31.8","128.0","YAHOTYN, UP",,,,,,,,,"  229",",,u"
"UPM00033356","2004-09-17","50.217","31.8","128.0","YAHOTYN, UP","   60","B,,u",,,"  164",",,u","  106",",,u","  128",",,u"
"UPM00033356","2004-09-18","50.217","31.8","128.0","YAHOTYN, UP",,,,,,,"   36",",,u","   81",",,u"
"UPM00033356","2004-09-19","50.217","31.8","128.0","YAHOTYN, UP",,,,,"  233",",,u",,,"  102",",,u"
"UPM00033356","2004-09-20","50.217","31.8","128.0","YAHOTYN, UP",,,,,"  250",",,u","  118",",,u","  177",",,u"
"UPM00033356","2004-09-21","50.217","31.8","128.0","YAHOTYN, UP",,,,,,,"  101",",,u","  149",",,u"
"UPM00033356","2004-09-22","50.217","31.8","128.0","YAHOTYN, UP",,,,,"  130",",,u","  118",",,u","  126",",,u"
"UPM00033356","2004-09-23","50.217","31.8","128.0","YAHOTYN, UP","   80","B,,u",,,"  144",",,u","   59",",,u","   90",",,u"
"UPM00033356","2004-09-24","50.217","31.8","128.0","YAHOTYN, UP","   50","B,,u",,,"  120",",,u","   72",",,u","   89",",,u"
"UPM00033356","2004-09-25","50.217","31.8","128.0","YAHOTYN, UP",,,,,,,"   48",",,u","   73",",,u"
"UPM00033356","2004-09-27","50.217","31.8","128.0","YAHOTYN, UP",,,,,"  144",",,u","  118",",,u","  127",",,u"
"UPM00033356","2004-09-28","50.217","31.8","128.0","YAHOTYN, UP","   30","B,,u",,,"  144",",,u","  135",",,u","  132",",,u"
"UPM00033356","2004-09-29","50.217","31.8","128.0","YAHOTYN, UP",,,,,"  186",",,u","   88",",,u","  130",",,u"
"UPM00033356","2004-09-30","50.217","31.8","128.0","YAHOTYN, UP","   20","B,,u",,,,,"  116",",,u","  127",",,u"
"UPM00033356","2004-10-01","50.217","31.8","128.0","YAHOTYN, UP","    0","B,,u",,,"  150",",,u","  123",",,u","  126",",,u"
"UPM00033356","2004-10-02","50.217","31.8","128.0","YAHOTYN, UP","    6","B,,u",,,,,"  114",",,u","  118",",,u"
"UPM00033356","2004-10-03","50.217","31.8","128.0","YAHOTYN, UP",,,,,"  143",",,u",,,"   70",",,u"
"UPM00033356","2004-10-04","50.217","31.8","128.0","YAHOTYN, UP",,,,,"  123",",,u","   58",",,u","   72",",,u"
"UPM00033356","2004-10-05","50.217","31.8","128.0","YAHOTYN, UP",,,,,"  116",",,u","   18",",,u","   64",",,u"
"UPM00033356","2004-10-06","50.217","31.8","128.0","YAHOTYN, UP",,,,,"  158",",,u","   18",",,u","   72",",,u"
"UPM00033356","2004-10-07","50.217","31.8","128.0","YAHOTYN, UP",,,,,"  158",",,u","   48",",,u","   97",",,u"
"UPM00033356","2004-10-08","50.217","31.8","128.0","YAHOTYN, UP",,,,,"  178",",,u","   13",",,u","   68",",,u"
"UPM00033356","2004-10-09","50.217","31.8","128.0","YAHOTYN, UP",,,,,,,"   28",",,u","   86",",,u"
"UPM00033356","2004-10-10","50.217","31.8","128.0","YAHOTYN, UP","   20","B,,u",,,"  115",",,u","   74",",,u","   90",",,u"
"UPM00033356","2004-10-11","50.217","31.8","128.0","YAHOTYN, UP",,,,,"   81",",,u","   56",",,u","   59",",,u"
"UPM00033356","2004-10-12","50.217","31.8","128.0","YAHOTYN, UP",,,,,,,"    0",",,u","   20",",,u"
"UPM00033356","2004-10-13","50.217","31.8","128.0","YAHOTYN, UP",,,,,,,"  -29",",,u","   16",",,u"
"UPM00033356","2004-10-14","50.217","31.8","128.0","YAHOTYN, UP",,,,,,,"  -45",",,u","   44",",,u"
"UPM00033356","2004-10-15","50.217","31.8","128.0","YAHOTYN, UP",,,,,,,,,"   41",",,u"
"UPM00033356","2004-10-16","50.217","31.8","128.0","YAHOTYN, UP",,,,,,,"   28",",,u","   48",",,u"
"UPM00033356","2004-10-17","50.217","31.8","128.0","YAHOTYN, UP","   20","B,,u",,,"   90",",,u","   60",",,u","   81",",,u"
"UPM00033356","2004-10-18","50.217","31.8","128.0","YAHOTYN, UP","   30","B,,u",,,"  131",",,u","   82",",,u","   97",",,u"
"UPM00033356","2004-10-19","50.217","31.8","128.0","YAHOTYN, UP",,,,,,,"   50",",,u","   98",",,u"
"UPM00033356","2004-10-20","50.217","31.8","128.0","YAHOTYN, UP",,,,,"  132",",,u","   31",",,u","   71",",,u"
"UPM00033356","2004-10-21","50.217","31.8","128.0","YAHOTYN, UP",,,,,"   70",",,u","   53",",,u","   59",",,u"
"UPM00033356","2004-10-22","50.217","31.8","128.0","YAHOTYN, UP",,,,,,,"   44",",,u","   54",",,u"
"UPM00033356","2004-10-23","50.217","31.8","128.0","YAHOTYN, UP",,,,,,,"   42",",,u","   74",",,u"
"UPM00033356","2004-10-24","50.217","31.8","128.0","YAHOTYN, UP",,,,,,,,,"   72",",,u"
"UPM00033356","2004-10-25","50.217","31.8","128.0","YAHOTYN, UP",,,,,"  203",",,u","  118",",,u","  140",",,u"
"UPM00033356","2004-10-26","50.217","31.8","128.0","YAHOTYN, UP",,,,,,,,,"  100",",,u"
"UPM00033356","2004-10-27","50.217","31.8","128.0","YAHOTYN, UP","    0","B,,u",,,,,"  114",",,u","  119",",,u"
"UPM00033356","2004-10-28","50.217","31.8","128.0","YAHOTYN, UP","    0","B,,u",,,,,"   98",",,u","  112",",,u"
"UPM00033356","2004-10-29","50.217","31.8","128.0","YAHOTYN, UP",,,,,"  113",",,u",,,"  112",",,u"
"UPM00033356","2004-10-30","50.217","31.8","128.0","YAHOTYN, UP","    0","B,,u",,,,,"  104",",,u","  105",",,u"
"UPM00033356","2004-10-31","50.217","31.8","128.0","YAHOTYN, UP",,,,,"  174",",,u",,,"  129",",,u"
"UPM00033356","2004-11-01","50.217","31.8","128.0","YAHOTYN, UP","    3","B,,u",,,,,"   94",",,u","   96",",,u"
"UPM00033356","2004-11-02","50.217","31.8","128.0","YAHOTYN, UP",,,,,,,"   76",",,u","   85",",,u"
"UPM00033356","2004-11-03","50.217","31.8","128.0","YAHOTYN, UP",,,,,"   85",",,u","    1",",,u","   42",",,u"
"UPM00033356","2004-11-04","50.217","31.8","128.0","YAHOTYN, UP",,,,,"  108",",,u","  -28",",,u","   11",",,u"
"UPM00033356","2004-11-05","50.217","31.8","128.0","YAHOTYN, UP",,,,,"  138",",,u","    6",",,u","   57",",,u"
"UPM00033356","2004-11-06","50.217","31.8","128.0","YAHOTYN, UP",,,,,,,,,"   17",",,u"
"UPM00033356","2004-11-07","50.217","31.8","128.0","YAHOTYN, UP",,,,,,,"   48",",,u","   52",",,u"
"UPM00033356","2004-11-08","50.217","31.8","128.0","YAHOTYN, UP",,,,,,,"    5",",,u","   35",",,u"
"UPM00033356","2004-11-09","50.217","31.8","128.0","YAHOTYN, UP","    0","B,,u",,,,,"   18",",,u","   35",",,u"
"UPM00033356","2004-11-10","50.217","31.8","128.0","YAHOTYN, UP",,,,,"  101",",,u","   72",",,u","   66",",,u"
"UPM00033356","2004-11-11","50.217","31.8","128.0","YAHOTYN, UP",,,,,,,"   28",",,u","   43",",,u"
"UPM00033356","2004-11-12","50.217","31.8","128.0","YAHOTYN, UP",,,,,"   79",",,u","   23",",,u","   54",",,u"
"UPM00033356","2004-11-13","50.217","31.8","128.0","YAHOTYN, UP","    0","B,,u",,,,,"   58",",,u","   67",",,u"
"UPM00033356","2004-11-14","50.217","31.8","128.0","YAHOTYN, UP","    0","B,,u",,,,,"  102",",I,u","   92",",,u"
"UPM00033356","2004-11-15","50.217","31.8","128.0","YAHOTYN, UP","   10","B,,u",,,"   44",",I,u","   22",",,u","   34",",,u"
"UPM00033356","2004-11-16","50.217","31.8","128.0","YAHOTYN, UP","    0","B,,u",,,,,"   20",",,u","   22",",,u"
"UPM00033356","2004-11-17","50.217","31.8","128.0","YAHOTYN, UP",,,,,"   35",",,u","   -9",",,u","    4",",,u"
"UPM00033356","2004-11-18","50.217","31.8","128.0","YAHOTYN, UP","   30","B,,u",,,,,"  -24",",,u","   15",",,u"
"UPM00033356","2004-11-19","50.217","31.8","128.0","YAHOTYN, UP",,,,,,,"   45",",,u","   58",",,u"
"UPM00033356","2004-11-22","50.217","31.8","128.0","YAHOTYN, UP",,,,,"  -14",",,u",,,"  -27",",,u"
"UPM00033356","2004-11-23","50.217","31.8","128.0","YAHOTYN, UP",,,,,,,"  -47",",,u","  -26",",,u"
"UPM00033356","2004-11-24","50.217","31.8","128.0","YAHOTYN, UP","   60","B,,u",,,,,"  -13",",I,u","  -22",",,u"
"UPM00033356","2004-11-25","50.217","31.8","128.0","YAHOTYN, UP","    0","B,,u",,,"  -61",",I,u"," -140",",,u","  -99",",,u"
"UPM00033356","2004-11-26","50.217","31.8","128.0","YAHOTYN, UP",,,,,"   -6",",,u"," -155",",,u","  -57",",,u"
"UPM00033356","2004-11-27","50.217","31.8","128.0","YAHOTYN, UP","   20","B,,u",,,,,"   -8",",,u","    2",",,u"
"UPM00033356","2004-11-29","50.217","31.8","128.0","YAHOTYN, UP","    7","B,,u",,,"  -44",",,u","  -50",",,u","  -44",",,u"
"UPM00033356","2004-11-30","50.217","31.8","128.0","YAHOTYN, UP","   40","B,,u",,,"  -32",",,u","  -38",",,u","  -37",",,u"
"UPM00033356","2004-12-01","50.217","31.8","128.0","YAHOTYN, UP",,,,,"  -38",",,u","  -71",",,u","  -55",",,u"
"UPM00033356","2004-12-02","50.217","31.8","128.0","YAHOTYN, UP","    0","B,,u",,,"   24",",,u","  -40",",,u","   -1",",,u"
"UPM00033356","2004-12-03","50.217","31.8","128.0","YAHOTYN, UP","    3","B,,u",,,"   40",",,u","   12",",,u","   21",",,u"
"UPM00033356","2004-12-04","50.217","31.8","128.0","YAHOTYN, UP",,,,,,,"   14",",,u","   17",",,u"
"UPM00033356","2004-12-05","50.217","31.8","128.0","YAHOTYN, UP",,,,,"   27",",,u",,,"   20",",,u"
"UPM00033356","2004-12-06","50.217","31.8","128.0","YAHOTYN, UP",,,,,"   40",",,u","    0",",,u","   14",",,u"
"UPM00033356","2004-12-07","50.217","31.8","128.0","YAHOTYN, UP","    6","B,,u",,,"   38",",,u","   12",",,u","   22",",,u"
"UPM00033356","2004-12-08","50.217","31.8","128.0","YAHOTYN, UP","    0","B,,u",,,,,"   16",",,u","   27",",,u"
"UPM00033356","2004-12-09","50.217","31.8","128.0","YAHOTYN, UP","   10","B,,u",,,,,"   18",",,u","   37",",,u"
"UPM00033356","2004-12-10","50.217","31.8","128.0","YAHOTYN, UP",,,,,"   10",",,u",,,"    5",",,u"
"UPM00033356","2004-12-11","50.217","31.8","128.0","YAHOTYN, UP","    0","B,,u",,,,,"    0",",,u","    3",",,u"
"UPM00033356","2004-12-13","50.217","31.8","128.0","YAHOTYN, UP",,,,,,,"    3",",,u","   20",",,u"
"UPM00033356","2004-12-14","50.217","31.8","128.0","YAHOTYN, UP",,,,,,,"  -58",",,u","  -45",",,u"
"UPM00033356","2004-12-15","50.217","31.8","128.0","YAHOTYN, UP",,,,,"  -16",",,u"," -100",",,u","  -65",",,u"
"UPM00033356","2004-12-16","50.217","31.8","128.0","YAHOTYN, UP",,,,,"  -21",",,u","  -82",",,u","  -60",",,u"
"UPM00033356","2004-12-17","50.217","31.8","128.0","YAHOTYN, UP",,,,,"  -31",",,u","  -72",",,u","  -51",",,u"
"UPM00033356","2004-12-18","50.217","31.8","128.0","YAHOTYN, UP",,,,,,,"  -31",",,u","   25",",,u"
"UPM00033356","2004-12-19","50.217","31.8","128.0","YAHOTYN, UP",,,,,"   60",",,u",,,"    2",",,u"
"UPM00033356","2004-12-20","50.217","31.8","128.0","YAHOTYN, UP","  120","B,,u",,,,,"  -15",",,u","  -12",",,u"
"UPM00033356","2004-12-21","50.217","31.8","128.0","YAHOTYN, UP","    0","B,,u",,,,,"  -34",",,u","  -27",",,u"
"UPM00033356","2004-12-22","50.217","31.8","128.0","YAHOTYN, UP","    0","B,,u",,,,,"  -47",",,u","  -49",",,u"
"UPM00033356","2004-12-23","50.217","31.8","128.0","YAHOTYN, UP",,,,,,,"  -66",",,u","  -58",",,u"
"UPM00033356","2004-12-24","50.217","31.8","128.0","YAHOTYN, UP",,,,,,,"  -64",",,u","  -45",",,u"
"UPM00033356","2004-12-25","50.217","31.8","128.0","YAHOTYN, UP","   30","B,,u",,,,,"  -10",",,u","   21",",,u"
"UPM00033356","2004-12-26","50.217","31.8","128.0","YAHOTYN, UP",,,,,"   35",",,u",,,"   16",",,u"
"UPM00033356","2004-12-27","50.217","31.8","128.0","YAHOTYN, UP","    0","B,,u",,,"   40",",,u","   20",",,u","   29",",,u"
"UPM00033356","2004-12-28","50.217","31.8","128.0","YAHOTYN, UP",,,,,"   77",",,u","   18",",,u","   27",",,u"
"UPM00033356","2004-12-29","50.217","31.8","128.0","YAHOTYN, UP","    3","B,,u",,,"   19",",,u","   -1",",,u","    8",",,u"
"UPM00033356","2004-12-30","50.217","31.8","128.0","YAHOTYN, UP",,,,,"   25",",,u","    6",",,u","   12",",,u"
"UPM00033356","2004-12-31","50.217","31.8","128.0","YAHOTYN, UP",,,,,,,"    6",",,u","    7",",,u"
"UPM00033356","2005-01-03","50.217","31.8","128.0","YAHOTYN, UP","    0","B,,u",,,"   40",",,u","   -4",",,u","   10",",,u"
"UPM00033356","2005-01-04","50.217","31.8","128.0","YAHOTYN, UP","    0","B,,u",,,,,"   -2",",,u","    8",",,u"
"UPM00033356","2005-01-05","50.217","31.8","128.0","YAHOTYN, UP","    2","B,,u",,,"   17",",,u","  -36",",,u","   -3",",,u"
"UPM00033356","2005-01-06","50.217","31.8","128.0","YAHOTYN, UP","    9","B,,u",,,,,"    0",",,u","   14",",,u"
"UPM00033356","2005-01-09","50.217","31.8","128.0","YAHOTYN, UP",,,,,"   85",",,u",,,"   38",",,u"
"UPM00033356","2005-01-10","50.217","31.8","128.0","YAHOTYN, UP",,,,,,,"   22",",,u","   44",",,u"
"UPM00033356","2005-01-11","50.217","31.8","128.0","YAHOTYN, UP","    0","B,,u",,,,,"   47",",,u","   64",",,u"
"UPM00033356","2005-01-12","50.217","31.8","128.0","YAHOTYN, UP",,,,,"   81",",,u","   18",",,u","   48",",,u"
"UPM00033356","2005-01-13","50.217","31.8","128.0","YAHOTYN, UP",,,,,,,"   18",",,u","   35",",,u"
"UPM00033356","2005-01-14","50.217","31.8","128.0","YAHOTYN, UP","    0","B,,u",,,"   33",",,u","   26",",,u","   24",",,u"
"UPM00033356","2005-01-15","50.217","31.8","128.0","YAHOTYN, UP","   20","B,,u",,,,,"    0",",,u","    5",",,u"
"UPM00033356","2005-01-16","50.217","31.8","128.0","YAHOTYN, UP",,,,,,,,,"    2",",,u"
"UPM00033356","2005-01-17","50.217","31.8","128.0","YAHOTYN, UP",,,,,"   10",",,u","  -44",",,u","  -25",",,u"
"UPM00033356","2005-01-18","50.217","31.8","128.0","YAHOTYN, UP",,,,,"    1",",,u","  -69",",,u","  -39",",,u"
"UPM00033356","2005-01-19","50.217","31.8","128.0","YAHOTYN, UP",,,,,"    5",",,u","  -46",",,u","  -10",",,u"
"UPM00033356","2005-01-20","50.217","31.8","128.0","YAHOTYN, UP","    3","B,,u",,,"    8",",,u","    0",",,u","    4",",,u"
"UPM00033356","2005-01-21","50.217","31.8","128.0","YAHOTYN, UP",,,,,,,"   -9",",,u","    2",",,u"
"UPM00033356","2005-01-22","50.217","31.8","128.0","YAHOTYN, UP",,,,,,,"  -11",",,u","   -2",",,u"
"UPM00033356","2005-01-24","50.217","31.8","128.0","YAHOTYN, UP","    0","B,,u",,,"  -11",",,u","  -29",",,u","  -23",",,u"
"UPM00033356","2005-01-25","50.217","31.8","128.0","YAHOTYN, UP","   20","B,,u",,,"  -37",",,u","  -56",",,u","  -46",",,u"
"UPM00033356","2005-01-26","50.217","31.8","128.0","YAHOTYN, UP",,,,,"  -23",",,u","  -74",",,u","  -48",",,u"
"UPM00033356","2005-01-27","50.217","31.8","128.0","YAHOTYN, UP","   60","B,,u",,,"    6",",,u","  -73",",,u","  -44",",,u"
"UPM00033356","2005-01-28","50.217","31.8","128.0","YAHOTYN, UP",,,,,"  -52",",,u","  -96",",,u","  -89",",,u"
"UPM00033356","2005-01-29","50.217","31.8","128.0","YAHOTYN, UP",,,,,,,,," -104",",,u"
"UPM00033356","2005-01-31","50.217","31.8","128.0","YAHOTYN, UP",,,,," -105",",,u"," -147",",,u"," -129",",,u"
"UPM00033356","2005-02-01","50.217","31.8","128.0","YAHOTYN, UP","    2","B,,u",,,,," -135",",,u","  -85",",,u"
"UPM00033356","2005-02-02","50.217","31.8","128.0","YAHOTYN, UP","   10","B,,u",,,,,"  -67",",,u","  -61",",,u"
"UPM00033356","2005-02-03","50.217","31.8","128.0","YAHOTYN, UP","   20","B,,u",,,,,"  -78",",,u","  -78",",,u"
"UPM00033356","2005-02-04","50.217","31.8","128.0","YAHOTYN, UP",,,,,,," -135",",,u"," -103",",,u"
"UPM00033356","2005-02-05","50.217","31.8","128.0","YAHOTYN, UP",,,,,,," -198",",,u"," -188",",,u"
"UPM00033356","2005-02-06","50.217","31.8","128.0","YAHOTYN, UP",,,,," -100",",,u",,," -159",",,u"
"UPM00033356","2005-02-07","50.217","31.8","128.0","YAHOTYN, UP",,,,,"  -92",",,u"," -206",",,u"," -153",",,u"
"UPM00033356","2005-02-08","50.217","31.8","128.0","YAHOTYN, UP",,,,,"  -52",",,u"," -150",",,u"," -122",",,u"
"UPM00033356","2005-02-09","50.217","31.8","128.0","YAHOTYN, UP",,,,,"  -59",",,u"," -123",",,u","  -92",",,u"
"UPM00033356","2005-02-10","50.217","31.8","128.0","YAHOTYN, UP",,,,,"  -77",",,u"," -154",",,u"," -128",",,u"
"UPM00033356","2005-02-11","50.217","31.8","128.0","YAHOTYN, UP","    0","B,,u",,,"  -84",",,u"," -180",",,u"," -128",",,u"
"UPM00033356","2005-02-12","50.217","31.8","128.0","YAHOTYN, UP","   10","B,,u",,,,," -119",",,u","  -81",",,u"
"UPM00033356","2005-02-13","50.217","31.8","128.0","YAHOTYN, UP",,,,,"  -10",",,u",,,"  -10",",,u"
"UPM00033356","2005-02-14","50.217","31.8","128.0","YAHOTYN, UP","   90","B,,u",,,"   17",",,u","  -10",",,u","    6",",,u"
"UPM00033356","2005-02-15","50.217","31.8","128.0","YAHOTYN, UP",,,,,"   30",",,u","    5",",,u","   16",",,u"
"UPM00033356","2005-02-16","50.217","31.8","128.0","YAHOTYN, UP","   20","B,,u",,,,,,,"   16",",,u"
"UPM00033356","2005-02-17","50.217","31.8","128.0","YAHOTYN, UP","   30","B,,u",,,,,"    4",",,u","    6",",,u"
"UPM00033356","2005-02-18","50.217","31.8","128.0","YAHOTYN, UP","    7","B,,u",,,,,"   -4",",,u","   -2",",,u"
"UPM00033356","2005-02-19","50.217","31.8","128.0","YAHOTYN, UP","   10","B,,u",,,,,"  -24",",,u","  -19",",,u"
"UPM00033356","2005-02-21","50.217","31.8","128.0","YAHOTYN, UP","    0","B,,u",,,"   22",",,u","  -27",",,u","   -8",",,u"
"UPM00033356","2005-02-22","50.217","31.8","128.0","YAHOTYN, UP","    0","B,,u",,,"   18",",,u","  -25",",,u","   -6",",,u"
"UPM00033356","2005-02-23","50.217","31.8","128.0","YAHOTYN, UP",,,,,"   20",",,u","  -24",",,u","   -9",",,u"
"UPM00033356","2005-02-24","50.217","31.8","128.0","YAHOTYN, UP",,,,,"  -25",",,u","  -76",",,u","  -52",",,u"
"UPM00033356","2005-02-25","50.217","31.8","128.0","YAHOTYN, UP",,,,,"  -34",",,u","  -69",",,u","  -49",",,u"
"UPM00033356","2005-02-26","50.217","31.8","128.0","YAHOTYN, UP","    6","B,,u",,,,,"  -37",",,u","  -28",",,u"
"UPM00033356","2005-02-27","50.217","31.8","128.0","YAHOTYN, UP",,,,,"  -96",",I,u","  -84",",,u","  -49",",,u"
"UPM00033356","2005-02-28","50.217","31.8","128.0","YAHOTYN, UP","   30","B,,u",,,,,,,"  -86",",,u"
"UPM00033356","2005-03-01","50.217","31.8","128.0","YAHOTYN, UP",,,,,,,,,"  -90",",,u"
"UPM00033356","2005-03-02","50.217","31.8","128.0","YAHOTYN, UP","    4","B,,u",,,,," -125",",,u","  -60",",,u"
"UPM00033356","2005-03-03","50.217","31.8","128.0","YAHOTYN, UP",,,,," -122",",,u"," -145",",,u","  -87",",,u"
"UPM00033356","2005-03-04","50.217","31.8","128.0","YAHOTYN, UP",,,,,"  -39",",,u",,,"  -73",",,u"
"UPM00033356","2005-03-05","50.217","31.8","128.0","YAHOTYN, UP","    0","B,,u",,,,,"  -51",",,u","  -48",",,u"
"UPM00033356","2005-03-06","50.217","31.8","128.0","YAHOTYN, UP",,,,,"    6",",,u",,,"   -5",",,u"
"UPM00033356","2005-03-07","50.217","31.8","128.0","YAHOTYN, UP","    8","B,,u",,,,,"  -55",",,u","  -44",",,u"
"UPM00033356","2005-03-08","50.217","31.8","128.0","YAHOTYN, UP",,,,,"  -14",",,u","  -36",",,u","  -26",",,u"
"UPM00033356","2005-03-09","50.217","31.8","128.0","YAHOTYN, UP","   20","B,,u",,,"  -43",",,u","  -62",",,u","  -46",",,u"
"UPM00033356","2005-03-10","50.217","31.8","128.0","YAHOTYN, UP","    0","B,,u",,,,," -120",",,u","  -89",",,u"
"UPM00033356","2005-03-11","50.217","31.8","128.0","YAHOTYN, UP",,,,,"  -67",",,u"," -158",",,u"," -116",",,u"
"UPM00033356","2005-03-12","50.217","31.8","128.0","YAHOTYN, UP","    0","B,,u",,,,,,,"  -41",",,u"
"UPM00033356","2005-03-14","50.217","31.8","128.0","YAHOTYN, UP","    2","B,,u",,,"    5",",,u","  -79",",,u","  -44",",,u"
"UPM00033356","2005-03-15","50.217","31.8","128.0","YAHOTYN, UP","    0","B,,u",,,"   54",",,u","  -48",",,u","    7",",,u"
"UPM00033356","2005-03-16","50.217","31.8","128.0","YAHOTYN, UP",,,,,,,"  -24",",,u","   13",",,u"
"UPM00033356","2005-03-17","50.217","31.8","128.0","YAHOTYN, UP","   50","B,,u",,,"   54",",,u","    6",",,u","   38",",,u"
"UPM00033356","2005-03-18","50.217","31.8","128.0","YAHOTYN, UP",,,,,,,"   38",",,u","   40",",,u"
"UPM00033356","2005-03-19","50.217","31.8","128.0","YAHOTYN, UP","   40","B,,u",,,,,"  -28",",,u","  -21",",,u"
"UPM00033356","2005-03-20","50.217","31.8","128.0","YAHOTYN, UP","    0","B,,u",,,"  -28",",,u","  -78",",,u","  -50",",,u"
"UPM00033356","2005-03-21","50.217","31.8","128.0","YAHOTYN, UP",,,,,"  -29",",,u","  -56",",,u","  -44",",,u"
"UPM00033356","2005-03-22","50.217","31.8","128.0","YAHOTYN, UP",,,,,"   10",",,u","  -63",",,u","  -31",",,u"
"UPM00033356","2005-03-23","50.217","31.8","128.0","YAHOTYN, UP","    2","B,,u",,,"   17",",,u","  -41",",,u","  -18",",,u"
"UPM00033356","2005-03-24","50.217","31.8","128.0","YAHOTYN, UP",,,,,"   35",",,u","  -36",",,u","   -6",",,u"
"UPM00033356","2005-03-25","50.217","31.8","128.0","YAHOTYN, UP",,,,,"   99",",,u","  -12",",,u","   30",",,u"
"UPM00033356","2005-03-26","50.217","31.8","128.0","YAHOTYN, UP",,,,,,,"   14",",,u","   26",",,u"
"UPM00033356","2005-03-27","50.217","31.8","128.0","YAHOTYN, UP","    1","B,,u",,,"   57",",,u","   -5",",,u","   30",",,u"
"UPM00033356","2005-03-28","50.217","31.8","128.0","YAHOTYN, UP",,,,,,,"    0",",,u","   21",",,u"
"UPM00033356","2005-03-30","50.217","31.8","128.0","YAHOTYN, UP",,,,,"   30",",,u","  -62",",,u","    2",",,u"
"UPM00033356","2005-03-31","50.217","31.8","128.0","YAHOTYN, UP",,,,,,,"  -45",",,u","  -31",",,u"
"UPM00033356","2005-04-01","50.217","31.8","128.0","YAHOTYN, UP",,,,,,,,,"  -24",",,u"
"UPM00033356","2005-04-02","50.217","31.8","128.0","YAHOTYN, UP",,,,,,,"  -10",",,u","   34",",,u"
"UPM00033356","2005-04-03","50.217","31.8","128.0","YAHOTYN, UP",,,,,"  104",",,u",,,"   56",",,u"
"UPM00033356","2005-04-04","50.217","31.8","128.0","YAHOTYN, UP",,,,,"  156",",,u","   42",",,u","   76",",,u"
"UPM00033356","2005-04-05","50.217","31.8","128.0","YAHOTYN, UP",,,,,"  190",",,u",,,"   80",",,u"
"UPM00033356","2005-04-06","50.217","31.8","128.0","YAHOTYN, UP",,,,,"  186",",,u","   33",",,u","   66",",,u"
"UPM00033356","2005-04-07","50.217","31.8","128.0","YAHOTYN, UP",,,,,,,"   51",",,u","   81",",,u"
"UPM00033356","2005-04-08","50.217","31.8","128.0","YAHOTYN, UP",,,,,"  180",",,u",,,"   65",",,u"
"UPM00033356","2005-04-09","50.217","31.8","128.0","YAHOTYN, UP",,,,,,,"   48",",,u","   70",",,u"
"UPM00033356","2005-04-10","50.217","31.8","128.0","YAHOTYN, UP",,,,,"  216",",,u",,,"  135",",,u"
"UPM00033356","2005-04-11","50.217","31.8","128.0","YAHOTYN, UP",,,,,,,"   88",",,u","  104",",,u"
"UPM00033356","2005-04-12","50.217","31.8","128.0","YAHOTYN, UP",,,,,,,"   43",",,u","   84",",,u"
"UPM00033356","2005-04-13","50.217","31.8","128.0","YAHOTYN, UP",,,,,,,"   48",",,u","   90",",,u"
"UPM00033356","2005-04-14","50.217","31.8","128.0","YAHOTYN, UP",,,,,"  215",",,u","  116",",,u","  154",",,u"
"UPM00033356","2005-04-15","50.217","31.8","128.0","YAHOTYN, UP",,,,,"  221",",,u","   73",",,u","  134",",,u"
"UPM00033356","2005-04-16","50.217","31.8","128.0","YAHOTYN, UP","  150","B,,u",,,,,"  108",",,u","  116",",,u"
"UPM00033356","2005-04-17","50.217","31.8","128.0","YAHOTYN, UP",,,,,"  163",",,u",,,"  136",",,u"
"UPM00033356","2005-04-18","50.217","31.8","128.0","YAHOTYN, UP",,,,,"  213",",,u","   84",",,u","  144",",,u"
"UPM00033356","2005-04-19","50.217","31.8","128.0","YAHOTYN, UP",,,,,"  201",",,u","   93",",,u","  134",",,u"
"UPM00033356","2005-04-20","50.217","31.8","128.0","YAHOTYN, UP",,,,,"  146",",,u","   74",",,u","  107",",,u"
"UPM00033356","2005-04-21","50.217","31.8","128.0","YAHOTYN, UP","  180","B,,u",,,"   85",",,u","   68",",I,u","   53",",,u"
"UPM00033356","2005-04-22","50.217","31.8","128.0","YAHOTYN, UP","   60","B,,u",,,"   26",",I,u","    5",",,u","   14",",,u"
"UPM00033356","2005-04-23","50.217","31.8","128.0","YAHOTYN, UP","  178","B,,u",,,,,"   10",",,u","   15",",,u"
"UPM00033356","2005-04-24","50.217","31.8","128.0","YAHOTYN, UP",,,,,"  116",",,u","   -4",",,u","   33",",,u"
"UPM00033356","2005-04-25","50.217","31.8","128.0","YAHOTYN, UP","   30","B,,u",,,"  168",",,u","   48",",,u","   80",",,u"
"UPM00033356","2005-04-26","50.217","31.8","128.0","YAHOTYN, UP",,,,,"  154",",,u","   66",",,u","  105",",,u"
"UPM00033356","2005-04-27","50.217","31.8","128.0","YAHOTYN, UP",,,,,"  160",",,u","   86",",,u","  123",",,u"
"UPM00033356","2005-04-28","50.217","31.8","128.0","YAHOTYN, UP","    4","B,,u",,,"  168",",,u","   94",",,u","  114",",,u"
"UPM00033356","2005-04-29","50.217","31.8","128.0","YAHOTYN, UP",,,,,"  190",",,u","   86",",,u","  140",",,u"
"UPM00033356","2005-04-30","50.217","31.8","128.0","YAHOTYN, UP",,,,,,,"   83",",,u","   95",",,u"
"UPM00033356","2005-05-03","50.217","31.8","128.0","YAHOTYN, UP",,,,,"  164",",,u",,,"  128",",,u"
"UPM00033356","2005-05-04","50.217","31.8","128.0","YAHOTYN, UP",,,,,"  200",",,u","   92",",,u","  129",",,u"
"UPM00033356","2005-05-05","50.217","31.8","128.0","YAHOTYN, UP",,,,,,,"  113",",,u","  134",",,u"
"UPM00033356","2005-05-06","50.217","31.8","128.0","YAHOTYN, UP",,,,,"  175",",,u",,,"  125",",,u"
"UPM00033356","2005-05-07","50.217","31.8","128.0","YAHOTYN, UP","    0","B,,u",,,,,"   66",",,u","   99",",,u"
"UPM00033356","2005-05-10","50.217","31.8","128.0","YAHOTYN, UP",,,,,,,"   41",",,u","   91",",,u"
"UPM00033356","2005-05-11","50.217","31.8","128.0","YAHOTYN, UP",,,,,,,"   25",",,u","  102",",,u"
"UPM00033356","2005-05-12","50.217","31.8","128.0","YAHOTYN, UP",,,,,"  150",",,u","  104",",,u","  111",",,u"
"UPM00033356","2005-05-13","50.217","31.8","128.0","YAHOTYN, UP","   10","B,,u",,,"  160",",,u","   43",",,u","   92",",,u"
"UPM00033356","2005-05-14","50.217","31.8","128.0","YAHOTYN, UP",,,,,,,"   68",",,u","  124",",,u"
"UPM00033356","2005-05-15","50.217","31.8","128.0","YAHOTYN, UP",,,,,"  215",",,u","   64",",,u","  151",",,u"
"UPM00033356","2005-05-16","50.217","31.8","128.0","YAHOTYN, UP",,,,,"  230",",,u","   73",",,u","  129",",,u"
"UPM00033356","2005-05-17","50.217","31.8","128.0","YAHOTYN, UP",,,,,,,"   92",",,u","  148",",,u"
"UPM00033356","2005-05-25","50.217","31.8","128.0","YAHOTYN, UP",,,,,"  308",",,u","  165",",,u","  247",",,u"
"UPM00033356","2005-05-26","50.217","31.8","128.0","YAHOTYN, UP",,,,,"  262",",,u","  176",",,u","  211",",,u"
"UPM00033356","2005-06-05","50.217","31.8","128.0","YAHOTYN, UP",,,,,,,,,"  221",",,u"
"UPM00033356","2005-06-14","50.217","31.8","128.0","YAHOTYN, UP",,,,,"  223",",,u",,,"  163",",,u"
"UPM00033356","2005-06-15","50.217","31.8","128.0","YAHOTYN, UP",,,,,,,"  138",",,u","  164",",,u"
"UPM00033356","2005-06-16","50.217","31.8","128.0","YAHOTYN, UP",,,,,"  259",",,u","  148",",,u","  212",",,u"
"UPM00033356","2005-06-17","50.217","31.8","128.0","YAHOTYN, UP",,,,,"  267",",,u","  160",",,u","  195",",,u"
"UPM00033356","2005-06-18","50.217","31.8","128.0","YAHOTYN, UP","   50","B,,u",,,,,"  156",",,u","  174",",,u"
"UPM00033356","2005-06-20","50.217","31.8","128.0","YAHOTYN, UP","   10","B,,u",,,"  205",",,u","  128",",,u","  148",",,u"
"UPM00033356","2005-06-21","50.217","31.8","128.0","YAHOTYN, UP","   30","B,,u",,,"  161",",,u","   98",",,u","  124",",,u"
"UPM00033356","2005-06-22","50.217","31.8","128.0","YAHOTYN, UP","    7","B,,u",,,,,"  108",",,u","  138",",,u"
"UPM00033356","2005-06-23","50.217","31.8","128.0","YAHOTYN, UP",,,,,,,"  110",",,u","  160",",,u"
"UPM00033356","2005-06-24","50.217","31.8","128.0","YAHOTYN, UP",,,,,"  256",",,u","  120",",,u","  181",",,u"
"UPM00033356","2005-06-25","50.217","31.8","128.0","YAHOTYN, UP",,,,,,,,,"  160",",,u"
"UPM00033356","2005-06-26","50.217","31.8","128.0","YAHOTYN, UP",,,,,,,"  151",",,u","  224",",,u"
"UPM00033356","2005-06-27","50.217","31.8","128.0","YAHOTYN, UP","   10","B,,u",,,,,"  140",",,u","  179",",,u"
"UPM00033356","2005-06-28","50.217","31.8","128.0","YAHOTYN, UP",,,,,,,,,"  170",",,u"
"UPM00033356","2005-06-29","50.217","31.8","128.0","YAHOTYN, UP","   40","B,,u",,,"  236",",,u","  138",",,u","  173",",,u"
"UPM00033356","2005-06-30","50.217","31.8","128.0","YAHOTYN, UP",,,,,,,"  118",",,u","  168",",,u"
"UPM00033356","2005-07-01","50.217","31.8","128.0","YAHOTYN, UP",,,,,,,"   92",",,u","  147",",,u"
"UPM00033356","2005-07-02","50.217","31.8","128.0","YAHOTYN, UP",,,,,,,,,"  116",",,u"
"UPM00033356","2005-07-03","50.217","31.8","128.0","YAHOTYN, UP",,,,,"  256",",,u",,,"  206",",,u"
"UPM00033356","2005-07-04","50.217","31.8","128.0","YAHOTYN, UP",,,,,"  237",",,u","  148",",,u","  184",",,u"
"UPM00033356","2005-07-05","50.217","31.8","128.0","YAHOTYN, UP","   20","B,,u",,,,,"  122",",,u","  154",",,u"
"UPM00033356","2005-07-06","50.217","31.8","128.0","YAHOTYN, UP",,,,,"  246",",,u","  135",",,u","  175",",,u"
"UPM00033356","2005-07-07","50.217","31.8","128.0","YAHOTYN, UP",,,,,,,"  118",",,u","  188",",,u"
"UPM00033356","2005-07-08","50.217","31.8","128.0","YAHOTYN, UP",,,,,"  246",",,u","  148",",,u","  179",",,u"
"UPM00033356","2005-07-09","50.217","31.8","128.0","YAHOTYN, UP",,,,,,,"  130",",,u","  214",",,u"
"UPM00033356","2005-07-11","50.217","31.8","128.0","YAHOTYN, UP",,,,,,,,,"  142",",,u"
"UPM00033356","2005-07-12","50.217","31.8","128.0","YAHOTYN, UP",,,,,,,"  118",",,u","  219",",,u"
"UPM00033356","2005-07-13","50.217","31.8","128.0","YAHOTYN, UP",,,,,"  273",",,u","  121",",,u","  193",",,u"
"UPM00033356","2005-07-14","50.217","31.8","128.0","YAHOTYN, UP",,,,,"  280",",,u","  168",",,u","  214",",,u"
"UPM00033356","2005-07-15","50.217","31.8","128.0","YAHOTYN, UP",,,,,"  273",",,u","  177",",,u","  204",",,u"
"UPM00033356","2005-07-16","50.217","31.8","128.0","YAHOTYN, UP","   30","B,,u",,,,,"  148",",,u","  192",",,u"
"UPM00033356","2005-07-18","50.217","31.8","128.0","YAHOTYN, UP","    7","B,,u",,,,,"  178",",,u","  211",",,u"
"UPM00033356","2005-07-19","50.217","31.8","128.0","YAHOTYN, UP",,,,,,,"  136",",,u","  243",",,u"
"UPM00033356","2005-07-20","50.217","31.8","128.0","YAHOTYN, UP","    0","B,,u",,,,,"  202",",,u","  222",",,u"
"UPM00033356","2005-07-21","50.217","31.8","128.0","YAHOTYN, UP",,,,,"  249",",,u","  141",",,u","  187",",,u"
"UPM00033356","2005-07-22","50.217","31.8","128.0","YAHOTYN, UP","    0","B,,u",,,,,"  149",",,u","  174",",,u"
"UPM00033356","2005-07-24","50.217","31.8","128.0","YAHOTYN, UP",,,,,"  267",",,u",,,"  186",",,u"
"UPM00033356","2005-07-25","50.217","31.8","128.0","YAHOTYN, UP",,,,,"  232",",,u","  148",",,u","  206",",,u"
"UPM00033356","2005-07-26","50.217","31.8","128.0","YAHOTYN, UP","    0","B,,u",,,,,"  148",",,u","  192",",,u"
"UPM00033356","2005-07-28","50.217","31.8","128.0","YAHOTYN, UP",,,,,"  307",",,u",,,"  246",",,u"
"UPM00033356","2005-07-29","50.217","31.8","128.0","YAHOTYN, UP",,,,,,,"  179",",,u","  228",",,u"
"UPM00033356","2005-07-31","50.217","31.8","128.0","YAHOTYN, UP",,,,,"  336",",,u",,,"  277",",,u"
"UPM00033356","2005-08-01","50.217","31.8","128.0","YAHOTYN, UP",,,,,,,"  196",",,u","  249",",,u"
"UPM00033356","2005-08-02","50.217","31.8","128.0","YAHOTYN, UP","  170","B,,u",,,"  302",",,u","  188",",,u","  222",",,u"
"UPM00033356","2005-08-03","50.217","31.8","128.0","YAHOTYN, UP",,,,,"  285",",,u","  182",",,u","  219",",,u"
"UPM00033356","2005-08-04","50.217","31.8","128.0","YAHOTYN, UP",,,,,"  287",",,u","  153",",,u","  193",",,u"
"UPM00033356","2005-08-05","50.217","31.8","128.0","YAHOTYN, UP",,,,,,,"  178",",,u","  197",",,u"
"UPM00033356","2005-08-07","50.217","31.8","128.0","YAHOTYN, UP",,,,,,,"  168",",,u","  210",",,u"
"UPM00033356","2005-08-11","50.217","31.8","128.0","YAHOTYN, UP",,,,,"  254",",,u","  122",",,u","  183",",,u"
"UPM00033356","2005-08-12","50.217","31.8","128.0","YAHOTYN, UP","  120","B,,u",,,,,"  128",",,u","  160",",,u"
"UPM00033356","2005-08-13","50.217","31.8","128.0","YAHOTYN, UP",,,,,"  242",",,u","  130",",,u","  185",",,u"
"UPM00033356","2005-08-14","50.217","31.8","128.0","YAHOTYN, UP",,,,,"  260",",,u","  136",",,u","  202",",,u"
"UPM00033356","2005-08-15","50.217","31.8","128.0","YAHOTYN, UP",,,,,"  255",",,u","  164",",,u","  201",",,u"
"UPM00033356","2005-08-16","50.217","31.8","128.0","YAHOTYN, UP",,,,,"  267",",,u","  138",",,u","  196",",,u"
"UPM00033356","2005-08-17","50.217","31.8","128.0","YAHOTYN, UP",,,,,,,"  149",",,u","  171",",,u"
"UPM00033356","2005-08-18","50.217","31.8","128.0","YAHOTYN, UP",,,,,"  272",",,u",,,"  197",",,u"
"UPM00033356","2005-08-19","50.217","31.8","128.0","YAHOTYN, UP","   20","B,,u",,,,,"  163",",,u","  188",",,u"
"UPM00033356","2005-08-22","50.217","31.8","128.0","YAHOTYN, UP",,,,,,,"   98",",,u","  207",",,u"
"UPM00033356","2005-08-23","50.217","31.8","128.0","YAHOTYN, UP",,,,,,,"  112",",,u","  194",",,u"
"UPM00033356","2005-08-24","50.217","31.8","128.0","YAHOTYN, UP",,,,,"  271",",,u","  135",",,u","  206",",,u"
"UPM00033356","2005-08-25","50.217","31.8","128.0","YAHOTYN, UP","  100","B,,u",,,"  250",",,u","  154",",,u","  192",",,u"
"UPM00033356","2005-08-26","50.217","31.8","128.0","YAHOTYN, UP",,,,,"  215",",,u",,,"  178",",,u"
"UPM00033356","2005-08-27","50.217","31.8","128.0","YAHOTYN, UP",,,,,,,"  128",",,u","  149",",,u"
"UPM00033356","2005-08-29","50.217","31.8","128.0","YAHOTYN, UP",,,,,"  253",",,u",,,"  180",",,u"
"UPM00033356","2005-08-30","50.217","31.8","128.0","YAHOTYN, UP",,,,,,,"  118",",,u","  203",",,u"
"UPM00033356","2005-09-02","50.217","31.8","128.0","YAHOTYN, UP",,,,,,,,,"  130",",,u"
"UPM00033356","2005-09-04","50.217","31.8","128.0","YAHOTYN, UP",,,,,,,,,"  149",",,u"
"UPM00033356","2005-09-07","50.217","31.8","128.0","YAHOTYN, UP",,,,,"  245",",,u",,,"  158",",,u"
"UPM00033356","2005-09-08","50.217","31.8","128.0","YAHOTYN, UP",,,,,"  257",",,u","  100",",,u","  157",",,u"
"UPM00033356","2005-09-09","50.217","31.8","128.0","YAHOTYN, UP",,,,,"  280",",,u","  106",",,u","  137",",,u"
"UPM00033356","2005-09-10","50.217","31.8","128.0","YAHOTYN, UP",,,,,,,"  118",",,u","  156",",,u"
"UPM00033356","2005-09-12","50.217","31.8","128.0","YAHOTYN, UP",,,,,,,"  114",",,u","  168",",,u"
"UPM00033356","2005-09-13","50.217","31.8","128.0","YAHOTYN, UP",,,,,"  272",",,u","  108",",,u","  189",",,u"
"UPM00033356","2005-09-14","50.217","31.8","128.0","YAHOTYN, UP","   28","B,,u",,,"  226",",,u","  154",",,u","  166",",,u"
"UPM00033356","2005-09-15","50.217","31.8","128.0","YAHOTYN, UP",,,,,"  232",",,u","  103",",,u","  156",",,u"
"UPM00033356","2005-09-16","50.217","31.8","128.0","YAHOTYN, UP",,,,,"  230",",,u","  122",",,u","  146",",,u"
"UPM00033356","2005-09-17","50.217","31.8","128.0","YAHOTYN, UP",,,,,,,"  153",",I,u","  183",",,u"
"UPM00033356","2005-09-18","50.217","31.8","128.0","YAHOTYN, UP",,,,,"  105",",I,u",,,"   89",",,u"
"UPM00033356","2005-09-19","50.217","31.8","128.0","YAHOTYN, UP","    3","B,,u",,,"  165",",,u","   76",",,u","   81",",,u"
"UPM00033356","2005-09-20","50.217","31.8","128.0","YAHOTYN, UP",,,,,,,"   33",",,u","   59",",,u"
"UPM00033356","2005-09-21","50.217","31.8","128.0","YAHOTYN, UP",,,,,"  196",",,u","   38",",,u","   94",",,u"
"UPM00033356","2005-09-22","50.217","31.8","128.0","YAHOTYN, UP",,,,,"  202",",,u","   52",",,u","   94",",,u"
"UPM00033356","2005-09-23","50.217","31.8","128.0","YAHOTYN, UP",,,,,,,"   87",",,u","  105",",,u"
"UPM00033356","2005-09-26","50.217","31.8","128.0","YAHOTYN, UP",,,,,"  216",",,u",,,"  112",",,u"
"UPM00033356","2005-09-27","50.217","31.8","128.0","YAHOTYN, UP",,,,,,,"   64",",,u","   91",",,u"
"UPM00033356","2005-09-28","50.217","31.8","128.0","YAHOTYN, UP",,,,,"  210",",,u",,,"  128",",,u"
"UPM00033356","2005-09-29","50.217","31.8","128.0","YAHOTYN, UP",,,,,"  240",",,u","   85",",,u","  129",",,u"
"UPM00033356","2005-09-30","50.217","31.8","128.0","YAHOTYN, UP",,,,,"  242",",,u","   97",",,u","  170",",,u"
"UPM00033356","2005-10-01","50.217","31.8","128.0","YAHOTYN, UP",,,,,,,"  102",",,u","  119",",,u"
"UPM00033356","2005-10-02","50.217","31.8","128.0","YAHOTYN, UP",,,,,"  240",",,u",,,"  146",",,u"
"UPM00033356","2005-10-03","50.217","31.8","128.0","YAHOTYN, UP",,,,,"  238",",,u","   58",",,u","  146",",,u"
"UPM00033356","2005-10-04","50.217","31.8","128.0","YAHOTYN, UP",,,,,,,,,"   74",",,u"
"UPM00033356","2005-10-05","50.217","31.8","128.0","YAHOTYN, UP",,,,,,,"   52",",,u","   83",",,u"
"UPM00033356","2005-10-06","50.217","31.8","128.0","YAHOTYN, UP",,,,,"  172",",,u","   47",",,u","  100",",,u"
"UPM00033356","2005-10-07","50.217","31.8","128.0","YAHOTYN, UP",,,,,,,"   23",",,u","   77",",,u"
"UPM00033356","2005-10-08","50.217","31.8","128.0","YAHOTYN, UP",,,,,,,"   53",",,u","  121",",,u"
"UPM00033356","2005-10-10","50.217","31.8","128.0","YAHOTYN, UP",,,,,"  160",",,u",,,"   68",",,u"
"UPM00033356","2005-10-11","50.217","31.8","128.0","YAHOTYN, UP",,,,,,,"   28",",,u","   73",",,u"
"UPM00033356","2005-10-12","50.217","31.8","128.0","YAHOTYN, UP",,,,,,,"   60",",,u","   89",",,u"
"UPM00033356","2005-10-13","50.217","31.8","128.0","YAHOTYN, UP",,,,,,,,,"  102",",,u"
"UPM00033356","2005-10-14","50.217","31.8","128.0","YAHOTYN, UP",,,,,"  140",",,u","   91",",,u","   84",",,u"
"UPM00033356","2005-10-15","50.217","31.8","128.0","YAHOTYN, UP",,,,,,,"   42",",,u","   61",",,u"
"UPM00033356","2005-10-16","50.217","31.8","128.0","YAHOTYN, UP",,,,,"   83",",,u",,,"   52",",,u"
"UPM00033356","2005-10-17","50.217","31.8","128.0","YAHOTYN, UP","   30","B,,u",,,,,"   38",",,u","   50",",,u"
"UPM00033356","2005-10-18","50.217","31.8","128.0","YAHOTYN, UP",,,,,,,,,"   74",",,u"
"UPM00033356","2005-10-19","50.217","31.8","128.0","YAHOTYN, UP","   30","B,,u",,,,,"   53",",,u","   57",",,u"
"UPM00033356","2005-10-20","50.217","31.8","128.0","YAHOTYN, UP",,,,,"   61",",,u","   30",",,u","   33",",,u"
"UPM00033356","2005-10-21","50.217","31.8","128.0","YAHOTYN, UP",,,,,"   82",",,u","  -26",",,u","    3",",,u"
"UPM00033356","2005-10-22","50.217","31.8","128.0","YAHOTYN, UP",,,,,,,"   17",",,u","   36",",,u"
"UPM00033356","2005-10-23","50.217","31.8","128.0","YAHOTYN, UP",,,,,"  127",",,u",,,"  116",",,u"
"UPM00033356","2005-10-24","50.217","31.8","128.0","YAHOTYN, UP",,,,,"  136",",,u","   71",",,u","  117",",,u"
"UPM00033356","2005-10-25","50.217","31.8","128.0","YAHOTYN, UP",,,,,"   85",",,u","   18",",,u","   49",",,u"
"UPM00033356","2005-10-26","50.217","31.8","128.0","YAHOTYN, UP","    0","B,,u",,,,,"   52",",,u","   97",",,u"
"UPM00033356","2005-10-27","50.217","31.8","128.0","YAHOTYN, UP",,,,,,,"   98",",I,u","   81",",,u"
"UPM00033356","2005-10-28","50.217","31.8","128.0","YAHOTYN, UP","    0","B,,u",,,"   26",",I,u","   13",",,u","   15",",,u"
"UPM00033356","2005-10-29","50.217","31.8","128.0","YAHOTYN, UP",,,,,,,"  -44",",,u","  -36",",,u"
"UPM00033356","2005-10-30","50.217","31.8","128.0","YAHOTYN, UP",,,,,"   55",",,u",,,"  -16",",,u"
"UPM00033356","2005-10-31","50.217","31.8","128.0","YAHOTYN, UP",,,,,,,"  -40",",,u","   -7",",,u"
"UPM00033356","2005-11-01","50.217","31.8","128.0","YAHOTYN, UP",,,,,,,,,"  -16",",,u"
"UPM00033356","2005-11-02","50.217","31.8","128.0","YAHOTYN, UP",,,,,,,,,"   18",",,u"
"UPM00033356","2005-11-03","50.217","31.8","128.0","YAHOTYN, UP",,,,,"  128",",,u","   -4",",,u","   64",",,u"
"UPM00033356","2005-11-04","50.217","31.8","128.0","YAHOTYN, UP",,,,,,,"    9",",,u","   39",",,u"
"UPM00033356","2005-11-05","50.217","31.8","128.0","YAHOTYN, UP",,,,,,,"   -2",",,u","    6",",,u"
"UPM00033356","2005-11-06","50.217","31.8","128.0","YAHOTYN, UP",,,,,"  120",",,u","  -18",",,u","   27",",,u"
"UPM00033356","2005-11-07","50.217","31.8","128.0","YAHOTYN, UP",,,,,"   98",",,u","  -22",",,u","   18",",,u"
"UPM00033356","2005-11-08","50.217","31.8","128.0","YAHOTYN, UP",,,,,"   16",",,u","  -24",",,u","   -8",",,u"
"UPM00033356","2005-11-09","50.217","31.8","128.0","YAHOTYN, UP",,,,,"   68",",,u","  -24",",,u","   -1",",,u"
"UPM00033356","2005-11-10","50.217","31.8","128.0","YAHOTYN, UP",,,,,"    3",",,u","  -25",",,u","  -12",",,u"
"UPM00033356","2005-11-11","50.217","31.8","128.0","YAHOTYN, UP","    0","B,,u",,,"    0",",,u","  -16",",,u","   -7",",,u"
"UPM00033356","2005-11-12","50.217","31.8","128.0","YAHOTYN, UP",,,,,,,"    0",",,u","   12",",,u"
"UPM00033356","2005-11-13","50.217","31.8","128.0","YAHOTYN, UP",,,,,"   39",",,u","   10",",,u","   24",",,u"
"UPM00033356","2005-11-14","50.217","31.8","128.0","YAHOTYN, UP",,,,,,,"   13",",,u","   20",",,u"
"UPM00033356","2005-11-15","50.217","31.8","128.0","YAHOTYN, UP",,,,,,,"   15",",,u","   25",",,u"
"UPM00033356","2005-11-16","50.217","31.8","128.0","YAHOTYN, UP","    0","B,,u",,,"   80",",,u","   14",",,u","   42",",,u"
"UPM00033356","2005-11-17","50.217","31.8","128.0","YAHOTYN, UP",,,,,,,"   61",",I,u","   81",",,u"
"UPM00033356","2005-11-18","50.217","31.8","128.0","YAHOTYN, UP",,,,,"   40",",I,u","  -10",",,u","    8",",,u"
"UPM00033356","2005-11-19","50.217","31.8","128.0","YAHOTYN, UP",,,,,,,"  -21",",,u","    2",",,u"
"UPM00033356","2005-11-20","50.217","31.8","128.0","YAHOTYN, UP",,,,,,,,,"   -5",",,u"
"UPM00033356","2005-11-21","50.217","31.8","128.0","YAHOTYN, UP","   20","B,,u",,,,,"  -32",",,u","  -30",",,u"
"UPM00033356","2005-11-22","50.217","31.8","128.0","YAHOTYN, UP",,,,,,,"  -20",",,u","  -18",",,u"
"UPM00033356","2005-11-23","50.217","31.8","128.0","YAHOTYN, UP",,,,,,,"  -19",",,u","  -16",",,u"
"UPM00033356","2005-11-24","50.217","31.8","128.0","YAHOTYN, UP","    0","B,,u",,,"   -9",",,u","  -23",",,u","  -17",",,u"
"UPM00033356","2005-11-25","50.217","31.8","128.0","YAHOTYN, UP",,,,,"   26",",,u",,,"   -7",",,u"
"UPM00033356","2005-11-26","50.217","31.8","128.0","YAHOTYN, UP","   63","B,,u",,,,,"    0",",,u","   14",",,u"
"UPM00033356","2005-11-27","50.217","31.8","128.0","YAHOTYN, UP",,,,,"   66",",,u",,,"   67",",,u"
"UPM00033356","2005-11-28","50.217","31.8","128.0","YAHOTYN, UP","    3","B,,u",,,"  118",",,u","   65",",,u","   88",",,u"
"UPM00033356","2005-11-29","50.217","31.8","128.0","YAHOTYN, UP","    0","B,,u",,,,,"    0",",,u","   10",",,u"
"UPM00033356","2005-11-30","50.217","31.8","128.0","YAHOTYN, UP",,,,,"   38",",,u","  -14",",,u","    6",",,u"
"UPM00033356","2005-12-01","50.217","31.8","128.0","YAHOTYN, UP","   40","B,,u",,,"   55",",,u","   34",",I,u","   25",",,u"
"UPM00033356","2005-12-02","50.217","31.8","128.0","YAHOTYN, UP","   30","B,,u",,,"   12",",I,u","  -23",",,u","   -7",",,u"
"UPM00033356","2005-12-03","50.217","31.8","128.0","YAHOTYN, UP","   60","B,,u",,,,,"  -12",",,u","   -9",",,u"
"UPM00033356","2005-12-04","50.217","31.8","128.0","YAHOTYN, UP","    0","B,,u",,,"   -4",",,u","  -13",",,u","   -6",",,u"
"UPM00033356","2005-12-05","50.217","31.8","128.0","YAHOTYN, UP",,,,,,,"   -7",",,u","    5",",,u"
"UPM00033356","2005-12-06","50.217","31.8","128.0","YAHOTYN, UP",,,,,"   12",",,u","   -5",",,u","    2",",,u"
"UPM00033356","2005-12-07","50.217","31.8","128.0","YAHOTYN, UP","    4","B,,u",,,"   70",",,u","    2",",,u","   29",",,u"
"UPM00033356","2005-12-08","50.217","31.8","128.0","YAHOTYN, UP","   20","B,,u",,,"   51",",,u","   -2",",,u","   22",",,u"
"UPM00033356","2005-12-09","50.217","31.8","128.0","YAHOTYN, UP","    8","B,,u",,,"   16",",,u","    5",",,u","    7",",,u"
"UPM00033356","2005-12-10","50.217","31.8","128.0","YAHOTYN, UP","    4","B,,u",,,,,"  -48",",,u","  -39",",,u"
"UPM00033356","2005-12-11","50.217","31.8","128.0","YAHOTYN, UP",,,,,"    0",",,u","  -63",",,u","  -19",",,u"
"UPM00033356","2005-12-12","50.217","31.8","128.0","YAHOTYN, UP","   10","B,,u",,,"   19",",,u","  -16",",,u","    4",",,u"
"UPM00033356","2005-12-13","50.217","31.8","128.0","YAHOTYN, UP","    0","B,,u",,,"   47",",,u","   18",",I,u","   18",",,u"
"UPM00033356","2005-12-14","50.217","31.8","128.0","YAHOTYN, UP",,,,,"   -4",",I,u","  -16",",,u","  -10",",,u"
"UPM00033356","2005-12-15","50.217","31.8","128.0","YAHOTYN, UP",,,,,"   12",",,u","  -19",",,u","   -6",",,u"
"UPM00033356","2005-12-16","50.217","31.8","128.0","YAHOTYN, UP","    0","B,,u",,,,,"  -23",",,u","   -4",",,u"
"UPM00033356","2005-12-18","50.217","31.8","128.0","YAHOTYN, UP",,,,,,,,,"   -8",",,u"
"UPM00033356","2005-12-19","50.217","31.8","128.0","YAHOTYN, UP","    6","B,,u",,,,,"  -44",",,u","  -36",",,u"
"UPM00033356","2005-12-20","50.217","31.8","128.0","YAHOTYN, UP","    0","B,,u",,,"  -37",",,u","  -44",",,u","  -52",",,u"
"UPM00033356","2005-12-21","50.217","31.8","128.0","YAHOTYN, UP",,,,,,,"  -84",",,u","  -60",",,u"
"UPM00033356","2005-12-22","50.217","31.8","128.0","YAHOTYN, UP","    0","B,,u",,,"  -58",",,u","  -79",",,u","  -68",",,u"
"UPM00033356","2005-12-23","50.217","31.8","128.0","YAHOTYN, UP","    2","B,,u",,,"  -55",",,u","  -78",",,u","  -61",",,u"
"UPM00033356","2005-12-24","50.217","31.8","128.0","YAHOTYN, UP","    3","B,,u",,,,,"  -96",",,u","  -85",",,u"
"UPM00033356","2005-12-25","50.217","31.8","128.0","YAHOTYN, UP",,,,,"  -36",",,u",,,"  -35",",,u"
"UPM00033356","2005-12-26","50.217","31.8","128.0","YAHOTYN, UP","    3","B,,u",,,"   -1",",,u","  -37",",,u","  -29",",,u"
"UPM00033356","2005-12-27","50.217","31.8","128.0","YAHOTYN, UP","    0","B,,u",,,"  -14",",,u","  -88",",,u","  -51",",,u"
"UPM00033356","2005-12-28","50.217","31.8","128.0","YAHOTYN, UP","  170","B,,u",,,"   30",",,u","  -14",",,u","   16",",,u"
"UPM00033356","2005-12-29","50.217","31.8","128.0","YAHOTYN, UP","   10","B,,u",,,"   42",",,u","   28",",,u","   32",",,u"
"UPM00033356","2005-12-30","50.217","31.8","128.0","YAHOTYN, UP","  110","B,,u",,,,,"   10",",,u","   13",",,u"
"UPM00033356","2006-01-02","50.217","31.8","128.0","YAHOTYN, UP",,,,,,,,,"    4",",,u"
"UPM00033356","2006-01-03","50.217","31.8","128.0","YAHOTYN, UP","    0","B,,u",,,"  -10",",,u","  -17",",I,u","  -17",",,u"
"UPM00033356","2006-01-04","50.217","31.8","128.0","YAHOTYN, UP","    2","B,,u",,,"  -39",",I,u","  -47",",,u","  -44",",,u"
"UPM00033356","2006-01-05","50.217","31.8","128.0","YAHOTYN, UP","    3","B,,u",,,,,"  -39",",,u","  -37",",,u"
"UPM00033356","2006-01-08","50.217","31.8","128.0","YAHOTYN, UP",,,,,"  -21",",,u",,,"  -34",",,u"
"UPM00033356","2006-01-09","50.217","31.8","128.0","YAHOTYN, UP","    2","B,,u",,,,,"  -30",",,u","  -22",",,u"
"UPM00033356","2006-01-10","50.217","31.8","128.0","YAHOTYN, UP",,,,,,,,,"  -20",",,u"
"UPM00033356","2006-01-11","50.217","31.8","128.0","YAHOTYN, UP",,,,,,,"  -31",",,u","  -23",",,u"
"UPM00033356","2006-01-12","50.217","31.8","128.0","YAHOTYN, UP",,,,,"  -24",",,u"," -115",",,u","  -86",",,u"
"UPM00033356","2006-01-13","50.217","31.8","128.0","YAHOTYN, UP","    4","B,,u",,,,,"  -84",",,u","  -56",",,u"
"UPM00033356","2006-01-14","50.217","31.8","128.0","YAHOTYN, UP",,,,,,,"  -19",",,u","  -15",",,u"
"UPM00033356","2006-01-15","50.217","31.8","128.0","YAHOTYN, UP",,,,,"  -14",",,u",,,"  -25",",,u"
"UPM00033356","2006-01-16","50.217","31.8","128.0","YAHOTYN, UP",,,,,,,"  -42",",,u","  -39",",,u"
"UPM00033356","2006-01-17","50.217","31.8","128.0","YAHOTYN, UP",,,,,"  -26",",,u",,,"  -56",",,u"
"UPM00033356","2006-01-18","50.217","31.8","128.0","YAHOTYN, UP","    2","B,,u",,,,," -114",",I,u"," -112",",,u"
"UPM00033356","2006-01-19","50.217","31.8","128.0","YAHOTYN, UP","   20","B,,u",,," -138",",I,u"," -145",",I,u"," -145",",,u"
"UPM00033356","2006-01-20","50.217","31.8","128.0","YAHOTYN, UP","   30","B,,u",,," -242",",I,u"," -265",",,u"," -245",",,u"
"UPM00033356","2006-01-21","50.217","31.8","128.0","YAHOTYN, UP",,,,,,," -267",",,u"," -257",",,u"
"UPM00033356","2006-01-22","50.217","31.8","128.0","YAHOTYN, UP","    2","B,,u",,," -208",",,u"," -247",",,u"," -233",",,u"
"UPM00033356","2006-01-23","50.217","31.8","128.0","YAHOTYN, UP",,,,," -195",",,u"," -247",",,u"," -233",",,u"
"UPM00033356","2006-01-24","50.217","31.8","128.0","YAHOTYN, UP",,,,,,," -214",",,u"," -201",",,u"
"UPM00033356","2006-01-25","50.217","31.8","128.0","YAHOTYN, UP",,,,," -110",",,u"," -224",",,u"," -188",",,u"
"UPM00033356","2006-01-26","50.217","31.8","128.0","YAHOTYN, UP",,,,,,," -184",",,u"," -152",",,u"
"UPM00033356","2006-01-27","50.217","31.8","128.0","YAHOTYN, UP",,,,,"  -48",",,u",,," -101",",,u"
"UPM00033356","2006-01-28","50.217","31.8","128.0","YAHOTYN, UP",,,,,,,"  -89",",,u","  -87",",,u"
"UPM00033356","2006-01-29","50.217","31.8","128.0","YAHOTYN, UP",,,,,"  -25",",I,u",,,"  -25",",,u"
"UPM00033356","2006-01-30","50.217","31.8","128.0","YAHOTYN, UP","    2","B,,u",,,,,"   -6",",I,u","   -1",",,u"
"UPM00033356","2006-01-31","50.217","31.8","128.0","YAHOTYN, UP",,,,,"    2",",,u",,,"  -35",",,u"
"UPM00033356","2006-02-01","50.217","31.8","128.0","YAHOTYN, UP","    2","B,,u",,,"    1",",,u","  -74",",,u","  -49",",,u"
"UPM00033356","2006-02-02","50.217","31.8","128.0","YAHOTYN, UP","    9","B,,u",,,"    1",",,u","   -1",",I,u","    1",",,u"
"UPM00033356","2006-02-03","50.217","31.8","128.0","YAHOTYN, UP","    6","B,,u",,,"  -18",",I,u","  -30",",,u","  -23",",,u"
"UPM00033356","2006-02-04","50.217","31.8","128.0","YAHOTYN, UP","   30","B,,u",,,,,"  -73",",I,u","  -42",",,u"
"UPM00033356","2006-02-05","50.217","31.8","128.0","YAHOTYN, UP",,,,," -175",",I,u",,," -195",",,u"
"UPM00033356","2006-02-06","50.217","31.8","128.0","YAHOTYN, UP",,,,," -158",",,u"," -259",",,u"," -219",",,u"
"UPM00033356","2006-02-07","50.217","31.8","128.0","YAHOTYN, UP",,,,," -126",",,u"," -242",",,u"," -187",",,u"
"UPM00033356","2006-02-08","50.217","31.8","128.0","YAHOTYN, UP",,,,," -100",",,u"," -175",",,u"," -120",",,u"
"UPM00033356","2006-02-09","50.217","31.8","128.0","YAHOTYN, UP",,,,," -116",",,u"," -175",",,u"," -150",",,u"
"UPM00033356","2006-02-10","50.217","31.8","128.0","YAHOTYN, UP","    2","B,,u",,," -104",",,u"," -138",",,u"," -129",",,u"
"UPM00033356","2006-02-11","50.217","31.8","128.0","YAHOTYN, UP","    5","B,,u",,,,," -125",",,u"," -122",",,u"
"UPM00033356","2006-02-12","50.217","31.8","128.0","YAHOTYN, UP",,,,,"  -91",",,u",,," -120",",,u"
"UPM00033356","2006-02-13","50.217","31.8","128.0","YAHOTYN, UP","    2","B,,u",,,"  -76",",,u"," -142",",,u"," -122",",,u"
"UPM00033356","2006-02-14","50.217","31.8","128.0","YAHOTYN, UP","    3","B,,u",,,"  -82",",,u"," -199",",,u"," -147",",,u"
"UPM00033356","2006-02-15","50.217","31.8","128.0","YAHOTYN, UP","    0","B,,u",,,"  -95",",,u"," -193",",,u"," -165",",,u"
"UPM00033356","2006-02-16","50.217","31.8","128.0","YAHOTYN, UP","    0","B,,u",,," -138",",,u"," -211",",,u"," -179",",,u"
"UPM00033356","2006-02-17","50.217","31.8","128.0","YAHOTYN, UP","    2","B,,u",,,"  -28",",,u"," -172",",,u","  -79",",,u"
"UPM00033356","2006-02-18","50.217","31.8","128.0","YAHOTYN, UP","   40","B,,u",,,,,"  -34",",,u","  -20",",,u"
"UPM00033356","2006-02-19","50.217","31.8","128.0","YAHOTYN, UP",,,,,"   25",",,u",,,"   13",",,u"
"UPM00033356","2006-02-20","50.217","31.8","128.0","YAHOTYN, UP","   40","B,,u",,,"   70",",,u","    5",",,u","   21",",,u"
"UPM00033356","2006-02-21","50.217","31.8","128.0","YAHOTYN, UP",,,,,,,"  -22",",,u","   -4",",,u"
"UPM00033356","2006-02-22","50.217","31.8","128.0","YAHOTYN, UP","    7","B,,u",,,,,"   11",",,u","   18",",,u"
"UPM00033356","2006-02-23","50.217","31.8","128.0","YAHOTYN, UP","    0","B,,u",,,"   15",",,u","    6",",,u","    7",",,u"
"UPM00033356","2006-02-24","50.217","31.8","128.0","YAHOTYN, UP",,,,,,,"  -17",",,u","  -11",",,u"
"UPM00033356","2006-02-26","50.217","31.8","128.0","YAHOTYN, UP","    0","B,,u",,,,,"  -23",",,u","  -20",",,u"
"UPM00033356","2006-02-28","50.217","31.8","128.0","YAHOTYN, UP","    0","B,,u",,,,,"  -55",",,u","  -48",",,u"
"UPM00033356","2006-03-01","50.217","31.8","128.0","YAHOTYN, UP",,,,,,,"  -89",",,u","  -54",",,u"
"UPM00033356","2006-03-02","50.217","31.8","128.0","YAHOTYN, UP","   40","B,,u",,,"   -6",",,u","  -65",",,u","  -55",",,u"
"UPM00033356","2006-03-03","50.217","31.8","128.0","YAHOTYN, UP",,,,,,," -118",",,u","  -78",",,u"
"UPM00033356","2006-03-04","50.217","31.8","128.0","YAHOTYN, UP",,,,,,,"  -96",",,u","  -69",",,u"
"UPM00033356","2006-03-05","50.217","31.8","128.0","YAHOTYN, UP",,,,,"   18",",,u",,,"  -16",",,u"
"UPM00033356","2006-03-06","50.217","31.8","128.0","YAHOTYN, UP","   50","B,,u",,,,,"  -36",",,u","  -26",",,u"
"UPM00033356","2006-03-07","50.217","31.8","128.0","YAHOTYN, UP","    2","B,,u",,,,,"  -69",",,u","  -54",",,u"
"UPM00033356","2006-03-09","50.217","31.8","128.0","YAHOTYN, UP",,,,,"  -29",",,u"," -165",",,u"," -115",",,u"
"UPM00033356","2006-03-10","50.217","31.8","128.0","YAHOTYN, UP",,,,,"   -1",",,u"," -173",",,u","  -71",",,u"
"UPM00033356","2006-03-11","50.217","31.8","128.0","YAHOTYN, UP","    0","B,,u",,,,,"   -2",",,u","   13",",,u"
"UPM00033356","2006-03-12","50.217","31.8","128.0","YAHOTYN, UP",,,,,"   20",",,u",,,"    5",",,u"
"UPM00033356","2006-03-13","50.217","31.8","128.0","YAHOTYN, UP","    2","B,,u",,,"   27",",,u","  -10",",,u","    4",",,u"
"UPM00033356","2006-03-14","50.217","31.8","128.0","YAHOTYN, UP",,,,,"    5",",,u","  -25",",,u","  -10",",,u"
"UPM00033356","2006-03-15","50.217","31.8","128.0","YAHOTYN, UP","    3","B,,u",,,"    5",",,u","   -8",",,u","   -1",",,u"
"UPM00033356","2006-03-16","50.217","31.8","128.0","YAHOTYN, UP","   10","B,,u",,,"   13",",,u","    4",",,u","   10",",,u"
"UPM00033356","2006-03-17","50.217","31.8","128.0","YAHOTYN, UP","   30","B,,u",,,"   20",",,u","    4",",,u","    8",",,u"
"UPM00033356","2006-03-18","50.217","31.8","128.0","YAHOTYN, UP","   20","B,,u",,,,,"    1",",,u","    4",",,u"
"UPM00033356","2006-03-19","50.217","31.8","128.0","YAHOTYN, UP",,,,,"   30",",,u",,,"   14",",,u"
"UPM00033356","2006-03-20","50.217","31.8","128.0","YAHOTYN, UP","    4","B,,u",,,"   30",",,u","    2",",,u","    9",",,u"
"UPM00033356","2006-03-21","50.217","31.8","128.0","YAHOTYN, UP",,,,,,,"  -50",",,u","  -33",",,u"
"UPM00033356","2006-03-22","50.217","31.8","128.0","YAHOTYN, UP",,,,,"   10",",,u",,,"   -1",",,u"
"UPM00033356","2006-03-23","50.217","31.8","128.0","YAHOTYN, UP","    4","B,,u",,,"   20",",,u","   -4",",,u","   -1",",,u"
"UPM00033356","2006-03-24","50.217","31.8","128.0","YAHOTYN, UP","    5","B,,u",,,"   27",",,u","  -51",",,u","  -36",",,u"
"UPM00033356","2006-03-25","50.217","31.8","128.0","YAHOTYN, UP",,,,,,,"  -87",",,u","  -46",",,u"
"UPM00033356","2006-03-26","50.217","31.8","128.0","YAHOTYN, UP",,,,,"   55",",,u",,,"   26",",,u"
"UPM00033356","2006-03-27","50.217","31.8","128.0","YAHOTYN, UP","    0","B,,u",,,,,"   15",",,u","   26",",,u"
"UPM00033356","2006-03-28","50.217","31.8","128.0","YAHOTYN, UP","    4","B,,u",,,,,"   28",",,u","   41",",,u"
"UPM00033356","2006-03-29","50.217","31.8","128.0","YAHOTYN, UP","   10","B,,u",,,"  135",",,u","   49",",,u","   67",",,u"
"UPM00033356","2006-03-30","50.217","31.8","128.0","YAHOTYN, UP","   40","B,,u",,,"   88",",,u","   42",",,u","   49",",,u"
"UPM00033356","2006-03-31","50.217","31.8","128.0","YAHOTYN, UP","   30","B,,u",,,"  110",",,u","   18",",,u","   38",",,u"
"UPM00033356","2006-04-01","50.217","31.8","128.0","YAHOTYN, UP","    3","B,,u",,,,,"   54",",,u","   65",",,u"
"UPM00033356","2006-04-02","50.217","31.8","128.0","YAHOTYN, UP",,,,,"  111",",,u",,,"   39",",,u"
"UPM00033356","2006-04-03","50.217","31.8","128.0","YAHOTYN, UP",,,,,"  145",",,u","   -6",",,u","   52",",,u"
"UPM00033356","2006-04-04","50.217","31.8","128.0","YAHOTYN, UP",,,,,,,"   13",",,u","   64",",,u"
"UPM00033356","2006-04-05","50.217","31.8","128.0","YAHOTYN, UP",,,,,"  140",",,u","   28",",,u","   62",",,u"
"UPM00033356","2006-04-06","50.217","31.8","128.0","YAHOTYN, UP","    8","B,,u",,,"  122",",,u","   25",",,u","   58",",,u"
"UPM00033356","2006-04-07","50.217","31.8","128.0","YAHOTYN, UP","   50","B,,u",,,"   32",",,u","   14",",,u","   31",",,u"
"UPM00033356","2006-04-08","50.217","31.8","128.0","YAHOTYN, UP","  110","B,,u",,,,,"   23",",,u","   26",",,u"
"UPM00033356","2006-04-09","50.217","31.8","128.0","YAHOTYN, UP",,,,,"  128",",,u",,,"   72",",,u"
"UPM00033356","2006-04-10","50.217","31.8","128.0","YAHOTYN, UP",,,,,"  163",",,u","   23",",,u","   80",",,u"
"UPM00033356","2006-04-11","50.217","31.8","128.0","YAHOTYN, UP",,,,,"  178",",,u","   43",",,u","   93",",,u"
"UPM00033356","2006-04-12","50.217","31.8","128.0","YAHOTYN, UP",,,,,"  152",",,u","   68",",,u","  105",",,u"
"UPM00033356","2006-04-13","50.217","31.8","128.0","YAHOTYN, UP","    3","B,,u",,,,,"   92",",,u","  100",",,u"
"UPM00033356","2006-04-14","50.217","31.8","128.0","YAHOTYN, UP",,,,,"   90",",,u",,,"   68",",,u"
"UPM00033356","2006-04-15","50.217","31.8","128.0","YAHOTYN, UP","   20","B,,u",,,,,"   55",",,u","   73",",,u"
"UPM00033356","2006-04-16","50.217","31.8","128.0","YAHOTYN, UP",,,,,,,"   24",",,u","   61",",,u"
"UPM00033356","2006-04-17","50.217","31.8","128.0","YAHOTYN, UP",,,,,"  147",",,u","   38",",,u","   86",",,u"
"UPM00033356","2006-04-18","50.217","31.8","128.0","YAHOTYN, UP","    3","B,,u",,,,,"   62",",,u","   75",",,u"
"UPM00033356","2006-04-19","50.217","31.8","128.0","YAHOTYN, UP",,,,,"  179",",,u","   28",",,u","  132",",,u"
"UPM00033356","2006-04-20","50.217","31.8","128.0","YAHOTYN, UP",,,,,,,"   58",",,u","   95",",,u"
"UPM00033356","2006-04-21","50.217","31.8","128.0","YAHOTYN, UP",,,,,"  208",",,u",,,"  140",",,u"
"UPM00033356","2006-04-22","50.217","31.8","128.0","YAHOTYN, UP","    0","B,,u",,,,,"   91",",,u","  108",",,u"
"UPM00033356","2006-04-25","50.217","31.8","128.0","YAHOTYN, UP",,,,,,,"   16",",,u","   86",",,u"
"UPM00033356","2006-04-26","50.217","31.8","128.0","YAHOTYN, UP",,,,,"  151",",,u","   14",",,u","   75",",,u"
"UPM00033356","2006-04-27","50.217","31.8","128.0","YAHOTYN, UP",,,,,"  160",",,u","   40",",,u","   85",",,u"
"UPM00033356","2006-04-28","50.217","31.8","128.0","YAHOTYN, UP",,,,,"  162",",,u","   14",",,u","   69",",,u"
"UPM00033356","2006-04-29","50.217","31.8","128.0","YAHOTYN, UP",,,,,,,"   34",",,u","   63",",,u"
"UPM00033356","2006-05-02","50.217","31.8","128.0","YAHOTYN, UP",,,,,"  163",",,u",,,"  122",",,u"
"UPM00033356","2006-05-03","50.217","31.8","128.0","YAHOTYN, UP",,,,,,,"   28",",,u","  114",",,u"
"UPM00033356","2006-05-04","50.217","31.8","128.0","YAHOTYN, UP",,,,,"  216",",,u","   58",",,u","  128",",,u"
"UPM00033356","2006-05-05","50.217","31.8","128.0","YAHOTYN, UP",,,,,"  183",",,u","   74",",,u","  127",",,u"
"UPM00033356","2006-05-06","50.217","31.8","128.0","YAHOTYN, UP",,,,,,,"  126",",,u","  133",",,u"
"UPM00033356","2006-05-07","50.217","31.8","128.0","YAHOTYN, UP",,,,,"  151",",,u",,,"  140",",,u"
"UPM00033356","2006-05-08","50.217","31.8","128.0","YAHOTYN, UP","   10","B,,u",,,,,"   96",",,u","  120",",,u"
"UPM00033356","2006-05-09","50.217","31.8","128.0","YAHOTYN, UP",,,,,"  112",",,u",,,"   70",",,u"
"UPM00033356","2006-05-10","50.217","31.8","128.0","YAHOTYN, UP","   50","B,,u",,,"  102",",,u","   62",",,u","   76",",,u"
"UPM00033356","2006-05-11","50.217","31.8","128.0","YAHOTYN, UP",,,,,"  174",",,u","   75",",,u","  123",",,u"
"UPM00033356","2006-05-12","50.217","31.8","128.0","YAHOTYN, UP",,,,,"  205",",,u","   58",",,u","  107",",,u"
"UPM00033356","2006-05-13","50.217","31.8","128.0","YAHOTYN, UP",,,,,,,"   53",",,u","   94",",,u"
"UPM00033356","2006-05-15","50.217","31.8","128.0","YAHOTYN, UP",,,,,"  217",",,u","  103",",,u","  141",",,u"
"UPM00033356","2006-05-16","50.217","31.8","128.0","YAHOTYN, UP",,,,,,,"   58",",,u","   91",",,u"
"UPM00033356","2006-05-17","50.217","31.8","128.0","YAHOTYN, UP","   30","B,,u",,,,,"   98",",,u","  121",",,u"
"UPM00033356","2006-05-18","50.217","31.8","128.0","YAHOTYN, UP",,,,,"  176",",,u","  100",",,u","  130",",,u"
"UPM00033356","2006-05-19","50.217","31.8","128.0","YAHOTYN, UP",,,,,,,"   63",",,u","  121",",,u"
"UPM00033356","2006-05-20","50.217","31.8","128.0","YAHOTYN, UP","   20","B,,u",,,,,"  104",",,u","  151",",,u"
"UPM00033356","2006-05-21","50.217","31.8","128.0","YAHOTYN, UP",,,,,"  226",",,u",,,"  180",",,u"
"UPM00033356","2006-05-22","50.217","31.8","128.0","YAHOTYN, UP",,,,,"  235",",,u","  103",",,u","  158",",,u"
"UPM00033356","2006-05-23","50.217","31.8","128.0","YAHOTYN, UP",,,,,"  295",",,u","  138",",,u","  181",",,u"
"UPM00033356","2006-05-24","50.217","31.8","128.0","YAHOTYN, UP","   20","B,,u",,,,,"  157",",I,u","  179",",,u"
"UPM00033356","2006-05-25","50.217","31.8","128.0","YAHOTYN, UP","  310","B,,u",,,"  142",",I,u","  123",",,u","  133",",,u"
"UPM00033356","2006-05-26","50.217","31.8","128.0","YAHOTYN, UP","    4","B,,u",,,"  203",",,u","   73",",,u","  131",",,u"
"UPM00033356","2006-05-27","50.217","31.8","128.0","YAHOTYN, UP","   20","B,,u",,,,,"  100",",,u","  116",",,u"
"UPM00033356","2006-05-29","50.217","31.8","128.0","YAHOTYN, UP","   30","B,,u",,,"  158",",,u","  108",",,u","  124",",,u"
"UPM00033356","2006-05-30","50.217","31.8","128.0","YAHOTYN, UP",,,,,"  146",",,u","   71",",,u","  108",",,u"
"UPM00033356","2006-05-31","50.217","31.8","128.0","YAHOTYN, UP","  180","B,,u",,,"  250",",,u","  110",",,u","  146",",,u"
"UPM00033356","2006-06-01","50.217","31.8","128.0","YAHOTYN, UP",,,,,"  202",",,u","   88",",,u","  129",",,u"
"UPM00033356","2006-06-02","50.217","31.8","128.0","YAHOTYN, UP",,,,,"  172",",,u","   88",",,u","  133",",,u"
"UPM00033356","2006-06-03","50.217","31.8","128.0","YAHOTYN, UP","   60","B,,u",,,,,"  130",",,u","  138",",,u"
"UPM00033356","2006-06-05","50.217","31.8","128.0","YAHOTYN, UP",,,,,"  188",",,u","  168",",,u","  145",",,u"
"UPM00033356","2006-06-06","50.217","31.8","128.0","YAHOTYN, UP",,,,,"  178",",,u","   92",",,u","  123",",,u"
"UPM00033356","2006-06-07","50.217","31.8","128.0","YAHOTYN, UP",,,,,"   88",",I,u","   90",",I,u","  147",",,u"
"UPM00033356","2006-06-08","50.217","31.8","128.0","YAHOTYN, UP",,,,,"  210",",,u",,,"  143",",,u"
"UPM00033356","2006-06-09","50.217","31.8","128.0","YAHOTYN, UP",,,,,"  205",",,u","  108",",,u","  142",",,u"
"UPM00033356","2006-06-10","50.217","31.8","128.0","YAHOTYN, UP",,,,,,,"   93",",,u","  152",",,u"
"UPM00033356","2006-06-12","50.217","31.8","128.0","YAHOTYN, UP",,,,,"  136",",,u",,,"  127",",,u"
"UPM00033356","2006-06-13","50.217","31.8","128.0","YAHOTYN, UP","  140","B,,u",,,"  169",",,u","  106",",,u","  122",",,u"
"UPM00033356","2006-06-14","50.217","31.8","128.0","YAHOTYN, UP","   51","B,,u",,,"  160",",,u","   98",",,u","  130",",,u"
"UPM00033356","2006-06-15","50.217","31.8","128.0","YAHOTYN, UP","  290","B,,u",,,"  191",",,u","  144",",,u","  159",",,u"
"UPM00033356","2006-06-16","50.217","31.8","128.0","YAHOTYN, UP",,,,,,,"   98",",,u","  136",",,u"
"UPM00033356","2006-06-17","50.217","31.8","128.0","YAHOTYN, UP",,,,,,,"  120",",,u","  139",",,u"
"UPM00033356","2006-06-18","50.217","31.8","128.0","YAHOTYN, UP",,,,,"  255",",,u","  148",",,u","  202",",,u"
"UPM00033356","2006-06-19","50.217","31.8","128.0","YAHOTYN, UP",,,,,"  263",",,u","  130",",,u","  183",",,u"
"UPM00033356","2006-06-20","50.217","31.8","128.0","YAHOTYN, UP","   20","B,,u",,,"  239",",,u","  160",",,u","  198",",,u"
"UPM00033356","2006-06-21","50.217","31.8","128.0","YAHOTYN, UP","   60","B,,u",,,,,"  168",",,u","  179",",,u"
"UPM00033356","2006-06-22","50.217","31.8","128.0","YAHOTYN, UP",,,,,"  280",",,u","  157",",,u","  213",",,u"
"UPM00033356","2006-06-23","50.217","31.8","128.0","YAHOTYN, UP",,,,,"  291",",,u","  169",",,u","  214",",,u"
"UPM00033356","2006-06-24","50.217","31.8","128.0","YAHOTYN, UP","   60","B,,u",,,,,"  137",",,u","  213",",,u"
"UPM00033356","2006-06-25","50.217","31.8","128.0","YAHOTYN, UP",,,,,,,,,"  290",",,u"
"UPM00033356","2006-06-26","50.217","31.8","128.0","YAHOTYN, UP",,,,,"  274",",,u","  193",",,u","  220",",,u"
"UPM00033356","2006-06-27","50.217","31.8","128.0","YAHOTYN, UP",,,,,,,"  180",",,u","  218",",,u"
"UPM00033356","2006-06-29","50.217","31.8","128.0","YAHOTYN, UP",,,,,,,"  191",",,u","  230",",,u"
"UPM00033356","2006-06-30","50.217","31.8","128.0","YAHOTYN, UP",,,,,"  265",",,u","  184",",,u","  207",",,u"
"UPM00033356","2006-07-01","50.217","31.8","128.0","YAHOTYN, UP",,,,,,,,,"  158",",,u"
"UPM00033356","2006-07-02","50.217","31.8","128.0","YAHOTYN, UP",,,,,"  113",",,u",,,"  162",",,u"
"UPM00033356","2006-07-03","50.217","31.8","128.0","YAHOTYN, UP",,,,,,,,,"  160",",,u"
"UPM00033356","2006-07-04","50.217","31.8","128.0","YAHOTYN, UP",,,,,,,"  148",",,u","  187",",,u"
"UPM00033356","2006-07-05","50.217","31.8","128.0","YAHOTYN, UP",,,,,,,"  134",",,u","  160",",,u"
"UPM00033356","2006-07-06","50.217","31.8","128.0","YAHOTYN, UP",,,,,,,"  138",",,u","  212",",,u"
"UPM00033356","2006-07-07","50.217","31.8","128.0","YAHOTYN, UP",,,,,"  291",",,u","  148",",,u","  254",",,u"
"UPM00033356","2006-07-08","50.217","31.8","128.0","YAHOTYN, UP",,,,,,,"  163",",,u","  191",",,u"
"UPM00033356","2006-07-10","50.217","31.8","128.0","YAHOTYN, UP",,,,,,,"  128",",,u","  245",",,u"
"UPM00033356","2006-07-11","50.217","31.8","128.0","YAHOTYN, UP",,,,,,,"  158",",,u","  254",",,u"
"UPM00033356","2006-07-12","50.217","31.8","128.0","YAHOTYN, UP",,,,,,,,,"  276",",,u"
"UPM00033356","2006-07-13","50.217","31.8","128.0","YAHOTYN, UP",,,,,"  306",",,u","  163",",,u","  242",",,u"
"UPM00033356","2006-07-14","50.217","31.8","128.0","YAHOTYN, UP",,,,,"  298",",,u","  163",",,u","  202",",,u"
"UPM00033356","2006-07-15","50.217","31.8","128.0","YAHOTYN, UP",,,,,,,"  164",",,u","  190",",,u"
"UPM00033356","2006-07-16","50.217","31.8","128.0","YAHOTYN, UP",,,,,"  230",",,u",,,"  199",",,u"
"UPM00033356","2006-07-17","50.217","31.8","128.0","YAHOTYN, UP",,,,,"  252",",,u","  133",",,u","  185",",,u"
"UPM00033356","2006-07-18","50.217","31.8","128.0","YAHOTYN, UP",,,,,"  242",",,u","  138",",,u","  166",",,u"
"UPM00033356","2006-07-19","50.217","31.8","128.0","YAHOTYN, UP","    9","B,,u",,,"  248",",,u","  167",",,u","  187",",,u"
"UPM00033356","2006-07-20","50.217","31.8","128.0","YAHOTYN, UP",,,,,"  230",",,u","  133",",,u","  163",",,u"
"UPM00033356","2006-07-21","50.217","31.8","128.0","YAHOTYN, UP",,,,,,,"  102",",,u","  139",",,u"
"UPM00033356","2006-07-23","50.217","31.8","128.0","YAHOTYN, UP",,,,,,,,,"  206",",,u"
"UPM00033356","2006-07-24","50.217","31.8","128.0","YAHOTYN, UP",,,,,"  260",",,u","  146",",,u","  208",",,u"
"UPM00033356","2006-07-25","50.217","31.8","128.0","YAHOTYN, UP",,,,,"  276",",,u","  138",",,u","  215",",,u"
"UPM00033356","2006-07-26","50.217","31.8","128.0","YAHOTYN, UP",,,,,"  276",",,u","  168",",,u","  206",",,u"
"UPM00033356","2006-07-27","50.217","31.8","128.0","YAHOTYN, UP",,,,,"  290",",,u","  166",",,u","  227",",,u"
"UPM00033356","2006-07-28","50.217","31.8","128.0","YAHOTYN, UP",,,,,"  210",",,u","  140",",,u","  159",",,u"
"UPM00033356","2006-07-29","50.217","31.8","128.0","YAHOTYN, UP",,,,,,,"   78",",,u","  113",",,u"
"UPM00033356","2006-07-31","50.217","31.8","128.0","YAHOTYN, UP","  150","B,,u",,,"  221",",,u","  169",",,u","  185",",,u"
"UPM00033356","2006-08-01","50.217","31.8","128.0","YAHOTYN, UP","   70","B,,u",,,"  235",",,u","  158",",,u","  183",",,u"
"UPM00033356","2006-08-02","50.217","31.8","128.0","YAHOTYN, UP",,,,,"  236",",,u","  116",",,u","  153",",,u"
"UPM00033356","2006-08-03","50.217","31.8","128.0","YAHOTYN, UP","    5","B,,u",,,"  266",",,u","  168",",,u","  212",",,u"
"UPM00033356","2006-08-04","50.217","31.8","128.0","YAHOTYN, UP",,,,,"  303",",,u","  174",",,u","  229",",,u"
"UPM00033356","2006-08-05","50.217","31.8","128.0","YAHOTYN, UP",,,,,,,"  183",",,u","  214",",,u"
"UPM00033356","2006-08-06","50.217","31.8","128.0","YAHOTYN, UP",,,,,"  292",",,u",,,"  222",",,u"
"UPM00033356","2006-08-07","50.217","31.8","128.0","YAHOTYN, UP",,,,,"  266",",,u","  148",",,u","  209",",,u"
"UPM00033356","2006-08-08","50.217","31.8","128.0","YAHOTYN, UP","  215","B,,u",,,,,"  163",",,u","  195",",,u"
"UPM00033356","2006-08-09","50.217","31.8","128.0","YAHOTYN, UP",,,,,"  175",",,u","  155",",,u","  167",",,u"
"UPM00033356","2006-08-10","50.217","31.8","128.0","YAHOTYN, UP","    3","B,,u",,,"  231",",,u","  158",",,u","  180",",,u"
"UPM00033356","2006-08-11","50.217","31.8","128.0","YAHOTYN, UP","   10","B,,u",,,"  250",",,u","  138",",,u","  191",",,u"
"UPM00033356","2006-08-12","50.217","31.8","128.0","YAHOTYN, UP","   23","B,,u",,,,,"  170",",,u","  184",",,u"
"UPM00033356","2006-08-13","50.217","31.8","128.0","YAHOTYN, UP",,,,,"  270",",,u",,,"  230",",,u"
"UPM00033356","2006-08-14","50.217","31.8","128.0","YAHOTYN, UP",,,,,"  295",",,u","  148",",,u","  219",",,u"
"UPM00033356","2006-08-15","50.217","31.8","128.0","YAHOTYN, UP",,,,,"  270",",,u","  175",",,u","  197",",,u"
"UPM00033356","2006-08-16","50.217","31.8","128.0","YAHOTYN, UP",,,,,"  264",",,u","  128",",,u","  166",",,u"
"UPM00033356","2006-08-17","50.217","31.8","128.0","YAHOTYN, UP",,,,,"  280",",,u",,,"  170",",,u"
"UPM00033356","2006-08-18","50.217","31.8","128.0","YAHOTYN, UP",,,,,"  304",",,u","  139",",,u","  228",",,u"
"UPM00033356","2006-08-19","50.217","31.8","128.0","YAHOTYN, UP",,,,,,,"  188",",,u","  208",",,u"
"UPM00033356","2006-08-20","50.217","31.8","128.0","YAHOTYN, UP",,,,,"  275",",,u",,,"  197",",,u"
"UPM00033356","2006-08-21","50.217","31.8","128.0","YAHOTYN, UP","   20","B,,u",,,"  251",",,u","  166",",,u","  209",",,u"
"UPM00033356","2006-08-22","50.217","31.8","128.0","YAHOTYN, UP",,,,,"  220",",,u","  153",",,u","  164",",,u"
"UPM00033356","2006-08-23","50.217","31.8","128.0","YAHOTYN, UP","   20","B,,u",,,,,"  138",",,u","  157",",,u"
"UPM00033356","2006-08-24","50.217","31.8","128.0","YAHOTYN, UP",,,,,"  230",",,u",,,"  187",",,u"
"UPM00033356","2006-08-25","50.217","31.8","128.0","YAHOTYN, UP",,,,,,,"  136",",,u","  175",",,u"
"UPM00033356","2006-08-27","50.217","31.8","128.0","YAHOTYN, UP",,,,,"  296",",,u",,,"  198",",,u"
"UPM00033356","2006-08-28","50.217","31.8","128.0","YAHOTYN, UP","   33","B,,u",,,"  246",",,u","  167",",,u","  169",",,u"
"UPM00033356","2006-08-29","50.217","31.8","128.0","YAHOTYN, UP",,,,,"  205",",,u","  125",",,u","  164",",,u"
"UPM00033356","2006-08-30","50.217","31.8","128.0","YAHOTYN, UP","   50","B,,u",,,"  182",",,u","  130",",,u","  144",",,u"
"UPM00033356","2006-08-31","50.217","31.8","128.0","YAHOTYN, UP","    4","B,,u",,,"  202",",,u","  113",",,u","  140",",,u"
"UPM00033356","2006-09-01","50.217","31.8","128.0","YAHOTYN, UP","   30","B,,u",,,"  169",",,u","  128",",,u","  149",",,u"
"UPM00033356","2006-09-02","50.217","31.8","128.0","YAHOTYN, UP",,,,,,,"  152",",,u","  156",",,u"
"UPM00033356","2006-09-03","50.217","31.8","128.0","YAHOTYN, UP",,,,,"  183",",,u",,,"  173",",,u"
"UPM00033356","2006-09-04","50.217","31.8","128.0","YAHOTYN, UP","   40","B,,u",,,"  206",",,u","  134",",,u","  156",",,u"
"UPM00033356","2006-09-05","50.217","31.8","128.0","YAHOTYN, UP","  100","B,,u",,,,,"  128",",,u","  144",",,u"
"UPM00033356","2006-09-06","50.217","31.8","128.0","YAHOTYN, UP","    7","B,,u",,,,,"  116",",,u","  138",",,u"
"UPM00033356","2006-09-07","50.217","31.8","128.0","YAHOTYN, UP","    0","B,,u",,,,,"  123",",,u","  151",",,u"
"UPM00033356","2006-09-08","50.217","31.8","128.0","YAHOTYN, UP",,,,,,,"   98",",,u","  145",",,u"
"UPM00033356","2006-09-11","50.217","31.8","128.0","YAHOTYN, UP",,,,,"  211",",,u","   97",",,u","  152",",,u"
"UPM00033356","2006-09-12","50.217","31.8","128.0","YAHOTYN, UP",,,,,"  206",",,u","   80",",,u","  127",",,u"
"UPM00033356","2006-09-13","50.217","31.8","128.0","YAHOTYN, UP",,,,,"  211",",,u","   65",",,u","  143",",,u"
"UPM00033356","2006-09-14","50.217","31.8","128.0","YAHOTYN, UP",,,,,,,"   86",",,u","  168",",,u"
"UPM00033356","2006-09-15","50.217","31.8","128.0","YAHOTYN, UP",,,,,"  232",",,u","   83",",,u","  184",",,u"
"UPM00033356","2006-09-16","50.217","31.8","128.0","YAHOTYN, UP",,,,,,,"   63",",,u","   89",",,u"
"UPM00033356","2006-09-17","50.217","31.8","128.0","YAHOTYN, UP",,,,,"  194",",,u",,,"  110",",,u"
"UPM00033356","2006-09-18","50.217","31.8","128.0","YAHOTYN, UP",,,,,,,"   33",",,u","   99",",,u"
"UPM00033356","2006-09-19","50.217","31.8","128.0","YAHOTYN, UP",,,,,,,"   60",",,u","  128",",,u"
"UPM00033356","2006-09-20","50.217","31.8","128.0","YAHOTYN, UP",,,,,"  235",",,u",,,"  121",",,u"
"UPM00033356","2006-09-21","50.217","31.8","128.0","YAHOTYN, UP","   10","B,,u",,,,,"   86",",,u","  149",",,u"
"UPM00033356","2006-09-22","50.217","31.8","128.0","YAHOTYN, UP",,,,,"  230",",,u","  112",",,u","  171",",,u"
"UPM00033356","2006-09-23","50.217","31.8","128.0","YAHOTYN, UP",,,,,,,"  113",",,u","  137",",,u"
"UPM00033356","2006-09-25","50.217","31.8","128.0","YAHOTYN, UP",,,,,,,"  102",",,u","  144",",,u"
"UPM00033356","2006-09-26","50.217","31.8","128.0","YAHOTYN, UP",,,,,,,"   93",",,u","  140",",,u"
"UPM00033356","2006-09-27","50.217","31.8","128.0","YAHOTYN, UP",,,,,"  205",",,u","   98",",,u","  140",",,u"
"UPM00033356","2006-09-28","50.217","31.8","128.0","YAHOTYN, UP",,,,,,,"   77",",,u","  117",",,u"
"UPM00033356","2006-09-29","50.217","31.8","128.0","YAHOTYN, UP","  250","B,,u",,,"  168",",,u","  146",",,u","  153",",,u"
"UPM00033356","2006-09-30","50.217","31.8","128.0","YAHOTYN, UP","    3","B,,u",,,,,"  134",",,u","  137",",,u"
"UPM00033356","2006-10-02","50.217","31.8","128.0","YAHOTYN, UP",,,,,,,"   73",",,u","  120",",,u"
"UPM00033356","2006-10-03","50.217","31.8","128.0","YAHOTYN, UP","    3","B,,u",,,,,"  136",",,u","  152",",,u"
"UPM00033356","2006-10-04","50.217","31.8","128.0","YAHOTYN, UP",,,,,"  217",",,u","  133",",,u","  173",",,u"
"UPM00033356","2006-10-05","50.217","31.8","128.0","YAHOTYN, UP",,,,,"  223",",,u","  132",",,u","  169",",,u"
"UPM00033356","2006-10-06","50.217","31.8","128.0","YAHOTYN, UP","   50","B,,u",,,"  170",",,u","  134",",,u","  144",",,u"
"UPM00033356","2006-10-07","50.217","31.8","128.0","YAHOTYN, UP",,,,,,,"   83",",,u","  100",",,u"
"UPM00033356","2006-10-08","50.217","31.8","128.0","YAHOTYN, UP",,,,,"  175",",,u",,,"  105",",,u"
"UPM00033356","2006-10-09","50.217","31.8","128.0","YAHOTYN, UP",,,,,"  136",",,u","   95",",,u","  108",",,u"
"UPM00033356","2006-10-10","50.217","31.8","128.0","YAHOTYN, UP",,,,,"  166",",,u","   58",",,u","  100",",,u"
"UPM00033356","2006-10-11","50.217","31.8","128.0","YAHOTYN, UP",,,,,"   98",",,u","   63",",,u","   74",",,u"
"UPM00033356","2006-10-12","50.217","31.8","128.0","YAHOTYN, UP","    0","B,,u",,,"  145",",,u","   58",",,u","   85",",,u"
"UPM00033356","2006-10-13","50.217","31.8","128.0","YAHOTYN, UP",,,,,"  151",",,u","   13",",,u","   55",",,u"
"UPM00033356","2006-10-14","50.217","31.8","128.0","YAHOTYN, UP",,,,,,,"   48",",,u","   78",",,u"
"UPM00033356","2006-10-15","50.217","31.8","128.0","YAHOTYN, UP",,,,,"   90",",,u",,,"   71",",,u"
"UPM00033356","2006-10-16","50.217","31.8","128.0","YAHOTYN, UP","   20","B,,u",,,"   36",",,u","   35",",,u","   35",",,u"
"UPM00033356","2006-10-17","50.217","31.8","128.0","YAHOTYN, UP","   20","B,,u",,,,,"  -10",",,u","    1",",,u"
"UPM00033356","2006-10-18","50.217","31.8","128.0","YAHOTYN, UP",,,,,"   72",",,u","  -24",",,u","    2",",,u"
"UPM00033356","2006-10-19","50.217","31.8","128.0","YAHOTYN, UP",,,,,,,"  -29",",,u","   11",",,u"
"UPM00033356","2006-10-20","50.217","31.8","128.0","YAHOTYN, UP",,,,,"  119",",,u","   13",",,u","   47",",,u"
"UPM00033356","2006-10-21","50.217","31.8","128.0","YAHOTYN, UP",,,,,,,,,"   71",",,u"
"UPM00033356","2006-10-23","50.217","31.8","128.0","YAHOTYN, UP",,,,,,,"   83",",,u","   98",",,u"
"UPM00033356","2006-10-24","50.217","31.8","128.0","YAHOTYN, UP","    3","B,,u",,,,,"   98",",,u","  102",",,u"
"UPM00033356","2006-10-25","50.217","31.8","128.0","YAHOTYN, UP",,,,,"  142",",,u","  107",",,u","  126",",,u"
"UPM00033356","2006-10-26","50.217","31.8","128.0","YAHOTYN, UP",,,,,"  110",",,u",,,"   96",",,u"
"UPM00033356","2006-10-27","50.217","31.8","128.0","YAHOTYN, UP",,,,,"  136",",,u","    3",",,u","   47",",,u"
"UPM00033356","2006-10-28","50.217","31.8","128.0","YAHOTYN, UP",,,,,,,"   73",",,u","   88",",,u"
"UPM00033356","2006-10-29","50.217","31.8","128.0","YAHOTYN, UP",,,,,"  100",",,u",,,"   85",",,u"
"UPM00033356","2006-10-30","50.217","31.8","128.0","YAHOTYN, UP","   70","B,,u",,,,,"   66",",,u","   69",",,u"
"UPM00033356","2006-10-31","50.217","31.8","128.0","YAHOTYN, UP","    0","B,,u",,,,,"   -8",",,u","   -2",",,u"
"UPM00033356","2006-11-01","50.217","31.8","128.0","YAHOTYN, UP",,,,,"   27",",,u","  -22",",,u","    7",",,u"
"UPM00033356","2006-11-02","50.217","31.8","128.0","YAHOTYN, UP","   20","B,,u",,,"   70",",,u","   10",",,u","   38",",,u"
"UPM00033356","2006-11-03","50.217","31.8","128.0","YAHOTYN, UP",,,,,"   30",",,u","  -17",",,u","  -10",",,u"
"UPM00033356","2006-11-04","50.217","31.8","128.0","YAHOTYN, UP",,,,,,,"  -54",",,u","  -44",",,u"
"UPM00033356","2006-11-06","50.217","31.8","128.0","YAHOTYN, UP","   30","B,,u",,,,,"  -47",",,u","  -34",",,u"
"UPM00033356","2006-11-07","50.217","31.8","128.0","YAHOTYN, UP","   30","B,,u",,,,,"  -76",",,u","  -54",",,u"
"UPM00033356","2006-11-08","50.217","31.8","128.0","YAHOTYN, UP","    3","B,,u",,,,,"   14",",,u","   43",",,u"
"UPM00033356","2006-11-09","50.217","31.8","128.0","YAHOTYN, UP",,,,,,,"   18",",,u","   59",",,u"
"UPM00033356","2006-11-10","50.217","31.8","128.0","YAHOTYN, UP",,,,,"   51",",,u",,,"   28",",,u"
"UPM00033356","2006-11-11","50.217","31.8","128.0","YAHOTYN, UP","    0","B,,u",,,,,"    1",",,u","   11",",,u"
"UPM00033356","2006-11-12","50.217","31.8","128.0","YAHOTYN, UP",,,,,"   31",",,u",,,"   25",",,u"
"UPM00033356","2006-11-13","50.217","31.8","128.0","YAHOTYN, UP",,,,,,,"   15",",,u","   26",",,u"
"UPM00033356","2006-11-14","50.217","31.8","128.0","YAHOTYN, UP",,,,,,,"  -21",",,u","   12",",,u"
"UPM00033356","2006-11-15","50.217","31.8","128.0","YAHOTYN, UP","   30","B,,u",,,"   81",",,u","   -2",",,u","   50",",,u"
"UPM00033356","2006-11-16","50.217","31.8","128.0","YAHOTYN, UP",,,,,"  112",",,u","   43",",,u","   84",",,u"
"UPM00033356","2006-11-17","50.217","31.8","128.0","YAHOTYN, UP","    3","B,,u",,,"   95",",,u","   82",",,u","   74",",,u"
"UPM00033356","2006-11-18","50.217","31.8","128.0","YAHOTYN, UP",,,,,,,"  -36",",,u","  -24",",,u"
"UPM00033356","2006-11-20","50.217","31.8","128.0","YAHOTYN, UP",,,,,,,,,"   20",",,u"
"UPM00033356","2006-11-21","50.217","31.8","128.0","YAHOTYN, UP",,,,,"   23",",,u","   17",",,u","   19",",,u"
"UPM00033356","2006-11-22","50.217","31.8","128.0","YAHOTYN, UP",,,,,"   30",",,u","    2",",,u","    7",",,u"
"UPM00033356","2006-11-23","50.217","31.8","128.0","YAHOTYN, UP","   10","B,,u",,,"   52",",,u","    5",",,u","   32",",,u"
"UPM00033356","2006-11-24","50.217","31.8","128.0","YAHOTYN, UP","   30","B,,u",,,,,"   44",",,u","   58",",,u"
"UPM00033356","2006-11-25","50.217","31.8","128.0","YAHOTYN, UP",,,,,,,,,"   87",",,u"
"UPM00033356","2006-11-26","50.217","31.8","128.0","YAHOTYN, UP",,,,,,,,,"   75",",,u"
"UPM00033356","2006-11-27","50.217","31.8","128.0","YAHOTYN, UP","    3","B,,u",,,"   69",",,u","   57",",,u","   63",",,u"
"UPM00033356","2006-11-28","50.217","31.8","128.0","YAHOTYN, UP","    0","B,,u",,,"   68",",,u","   40",",I,u","   46",",,u"
"UPM00033356","2006-11-29","50.217","31.8","128.0","YAHOTYN, UP","    4","B,,u",,,"   20",",I,u","   10",",,u","   18",",,u"
"UPM00033356","2006-11-30","50.217","31.8","128.0","YAHOTYN, UP","    0","B,,u",,,"   51",",,u","   16",",,u","   32",",,u"
"UPM00033356","2006-12-01","50.217","31.8","128.0","YAHOTYN, UP","    0","B,,u",,,,,"   48",",,u","   58",",,u"
"UPM00033356","2006-12-02","50.217","31.8","128.0","YAHOTYN, UP",,,,,,,,,"   49",",,u"
"UPM00033356","2006-12-03","50.217","31.8","128.0","YAHOTYN, UP",,,,,"   10",",,u",,,"   -2",",,u"
"UPM00033356","2006-12-04","50.217","31.8","128.0","YAHOTYN, UP","    0","B,,u",,,,,"  -16",",,u","  -11",",,u"
"UPM00033356","2006-12-05","50.217","31.8","128.0","YAHOTYN, UP","    0","B,,u",,,"   10",",,u","   -8",",,u","   -4",",,u"
"UPM00033356","2006-12-06","50.217","31.8","128.0","YAHOTYN, UP",,,,,"   76",",,u","  -12",",,u","   26",",,u"
"UPM00033356","2006-12-07","50.217","31.8","128.0","YAHOTYN, UP",,,,,"   58",",,u","    0",",,u","   43",",,u"
"UPM00033356","2006-12-08","50.217","31.8","128.0","YAHOTYN, UP",,,,,"   75",",,u","   54",",,u","   66",",,u"
"UPM00033356","2006-12-09","50.217","31.8","128.0","YAHOTYN, UP",,,,,,,"   51",",,u","   56",",,u"
"UPM00033356","2006-12-10","50.217","31.8","128.0","YAHOTYN, UP",,,,,"   53",",,u",,,"   46",",,u"
"UPM00033356","2006-12-11","50.217","31.8","128.0","YAHOTYN, UP","    0","B,,u",,,,,"   44",",,u","   54",",,u"
"UPM00033356","2006-12-12","50.217","31.8","128.0","YAHOTYN, UP",,,,,"   86",",,u","   41",",,u","   49",",,u"
"UPM00033356","2006-12-13","50.217","31.8","128.0","YAHOTYN, UP","    7","B,,u",,,,,"   32",",,u","   37",",,u"
"UPM00033356","2006-12-14","50.217","31.8","128.0","YAHOTYN, UP","    4","B,,u",,,"   56",",,u","   18",",,u","   30",",,u"
"UPM00033356","2006-12-15","50.217","31.8","128.0","YAHOTYN, UP","    7","B,,u",,,"   70",",,u","   27",",,u","   56",",,u"
"UPM00033356","2006-12-16","50.217","31.8","128.0","YAHOTYN, UP","    3","B,,u",,,,,"   18",",,u","   37",",,u"
"UPM00033356","2006-12-17","50.217","31.8","128.0","YAHOTYN, UP",,,,,"   70",",,u",,,"   36",",,u"
"UPM00033356","2006-12-18","50.217","31.8","128.0","YAHOTYN, UP",,,,,"   46",",,u","    7",",,u","   17",",,u"
"UPM00033356","2006-12-19","50.217","31.8","128.0","YAHOTYN, UP","    0","B,,u",,,"   16",",,u","  -13",",,u","   -4",",,u"
"UPM00033356","2006-12-20","50.217","31.8","128.0","YAHOTYN, UP",,,,,"    5",",,u",,,"  -23",",,u"
"UPM00033356","2006-12-21","50.217","31.8","128.0","YAHOTYN, UP",,,,,"    7",",,u","  -64",",,u","  -29",",,u"
"UPM00033356","2006-12-22","50.217","31.8","128.0","YAHOTYN, UP",,,,,"   20",",,u","   -1",",,u","   12",",,u"
"UPM00033356","2006-12-23","50.217","31.8","128.0","YAHOTYN, UP","    1","B,,u",,,,,"   17",",,u","   28",",,u"
"UPM00033356","2006-12-24","50.217","31.8","128.0","YAHOTYN, UP",,,,,,,,,"   16",",,u"
"UPM00033356","2006-12-25","50.217","31.8","128.0","YAHOTYN, UP",,,,,"   25",",,u","   25",",I,u","    5",",,u"
"UPM00033356","2006-12-26","50.217","31.8","128.0","YAHOTYN, UP",,,,,"  -51",",I,u","  -66",",,u","  -64",",,u"
"UPM00033356","2006-12-27","50.217","31.8","128.0","YAHOTYN, UP","    1","B,,u",,,,,"  -85",",,u","  -34",",,u"
"UPM00033356","2006-12-28","50.217","31.8","128.0","YAHOTYN, UP","   20","B,,u",,,"    9",",,u","    7",",,u","    6",",,u"
"UPM00033356","2006-12-29","50.217","31.8","128.0","YAHOTYN, UP","    0","B,,u",,,"   20",",,u","   -1",",,u","    0",",,u"
"UPM00033356","2006-12-30","50.217","31.8","128.0","YAHOTYN, UP","    0","B,,u",,,"   23",",,u","  -52",",,u","   -7",",,u"
"UPM00033356","2006-12-31","50.217","31.8","128.0","YAHOTYN, UP",,,,,,,,,"   -4",",,u"
"UPM00033356","2007-01-02","50.217","31.8","128.0","YAHOTYN, UP",,,,,,,,,"   46",",,u"
"UPM00033356","2007-01-03","50.217","31.8","128.0","YAHOTYN, UP",,,,,"   26",",,u","  -12",",,u","   -2",",,u"
"UPM00033356","2007-01-04","50.217","31.8","128.0","YAHOTYN, UP",,,,,"   24",",,u","  -16",",,u","   -2",",,u"
"UPM00033356","2007-01-05","50.217","31.8","128.0","YAHOTYN, UP",,,,,"   36",",,u","  -16",",,u","   -5",",,u"
"UPM00033356","2007-01-06","50.217","31.8","128.0","YAHOTYN, UP","    0","B,,u",,,,,"   12",",,u","   15",",,u"
"UPM00033356","2007-01-09","50.217","31.8","128.0","YAHOTYN, UP",,,,,,,"   12",",,u","   24",",,u"
"UPM00033356","2007-01-10","50.217","31.8","128.0","YAHOTYN, UP","    0","B,,u",,,"   65",",,u","    3",",,u","   34",",,u"
"UPM00033356","2007-01-11","50.217","31.8","128.0","YAHOTYN, UP",,,,,"   75",",,u","   43",",,u","   54",",,u"
"UPM00033356","2007-01-12","50.217","31.8","128.0","YAHOTYN, UP","   30","B,,u",,,"   67",",,u","   33",",,u","   46",",,u"
"UPM00033356","2007-01-13","50.217","31.8","128.0","YAHOTYN, UP","   23","B,,u",,,,,"   30",",,u","   43",",,u"
"UPM00033356","2007-01-14","50.217","31.8","128.0","YAHOTYN, UP",,,,,"   61",",,u",,,"   60",",,u"
"UPM00033356","2007-01-15","50.217","31.8","128.0","YAHOTYN, UP","    0","B,,u",,,"   54",",,u","   30",",,u","   39",",,u"
"UPM00033356","2007-01-16","50.217","31.8","128.0","YAHOTYN, UP","   10","B,,u",,,"   45",",,u","   27",",,u","   30",",,u"
"UPM00033356","2007-01-17","50.217","31.8","128.0","YAHOTYN, UP",,,,,,,"  -11",",,u","   15",",,u"
"UPM00033356","2007-01-18","50.217","31.8","128.0","YAHOTYN, UP","    5","B,,u",,,,,"   24",",,u","   38",",,u"
"UPM00033356","2007-01-19","50.217","31.8","128.0","YAHOTYN, UP","   60","B,,u",,,"  100",",,u","   53",",,u","   64",",,u"
"UPM00033356","2007-01-20","50.217","31.8","128.0","YAHOTYN, UP","    4","B,,u",,,,,"   11",",,u","   19",",,u"
"UPM00033356","2007-01-22","50.217","31.8","128.0","YAHOTYN, UP","    0","B,,u",,,"   72",",,u","   28",",,u","   51",",,u"
"UPM00033356","2007-01-23","50.217","31.8","128.0","YAHOTYN, UP",,,,,"   55",",,u","   -6",",,u","   15",",,u"
"UPM00033356","2007-01-24","50.217","31.8","128.0","YAHOTYN, UP","    6","B,,u",,,"   21",",,u","  -14",",,u","   -1",",,u"
"UPM00033356","2007-01-25","50.217","31.8","128.0","YAHOTYN, UP","  110","B,,u",,,"   59",",,u","   20",",I,u","   32",",,u"
"UPM00033356","2007-01-26","50.217","31.8","128.0","YAHOTYN, UP","   10","B,,u",,,"  -19",",I,u","  -29",",,u","  -29",",,u"
"UPM00033356","2007-01-27","50.217","31.8","128.0","YAHOTYN, UP","    6","B,,u",,,,,"  -92",",,u","  -70",",,u"
"UPM00033356","2007-01-29","50.217","31.8","128.0","YAHOTYN, UP","   20","B,,u",,,"    6",",,u","  -84",",,u","  -56",",,u"
"UPM00033356","2007-01-30","50.217","31.8","128.0","YAHOTYN, UP",,,,,"  -71",",,u"," -148",",,u"," -109",",,u"
"UPM00033356","2007-01-31","50.217","31.8","128.0","YAHOTYN, UP","   20","B,,u",,,"  -50",",,u"," -128",",,u","  -90",",,u"
"UPM00033356","2007-02-01","50.217","31.8","128.0","YAHOTYN, UP","   40","B,,u",,,,,"  -85",",I,u","  -27",",,u"
"UPM00033356","2007-02-02","50.217","31.8","128.0","YAHOTYN, UP","   10","B,,u",,,"  -99",",I,u"," -114",",,u","  -95",",,u"
"UPM00033356","2007-02-03","50.217","31.8","128.0","YAHOTYN, UP",,,,,,," -219",",,u"," -182",",,u"
"UPM00033356","2007-02-04","50.217","31.8","128.0","YAHOTYN, UP",,,,,"  -19",",,u",,,"  -20",",,u"
"UPM00033356","2007-02-05","50.217","31.8","128.0","YAHOTYN, UP","    0","B,,u",,,"   14",",,u","  -31",",,u","  -10",",,u"
"UPM00033356","2007-02-06","50.217","31.8","128.0","YAHOTYN, UP","    3","B,,u",,,,,"    2",",,u","   14",",,u"
"UPM00033356","2007-02-07","50.217","31.8","128.0","YAHOTYN, UP",,,,,,,"  -65",",,u","  -30",",,u"
"UPM00033356","2007-02-08","50.217","31.8","128.0","YAHOTYN, UP","    7","B,,u",,,,,"  -32",",,u","  -27",",,u"
"UPM00033356","2007-02-09","50.217","31.8","128.0","YAHOTYN, UP","   30","B,,u",,,,,"  -29",",,u","   12",",,u"
"UPM00033356","2007-02-10","50.217","31.8","128.0","YAHOTYN, UP","    6","B,,u",,,,,"   12",",,u","   19",",,u"
"UPM00033356","2007-02-11","50.217","31.8","128.0","YAHOTYN, UP","    0","B,,u",,,"    3",",,u","   -6",",,u","  -51",",,u"
"UPM00033356","2007-02-12","50.217","31.8","128.0","YAHOTYN, UP","   40","B,,u",,,"  -16",",,u"," -140",",,u","  -96",",,u"
"UPM00033356","2007-02-13","50.217","31.8","128.0","YAHOTYN, UP","  120","B,,u",,,,,"  -17",",,u","   17",",,u"
"UPM00033356","2007-02-14","50.217","31.8","128.0","YAHOTYN, UP","    0","B,,u",,,"   37",",,u","   -2",",,u","   22",",,u"
"UPM00033356","2007-02-15","50.217","31.8","128.0","YAHOTYN, UP",,,,,"   23",",,u","    9",",I,u","   12",",,u"
"UPM00033356","2007-02-16","50.217","31.8","128.0","YAHOTYN, UP",,,,,"  -27",",I,u","  -54",",,u","  -40",",,u"
"UPM00033356","2007-02-17","50.217","31.8","128.0","YAHOTYN, UP",,,,,,,"  -94",",,u","  -72",",,u"
"UPM00033356","2007-02-19","50.217","31.8","128.0","YAHOTYN, UP",,,,,"   32",",,u","  -44",",,u","  -12",",,u"
"UPM00033356","2007-02-20","50.217","31.8","128.0","YAHOTYN, UP","    4","B,,u",,,"   18",",,u","   13",",,u","    3",",,u"
"UPM00033356","2007-02-21","50.217","31.8","128.0","YAHOTYN, UP","    7","B,,u",,,"   10",",,u","   -9",",I,u","  -34",",,u"
"UPM00033356","2007-02-22","50.217","31.8","128.0","YAHOTYN, UP","    0","B,,u",,," -120",",I,u"," -178",",,u"," -155",",,u"
"UPM00033356","2007-02-23","50.217","31.8","128.0","YAHOTYN, UP",,,,,,," -185",",,u"," -155",",,u"
"UPM00033356","2007-02-24","50.217","31.8","128.0","YAHOTYN, UP",,,,,,," -178",",,u"," -173",",,u"
"UPM00033356","2007-02-25","50.217","31.8","128.0","YAHOTYN, UP",,,,,"  -50",",,u",,,"  -54",",,u"
"UPM00033356","2007-02-26","50.217","31.8","128.0","YAHOTYN, UP",,,,,"  -12",",,u","  -77",",,u","  -48",",,u"
"UPM00033356","2007-02-27","50.217","31.8","128.0","YAHOTYN, UP",,,,,,,"  -83",",,u","  -65",",,u"
"UPM00033356","2007-02-28","50.217","31.8","128.0","YAHOTYN, UP","   20","B,,u",,,,,"  -52",",,u","  -40",",,u"
"UPM00033356","2007-03-01","50.217","31.8","128.0","YAHOTYN, UP",,,,,"   22",",,u","  -16",",,u","   -1",",,u"
"UPM00033356","2007-03-02","50.217","31.8","128.0","YAHOTYN, UP","    0","B,,u",,,"   53",",,u","    8",",,u","   27",",,u"
"UPM00033356","2007-03-03","50.217","31.8","128.0","YAHOTYN, UP","   50","B,,u",,,,,"   22",",,u","   27",",,u"
"UPM00033356","2007-03-04","50.217","31.8","128.0","YAHOTYN, UP",,,,,"   63",",,u",,,"   27",",,u"
"UPM00033356","2007-03-05","50.217","31.8","128.0","YAHOTYN, UP",,,,,"   46",",,u","   -5",",,u","   11",",,u"
"UPM00033356","2007-03-06","50.217","31.8","128.0","YAHOTYN, UP","    0","B,,u",,,,,,,"   12",",,u"
"UPM00033356","2007-03-07","50.217","31.8","128.0","YAHOTYN, UP",,,,,,,"  -10",",,u","    8",",,u"
"UPM00033356","2007-03-09","50.217","31.8","128.0","YAHOTYN, UP",,,,,"   78",",,u",,,"   42",",,u"
"UPM00033356","2007-03-10","50.217","31.8","128.0","YAHOTYN, UP",,,,,,,"   18",",,u","   29",",,u"
"UPM00033356","2007-03-11","50.217","31.8","128.0","YAHOTYN, UP",,,,,,,"    8",",,u","   47",",,u"
"UPM00033356","2007-03-12","50.217","31.8","128.0","YAHOTYN, UP","   20","B,,u",,,,,"   21",",,u","   34",",,u"
"UPM00033356","2007-03-13","50.217","31.8","128.0","YAHOTYN, UP",,,,,,,,,"   -1",",,u"
"UPM00033356","2007-03-14","50.217","31.8","128.0","YAHOTYN, UP",,,,,,,"  -24",",,u","    9",",,u"
"UPM00033356","2007-03-15","50.217","31.8","128.0","YAHOTYN, UP",,,,,"  100",",,u",,,"   42",",,u"
"UPM00033356","2007-03-16","50.217","31.8","128.0","YAHOTYN, UP",,,,,"  115",",,u","   13",",,u","   57",",,u"
"UPM00033356","2007-03-17","50.217","31.8","128.0","YAHOTYN, UP",,,,,,,"   52",",,u","   61",",,u"
"UPM00033356","2007-03-19","50.217","31.8","128.0","YAHOTYN, UP",,,,,,,"   35",",,u","   57",",,u"
"UPM00033356","2007-03-20","50.217","31.8","128.0","YAHOTYN, UP",,,,,,,"   38",",,u","   49",",,u"
"UPM00033356","2007-03-22","50.217","31.8","128.0","YAHOTYN, UP",,,,,"  138",",,u","   46",",,u","   85",",,u"
"UPM00033356","2007-03-23","50.217","31.8","128.0","YAHOTYN, UP",,,,,"  148",",,u","   33",",,u","   79",",,u"
"UPM00033356","2007-03-24","50.217","31.8","128.0","YAHOTYN, UP",,,,,,,"   33",",,u","   54",",,u"
"UPM00033356","2007-03-25","50.217","31.8","128.0","YAHOTYN, UP",,,,,"  138",",,u",,,"   61",",,u"
"UPM00033356","2007-03-26","50.217","31.8","128.0","YAHOTYN, UP",,,,,,,,,"    1",",,u"
"UPM00033356","2007-03-27","50.217","31.8","128.0","YAHOTYN, UP",,,,,,,,,"  119",",,u"
"UPM00033356","2007-03-28","50.217","31.8","128.0","YAHOTYN, UP",,,,,,,"  -11",",,u","   55",",,u"
"UPM00033356","2007-03-29","50.217","31.8","128.0","YAHOTYN, UP",,,,,"  150",",,u",,,"  107",",,u"
"UPM00033356","2007-03-30","50.217","31.8","128.0","YAHOTYN, UP",,,,,,,"   -2",",,u","   52",",,u"
"UPM00033356","2007-03-31","50.217","31.8","128.0","YAHOTYN, UP",,,,,,,"   -4",",,u","   48",",,u"
"UPM00033356","2007-04-01","50.217","31.8","128.0","YAHOTYN, UP",,,,,"  160",",,u",,,"   94",",,u"
"UPM00033356","2007-04-02","50.217","31.8","128.0","YAHOTYN, UP",,,,,"  136",",,u","   38",",,u","   85",",,u"
"UPM00033356","2007-04-03","50.217","31.8","128.0","YAHOTYN, UP",,,,,,,"    0",",,u","   80",",,u"
"UPM00033356","2007-04-04","50.217","31.8","128.0","YAHOTYN, UP",,,,,,,"   15",",,u","   68",",,u"
"UPM00033356","2007-04-05","50.217","31.8","128.0","YAHOTYN, UP",,,,,,,"   36",",,u","   45",",,u"
"UPM00033356","2007-04-06","50.217","31.8","128.0","YAHOTYN, UP",,,,,,,"  -14",",,u","   24",",,u"
"UPM00033356","2007-04-07","50.217","31.8","128.0","YAHOTYN, UP",,,,,,,"   26",",,u","   62",",,u"
"UPM00033356","2007-04-10","50.217","31.8","128.0","YAHOTYN, UP","   50","B,,u",,,"  138",",,u","   58",",,u","   90",",,u"
"UPM00033356","2007-04-11","50.217","31.8","128.0","YAHOTYN, UP",,,,,"  108",",,u","   58",",,u","   73",",,u"
"UPM00033356","2007-04-12","50.217","31.8","128.0","YAHOTYN, UP",,,,,"  140",",,u","   58",",,u","   99",",,u"
"UPM00033356","2007-04-13","50.217","31.8","128.0","YAHOTYN, UP","    0","B,,u",,,,,"   38",",,u","   92",",,u"
"UPM00033356","2007-04-15","50.217","31.8","128.0","YAHOTYN, UP",,,,,"  108",",,u",,,"   83",",,u"
"UPM00033356","2007-04-16","50.217","31.8","128.0","YAHOTYN, UP",,,,,"  135",",,u","   33",",,u","   68",",,u"
"UPM00033356","2007-04-17","50.217","31.8","128.0","YAHOTYN, UP",,,,,"  141",",,u","   34",",,u","   90",",,u"
"UPM00033356","2007-04-18","50.217","31.8","128.0","YAHOTYN, UP",,,,,"  158",",,u",,,"   69",",,u"
"UPM00033356","2007-04-19","50.217","31.8","128.0","YAHOTYN, UP",,,,,"  155",",,u","   40",",,u","   86",",,u"
"UPM00033356","2007-04-20","50.217","31.8","128.0","YAHOTYN, UP","    0","B,,u",,,"  149",",,u","   13",",,u","   59",",,u"
"UPM00033356","2007-04-21","50.217","31.8","128.0","YAHOTYN, UP","    3","B,,u",,,,,"    3",",,u","   21",",,u"
"UPM00033356","2007-04-22","50.217","31.8","128.0","YAHOTYN, UP",,,,,,,,,"   24",",,u"
"UPM00033356","2007-04-23","50.217","31.8","128.0","YAHOTYN, UP",,,,,,,"   52",",,u","   81",",,u"
"UPM00033356","2007-04-24","50.217","31.8","128.0","YAHOTYN, UP",,,,,"  159",",,u","   33",",,u","  103",",,u"
"UPM00033356","2007-04-25","50.217","31.8","128.0","YAHOTYN, UP",,,,,,,"   68",",,u","   96",",,u"
"UPM00033356","2007-04-26","50.217","31.8","128.0","YAHOTYN, UP",,,,,,,"   68",",,u","  106",",,u"
"UPM00033356","2007-04-27","50.217","31.8","128.0","YAHOTYN, UP",,,,,,,"   30",",,u","  146",",,u"
"UPM00033356","2007-04-28","50.217","31.8","128.0","YAHOTYN, UP",,,,,,,"   71",",,u","  101",",,u"
"UPM00033356","2007-04-29","50.217","31.8","128.0","YAHOTYN, UP",,,,,"  168",",,u",,,"   72",",,u"
"UPM00033356","2007-04-30","50.217","31.8","128.0","YAHOTYN, UP",,,,,,,"  -13",",,u","   49",",,u"
"UPM00033356","2007-05-03","50.217","31.8","128.0","YAHOTYN, UP",,,,,"  108",",,u","    8",",,u","   52",",,u"
"UPM00033356","2007-05-04","50.217","31.8","128.0","YAHOTYN, UP","   80","B,,u",,,"  152",",,u","    0",",,u","   71",",,u"
"UPM00033356","2007-05-05","50.217","31.8","128.0","YAHOTYN, UP",,,,,,,"   23",",,u","   71",",,u"
"UPM00033356","2007-05-06","50.217","31.8","128.0","YAHOTYN, UP",,,,,"  178",",,u",,,"  111",",,u"
"UPM00033356","2007-05-07","50.217","31.8","128.0","YAHOTYN, UP","    0","B,,u",,,"  192",",,u","  115",",,u","  141",",,u"
"UPM00033356","2007-05-08","50.217","31.8","128.0","YAHOTYN, UP","   11","B,,u",,,,,"  123",",,u","  149",",,u"
"UPM00033356","2007-05-09","50.217","31.8","128.0","YAHOTYN, UP",,,,,"  150",",,u",,,"  112",",,u"
"UPM00033356","2007-05-10","50.217","31.8","128.0","YAHOTYN, UP","   10","B,,u",,,"  154",",,u","   63",",,u","   94",",,u"
"UPM00033356","2007-05-11","50.217","31.8","128.0","YAHOTYN, UP",,,,,"  245",",,u",,,"  158",",,u"
"UPM00033356","2007-05-12","50.217","31.8","128.0","YAHOTYN, UP",,,,,,,"  128",",,u","  158",",,u"
"UPM00033356","2007-05-14","50.217","31.8","128.0","YAHOTYN, UP",,,,,,,"   53",",,u","  126",",,u"
"UPM00033356","2007-05-16","50.217","31.8","128.0","YAHOTYN, UP",,,,,"  278",",,u","  118",",,u","  187",",,u"
"UPM00033356","2007-05-17","50.217","31.8","128.0","YAHOTYN, UP",,,,,,,"  126",",,u","  191",",,u"
"UPM00033356","2007-05-18","50.217","31.8","128.0","YAHOTYN, UP",,,,,"  301",",,u","  132",",,u","  215",",,u"
"UPM00033356","2007-05-19","50.217","31.8","128.0","YAHOTYN, UP",,,,,,,"  144",",,u","  204",",,u"
"UPM00033356","2007-05-21","50.217","31.8","128.0","YAHOTYN, UP",,,,,"  326",",,u","  182",",,u","  277",",,u"
"UPM00033356","2007-05-22","50.217","31.8","128.0","YAHOTYN, UP",,,,,,,"  170",",,u","  220",",,u"
"UPM00033356","2007-05-23","50.217","31.8","128.0","YAHOTYN, UP",,,,,"  331",",,u","  168",",,u","  259",",,u"
"UPM00033356","2007-05-24","50.217","31.8","128.0","YAHOTYN, UP",,,,,"  326",",,u","  160",",,u","  275",",,u"
"UPM00033356","2007-05-25","50.217","31.8","128.0","YAHOTYN, UP",,,,,,,"  188",",,u","  225",",,u"
"UPM00033356","2007-05-26","50.217","31.8","128.0","YAHOTYN, UP",,,,,,,"  203",",,u","  225",",,u"
"UPM00033356","2007-05-28","50.217","31.8","128.0","YAHOTYN, UP",,,,,,,,,"  306",",,u"
"UPM00033356","2007-05-29","50.217","31.8","128.0","YAHOTYN, UP","   70","B,,u",,,"  262",",,u","  181",",,u","  205",",,u"
"UPM00033356","2007-05-30","50.217","31.8","128.0","YAHOTYN, UP","  140","B,,u",,,"  286",",,u","  168",",,u","  216",",,u"
"UPM00033356","2007-05-31","50.217","31.8","128.0","YAHOTYN, UP",,,,,,,,,"  226",",,u"
"UPM00033356","2007-06-01","50.217","31.8","128.0","YAHOTYN, UP","   40","B,,u",,,"  290",",,u","  183",",,u","  209",",,u"
"UPM00033356","2007-06-02","50.217","31.8","128.0","YAHOTYN, UP","   30","B,,u",,,,,"  170",",,u","  195",",,u"
"UPM00033356","2007-06-03","50.217","31.8","128.0","YAHOTYN, UP",,,,,"  188",",,u",,,"  142",",,u"
"UPM00033356","2007-06-04","50.217","31.8","128.0","YAHOTYN, UP","  210","B,,u",,,"  230",",,u","  128",",,u","  146",",,u"
"UPM00033356","2007-06-05","50.217","31.8","128.0","YAHOTYN, UP","    1","B,,u",,,"  253",",,u","  128",",,u","  177",",,u"
"UPM00033356","2007-06-06","50.217","31.8","128.0","YAHOTYN, UP",,,,,"  245",",,u","  138",",,u","  180",",,u"
"UPM00033356","2007-06-07","50.217","31.8","128.0","YAHOTYN, UP",,,,,,,"  133",",,u","  176",",,u"
"UPM00033356","2007-06-08","50.217","31.8","128.0","YAHOTYN, UP",,,,,,,"  120",",,u","  182",",,u"
"UPM00033356","2007-06-09","50.217","31.8","128.0","YAHOTYN, UP",,,,,,,"  124",",,u","  181",",,u"
"UPM00033356","2007-06-10","50.217","31.8","128.0","YAHOTYN, UP",,,,,"  286",",,u",,,"  194",",,u"
"UPM00033356","2007-06-11","50.217","31.8","128.0","YAHOTYN, UP",,,,,"  272",",,u","  153",",,u","  203",",,u"
"UPM00033356","2007-06-12","50.217","31.8","128.0","YAHOTYN, UP","   20","B,,u",,,"  232",",,u","  143",",,u","  175",",,u"
"UPM00033356","2007-06-13","50.217","31.8","128.0","YAHOTYN, UP",,,,,"  250",",,u","  148",",,u","  197",",,u"
"UPM00033356","2007-06-14","50.217","31.8","128.0","YAHOTYN, UP",,,,,,,"  138",",,u","  204",",,u"
"UPM00033356","2007-06-15","50.217","31.8","128.0","YAHOTYN, UP",,,,,"  317",",,u","  168",",,u","  209",",,u"
"UPM00033356","2007-06-16","50.217","31.8","128.0","YAHOTYN, UP",,,,,,,"  178",",,u","  212",",,u"
"UPM00033356","2007-06-17","50.217","31.8","128.0","YAHOTYN, UP",,,,,"  332",",,u",,,"  226",",,u"
"UPM00033356","2007-06-18","50.217","31.8","128.0","YAHOTYN, UP","    8","B,,u",,,"  282",",,u","  174",",,u","  212",",,u"
"UPM00033356","2007-06-19","50.217","31.8","128.0","YAHOTYN, UP",,,,,"  271",",,u","  158",",,u","  196",",,u"
"UPM00033356","2007-06-20","50.217","31.8","128.0","YAHOTYN, UP","   20","B,,u",,,"  210",",,u","  157",",,u","  180",",,u"
"UPM00033356","2007-06-21","50.217","31.8","128.0","YAHOTYN, UP","    1","B,,u",,,,,"  128",",,u","  156",",,u"
"UPM00033356","2007-06-22","50.217","31.8","128.0","YAHOTYN, UP",,,,,"  260",",,u","   89",",,u","  193",",,u"
"UPM00033356","2007-06-23","50.217","31.8","128.0","YAHOTYN, UP","    1","B,,u",,,,,"  166",",,u","  194",",,u"
"UPM00033356","2007-06-25","50.217","31.8","128.0","YAHOTYN, UP",,,,,"  246",",,u","  120",",,u","  178",",,u"
"UPM00033356","2007-06-26","50.217","31.8","128.0","YAHOTYN, UP",,,,,"  304",",,u","  132",",,u","  213",",,u"
"UPM00033356","2007-06-27","50.217","31.8","128.0","YAHOTYN, UP","    7","B,,u",,,,,"  158",",,u","  191",",,u"
"UPM00033356","2007-06-28","50.217","31.8","128.0","YAHOTYN, UP",,,,,,,,,"  185",",,u"
"UPM00033356","2007-07-06","50.217","31.8","128.0","YAHOTYN, UP",,,,,,,,,"  134",",,u"
"UPM00033356","2007-07-09","50.217","31.8","128.0","YAHOTYN, UP",,,,,,,,,"  138",",,u"
"UPM00033356","2007-07-10","50.217","31.8","128.0","YAHOTYN, UP",,,,,,,,,"  110",",,u"
"UPM00033356","2007-07-11","50.217","31.8","128.0","YAHOTYN, UP",,,,,,,"  158",",,u","  234",",,u"
"UPM00033356","2007-07-12","50.217","31.8","128.0","YAHOTYN, UP",,,,,"  321",",,u","  188",",,u","  213",",,u"
"UPM00033356","2007-07-13","50.217","31.8","128.0","YAHOTYN, UP","   50","B,,u",,,,,"  154",",,u","  163",",,u"
"UPM00033356","2007-07-14","50.217","31.8","128.0","YAHOTYN, UP",,,,,"  245",",,u",,,"  181",",,u"
"UPM00033356","2007-07-15","50.217","31.8","128.0","YAHOTYN, UP",,,,,"  255",",,u",,,"  214",",,u"
"UPM00033356","2007-07-16","50.217","31.8","128.0","YAHOTYN, UP",,,,,"  305",",,u",,,"  210",",,u"
"UPM00033356","2007-07-17","50.217","31.8","128.0","YAHOTYN, UP",,,,,,,,,"  186",",,u"
"UPM00033356","2007-07-18","50.217","31.8","128.0","YAHOTYN, UP",,,,,"  330",",,u",,,"  235",",,u"
"UPM00033356","2007-07-19","50.217","31.8","128.0","YAHOTYN, UP",,,,,"  371",",,u","  194",",,u","  263",",,u"
"UPM00033356","2007-07-20","50.217","31.8","128.0","YAHOTYN, UP",,,,,"  290",",,u",,,"  241",",,u"
"UPM00033356","2007-07-21","50.217","31.8","128.0","YAHOTYN, UP",,,,,"  296",",,u",,,"  221",",,u"
"UPM00033356","2007-07-22","50.217","31.8","128.0","YAHOTYN, UP",,,,,"  302",",,u",,,"  217",",,u"
"UPM00033356","2007-07-23","50.217","31.8","128.0","YAHOTYN, UP","   60","B,,u",,,"  274",",,u","  196",",,u","  227",",,u"
"UPM00033356","2007-07-25","50.217","31.8","128.0","YAHOTYN, UP",,,,,"  270",",,u","  223",",,u","  221",",,u"
"UPM00033356","2007-07-26","50.217","31.8","128.0","YAHOTYN, UP",,,,,"  223",",,u","  150",",,u","  188",",,u"
"UPM00033356","2007-08-01","50.217","31.8","128.0","YAHOTYN, UP",,,,,,,,,"  202",",,u"
"UPM00033356","2007-08-02","50.217","31.8","128.0","YAHOTYN, UP",,,,,,,,,"  219",",,u"
"UPM00033356","2007-08-07","50.217","31.8","128.0","YAHOTYN, UP",,,,,,,"  153",",,u","  210",",,u"
"UPM00033356","2007-08-08","50.217","31.8","128.0","YAHOTYN, UP",,,,,,,,,"  200",",,u"
"UPM00033356","2007-08-09","50.217","31.8","128.0","YAHOTYN, UP","   10","B,,u",,,,,"  199",",,u","  205",",,u"
"UPM00033356","2007-08-10","50.217","31.8","128.0","YAHOTYN, UP",,,,,,,"  178",",,u","  192",",,u"
"UPM00033356","2007-08-11","50.217","31.8","128.0","YAHOTYN, UP",,,,,,,"  155",",,u","  175",",,u"
"UPM00033356","2007-08-12","50.217","31.8","128.0","YAHOTYN, UP",,,,,,,,,"  218",",,u"
"UPM00033356","2007-08-13","50.217","31.8","128.0","YAHOTYN, UP",,,,,"  287",",,u","  190",",,u","  207",",,u"
"UPM00033356","2007-08-14","50.217","31.8","128.0","YAHOTYN, UP","    1","B,,u",,,"  274",",,u","  158",",,u","  206",",,u"
"UPM00033356","2007-08-15","50.217","31.8","128.0","YAHOTYN, UP","    6","B,,u",,,,,"  183",",,u","  194",",,u"
"UPM00033356","2007-08-16","50.217","31.8","128.0","YAHOTYN, UP",,,,,,,,,"  175",",,u"
"UPM00033356","2007-08-17","50.217","31.8","128.0","YAHOTYN, UP",,,,,,,,,"  177",",,u"
"UPM00033356","2007-08-20","50.217","31.8","128.0","YAHOTYN, UP",,,,,"  363",",,u",,,"  286",",,u"
"UPM00033356","2007-08-21","50.217","31.8","128.0","YAHOTYN, UP",,,,,,,,,"  202",",,u"
"UPM00033356","2007-08-22","50.217","31.8","128.0","YAHOTYN, UP",,,,,"  357",",,u",,,"  248",",,u"
"UPM00033356","2007-08-27","50.217","31.8","128.0","YAHOTYN, UP",,,,,,,,,"  138",",,u"
"UPM00033356","2007-08-28","50.217","31.8","128.0","YAHOTYN, UP",,,,,,,,,"  140",",,u"
"UPM00033356","2007-08-29","50.217","31.8","128.0","YAHOTYN, UP",,,,,,,,,"  134",",,u"
"UPM00033356","2007-09-03","50.217","31.8","128.0","YAHOTYN, UP",,,,,,,,,"   99",",,u"
"UPM00033356","2007-09-04","50.217","31.8","128.0","YAHOTYN, UP",,,,,,,,,"  154",",,u"
"UPM00033356","2007-09-09","50.217","31.8","128.0","YAHOTYN, UP",,,,,,,,,"  102",",,u"
"UPM00033356","2007-09-10","50.217","31.8","128.0","YAHOTYN, UP",,,,,"  143",",,u","   90",",,u","  103",",,u"
"UPM00033356","2007-09-11","50.217","31.8","128.0","YAHOTYN, UP",,,,,,,,,"   81",",,u"
"UPM00033356","2007-09-12","50.217","31.8","128.0","YAHOTYN, UP",,,,,,,,,"  130",",,u"
"UPM00033356","2007-09-13","50.217","31.8","128.0","YAHOTYN, UP",,,,,,,,,"  123",",,u"
"UPM00033356","2007-09-14","50.217","31.8","128.0","YAHOTYN, UP",,,,,,,,,"   98",",,u"
"UPM00033356","2007-09-16","50.217","31.8","128.0","YAHOTYN, UP",,,,,,,,,"   92",",,u"
"UPM00033356","2007-09-17","50.217","31.8","128.0","YAHOTYN, UP",,,,,,,,,"   86",",,u"
"UPM00033356","2007-09-18","50.217","31.8","128.0","YAHOTYN, UP",,,,,,,,,"  122",",,u"
"UPM00033356","2007-09-19","50.217","31.8","128.0","YAHOTYN, UP",,,,,,,,,"  161",",,u"
"UPM00033356","2007-09-25","50.217","31.8","128.0","YAHOTYN, UP",,,,,,,,,"  146",",,u"
"UPM00033356","2007-09-27","50.217","31.8","128.0","YAHOTYN, UP",,,,,,,,,"  136",",,u"
"UPM00033356","2007-09-28","50.217","31.8","128.0","YAHOTYN, UP",,,,,,,,,"  132",",,u"
"UPM00033356","2007-09-30","50.217","31.8","128.0","YAHOTYN, UP",,,,,,,,,"  122",",,u"
"UPM00033356","2007-10-01","50.217","31.8","128.0","YAHOTYN, UP",,,,,,,,,"  118",",,u"
"UPM00033356","2007-10-02","50.217","31.8","128.0","YAHOTYN, UP",,,,,,,,,"  104",",,u"
"UPM00033356","2007-10-04","50.217","31.8","128.0","YAHOTYN, UP",,,,,,,,,"  126",",,u"
"UPM00033356","2007-10-05","50.217","31.8","128.0","YAHOTYN, UP",,,,,,,,,"   44",",,u"
"UPM00033356","2007-10-08","50.217","31.8","128.0","YAHOTYN, UP",,,,,,,,,"   78",",,u"
"UPM00033356","2007-10-09","50.217","31.8","128.0","YAHOTYN, UP",,,,,,,"   80",",,u","  101",",,u"
"UPM00033356","2007-10-10","50.217","31.8","128.0","YAHOTYN, UP",,,,,,,,,"   68",",,u"
"UPM00033356","2007-10-11","50.217","31.8","128.0","YAHOTYN, UP",,,,,"  128",",,u","    2",",,u","   32",",,u"
"UPM00033356","2007-10-12","50.217","31.8","128.0","YAHOTYN, UP",,,,,,,"    0",",,u","   43",",,u"
"UPM00033356","2007-10-14","50.217","31.8","128.0","YAHOTYN, UP",,,,,,,,,"   32",",,u"
"UPM00033356","2007-10-15","50.217","31.8","128.0","YAHOTYN, UP",,,,,"   70",",,u","    3",",,u","   37",",,u"
"UPM00033356","2007-10-16","50.217","31.8","128.0","YAHOTYN, UP","   10","B,,u",,,,,"   48",",,u","   57",",,u"
"UPM00033356","2007-10-17","50.217","31.8","128.0","YAHOTYN, UP",,,,,"  162",",,u",,,"   64",",,u"
"UPM00033356","2007-10-18","50.217","31.8","128.0","YAHOTYN, UP",,,,,"  200",",,u","   30",",,u","   77",",,u"
"UPM00033356","2007-10-19","50.217","31.8","128.0","YAHOTYN, UP",,,,,,,"   33",",,u","   70",",,u"
"UPM00033356","2007-10-21","50.217","31.8","128.0","YAHOTYN, UP",,,,,"   72",",,u",,,"   52",",,u"
"UPM00033356","2007-10-22","50.217","31.8","128.0","YAHOTYN, UP","    7","B,,u",,,,,"   38",",,u","   47",",,u"
"UPM00033356","2007-10-23","50.217","31.8","128.0","YAHOTYN, UP",,,,,,,"   88",",,u","  113",",,u"
"UPM00033356","2007-10-24","50.217","31.8","128.0","YAHOTYN, UP",,,,,,,"   63",",,u","   74",",,u"
"UPM00033356","2007-10-25","50.217","31.8","128.0","YAHOTYN, UP","    3","B,,u",,,,,"   78",",,u","   89",",,u"
"UPM00033356","2007-10-28","50.217","31.8","128.0","YAHOTYN, UP",,,,,"   98",",,u",,,"   72",",,u"
"UPM00033356","2007-10-29","50.217","31.8","128.0","YAHOTYN, UP",,,,,,,"    4",",,u","   18",",,u"
"UPM00033356","2007-10-30","50.217","31.8","128.0","YAHOTYN, UP",,,,,,,"   48",",,u","   59",",,u"
"UPM00033356","2007-10-31","50.217","31.8","128.0","YAHOTYN, UP","   20","B,,u",,,,,"   63",",,u","   68",",,u"
"UPM00033356","2007-11-01","50.217","31.8","128.0","YAHOTYN, UP",,,,,,,"   45",",,u","   74",",,u"
"UPM00033356","2007-11-02","50.217","31.8","128.0","YAHOTYN, UP",,,,,,,"   24",",,u","   70",",,u"
"UPM00033356","2007-11-04","50.217","31.8","128.0","YAHOTYN, UP","   20","B,,u",,,"   85",",,u","   35",",,u","   53",",,u"
"UPM00033356","2007-11-05","50.217","31.8","128.0","YAHOTYN, UP","    0","B,,u",,,"   33",",,u","   -5",",,u","    3",",,u"
"UPM00033356","2007-11-06","50.217","31.8","128.0","YAHOTYN, UP","    5","B,,u",,,,,"  -54",",,u","  -34",",,u"
"UPM00033356","2007-11-07","50.217","31.8","128.0","YAHOTYN, UP",,,,,,,,,"  -25",",,u"
"UPM00033356","2007-11-08","50.217","31.8","128.0","YAHOTYN, UP",,,,,,,,,"   -1",",,u"
"UPM00033356","2007-11-09","50.217","31.8","128.0","YAHOTYN, UP","    0","B,,u",,,,,"  -15",",,u","   -9",",,u"
"UPM00033356","2007-11-10","50.217","31.8","128.0","YAHOTYN, UP",,,,,"   52",",,u","    8",",,u","   33",",,u"
"UPM00033356","2007-11-11","50.217","31.8","128.0","YAHOTYN, UP","  200","B,,u",,,"   18",",,u","   17",",,u","   13",",,u"
"UPM00033356","2007-11-12","50.217","31.8","128.0","YAHOTYN, UP","   50","B,,u",,,"   22",",,u","  -13",",,u","   -7",",,u"
"UPM00033356","2007-11-13","50.217","31.8","128.0","YAHOTYN, UP",,,,,,,"  -36",",,u","  -24",",,u"
"UPM00033356","2007-11-14","50.217","31.8","128.0","YAHOTYN, UP",,,,,,,,,"  -48",",,u"
"UPM00033356","2007-11-15","50.217","31.8","128.0","YAHOTYN, UP",,,,,"    2",",,u","  -69",",,u","  -44",",,u"
"UPM00033356","2007-11-16","50.217","31.8","128.0","YAHOTYN, UP","  160","B,,u",,,,,"    0",",,u","   12",",,u"
"UPM00033356","2007-11-17","50.217","31.8","128.0","YAHOTYN, UP",,,,,,,,,"  -25",",,u"
"UPM00033356","2007-11-18","50.217","31.8","128.0","YAHOTYN, UP",,,,,"   12",",,u",,,"  -29",",,u"
"UPM00033356","2007-11-19","50.217","31.8","128.0","YAHOTYN, UP",,,,,"  -20",",,u","  -59",",,u","  -36",",,u"
"UPM00033356","2007-11-20","50.217","31.8","128.0","YAHOTYN, UP",,,,,"   17",",,u","  -71",",,u","  -44",",,u"
"UPM00033356","2007-11-21","50.217","31.8","128.0","YAHOTYN, UP",,,,,,,"  -29",",,u","  -14",",,u"
"UPM00033356","2007-11-22","50.217","31.8","128.0","YAHOTYN, UP",,,,,,,"  -57",",,u","  -54",",,u"
"UPM00033356","2007-11-23","50.217","31.8","128.0","YAHOTYN, UP",,,,,,,"  -29",",,u","  -11",",,u"
"UPM00033356","2007-11-25","50.217","31.8","128.0","YAHOTYN, UP",,,,,"   52",",,u",,,"   46",",,u"
"UPM00033356","2007-11-26","50.217","31.8","128.0","YAHOTYN, UP",,,,,"   44",",,u","   40",",,u","   44",",,u"
"UPM00033356","2007-11-27","50.217","31.8","128.0","YAHOTYN, UP",,,,,,,"   -6",",,u","    5",",,u"
"UPM00033356","2007-11-28","50.217","31.8","128.0","YAHOTYN, UP","    3","B,,u",,,,,"   -2",",,u","    8",",,u"
"UPM00033356","2007-11-30","50.217","31.8","128.0","YAHOTYN, UP",,,,,,,"  -41",",,u","  -21",",,u"
"UPM00033356","2007-12-01","50.217","31.8","128.0","YAHOTYN, UP",,,,,,,,,"   -5",",,u"
"UPM00033356","2007-12-02","50.217","31.8","128.0","YAHOTYN, UP",,,,,,,,,"  -11",",,u"
"UPM00033356","2007-12-03","50.217","31.8","128.0","YAHOTYN, UP","   60","B,,u",,,,,"  -21",",,u","   -2",",,u"
"UPM00033356","2007-12-04","50.217","31.8","128.0","YAHOTYN, UP","   20","B,,u",,,"   59",",,u","   32",",,u","   53",",,u"
"UPM00033356","2007-12-05","50.217","31.8","128.0","YAHOTYN, UP","   70","B,,u",,,"   50",",,u","   28",",,u","   35",",,u"
"UPM00033356","2007-12-06","50.217","31.8","128.0","YAHOTYN, UP","    1","B,,u",,,,,"    7",",,u","   13",",,u"
"UPM00033356","2007-12-07","50.217","31.8","128.0","YAHOTYN, UP",,,,,,,,,"   12",",,u"
"UPM00033356","2007-12-08","50.217","31.8","128.0","YAHOTYN, UP",,,,,,,,,"   10",",,u"
"UPM00033356","2007-12-09","50.217","31.8","128.0","YAHOTYN, UP",,,,,,,,,"   22",",,u"
"UPM00033356","2007-12-10","50.217","31.8","128.0","YAHOTYN, UP",,,,,"   28",",,u",,,"   25",",,u"
"UPM00033356","2007-12-11","50.217","31.8","128.0","YAHOTYN, UP",,,,,,,"  -11",",,u","   -7",",,u"
"UPM00033356","2007-12-12","50.217","31.8","128.0","YAHOTYN, UP",,,,,,,,,"   -7",",,u"
"UPM00033356","2007-12-13","50.217","31.8","128.0","YAHOTYN, UP","    4","B,,u",,,"   -2",",,u","  -20",",,u","  -18",",,u"
"UPM00033356","2007-12-14","50.217","31.8","128.0","YAHOTYN, UP","    2","B,,u",,,,,,,"  -18",",,u"
"UPM00033356","2007-12-15","50.217","31.8","128.0","YAHOTYN, UP",,,,,,,,,"  -20",",,u"
"UPM00033356","2007-12-16","50.217","31.8","128.0","YAHOTYN, UP",,,,,,,,,"  -45",",,u"
"UPM00033356","2007-12-17","50.217","31.8","128.0","YAHOTYN, UP","    0","B,,u",,,,,"  -37",",,u","  -17",",,u"
"UPM00033356","2007-12-18","50.217","31.8","128.0","YAHOTYN, UP","    2","B,,u",,,,,"  -23",",,u","  -14",",,u"
"UPM00033356","2007-12-19","50.217","31.8","128.0","YAHOTYN, UP","    3","B,,u",,,,,"  -14",",,u","  -10",",,u"
"UPM00033356","2007-12-20","50.217","31.8","128.0","YAHOTYN, UP","    0","B,,u",,,,,"    2",",,u","    5",",,u"
"UPM00033356","2007-12-23","50.217","31.8","128.0","YAHOTYN, UP",,,,,,,,,"  -21",",,u"
"UPM00033356","2007-12-24","50.217","31.8","128.0","YAHOTYN, UP",,,,,,,"  -37",",,u","  -29",",,u"
"UPM00033356","2007-12-25","50.217","31.8","128.0","YAHOTYN, UP",,,,,,,,,"  -36",",,u"
"UPM00033356","2007-12-26","50.217","31.8","128.0","YAHOTYN, UP","    2","B,,u",,,,,"  -13",",,u","   -9",",,u"
"UPM00033356","2007-12-27","50.217","31.8","128.0","YAHOTYN, UP",,,,,,,,,"  -14",",,u"
"UPM00033356","2007-12-28","50.217","31.8","128.0","YAHOTYN, UP",,,,,,,"  -29",",,u","  -27",",,u"
"UPM00033356","2007-12-29","50.217","31.8","128.0","YAHOTYN, UP",,,,,,,,,"  -16",",,u"
"UPM00033356","2008-01-02","50.217","31.8","128.0","YAHOTYN, UP",,,,,,," -136",",,u"," -122",",,u"
"UPM00033356","2008-01-03","50.217","31.8","128.0","YAHOTYN, UP","    0","B,,u",,,,," -113",",,u"," -107",",,u"
"UPM00033356","2008-01-04","50.217","31.8","128.0","YAHOTYN, UP",,,,,,,,,"    1",",,u"
"UPM00033356","2008-01-07","50.217","31.8","128.0","YAHOTYN, UP",,,,,,,,," -114",",,u"
"UPM00033356","2008-01-08","50.217","31.8","128.0","YAHOTYN, UP",,,,,,," -144",",,u"," -131",",,u"
"UPM00033356","2008-01-09","50.217","31.8","128.0","YAHOTYN, UP",,,,,,," -110",",,u","  -97",",,u"
"UPM00033356","2008-01-10","50.217","31.8","128.0","YAHOTYN, UP",,,,,,,"  -47",",,u","  -47",",,u"
"UPM00033356","2008-01-11","50.217","31.8","128.0","YAHOTYN, UP",,,,,"  -17",",,u","  -39",",,u","  -23",",,u"
"UPM00033356","2008-01-12","50.217","31.8","128.0","YAHOTYN, UP",,,,,,,"  -17",",,u","   -1",",,u"
"UPM00033356","2008-01-13","50.217","31.8","128.0","YAHOTYN, UP",,,,,,,,,"  -42",",,u"
"UPM00033356","2008-01-14","50.217","31.8","128.0","YAHOTYN, UP",,,,,,,"   -4",",,u","    8",",,u"
"UPM00033356","2008-01-15","50.217","31.8","128.0","YAHOTYN, UP",,,,,,,"   -2",",,u","    2",",,u"
"UPM00033356","2008-01-16","50.217","31.8","128.0","YAHOTYN, UP",,,,,,,"  -13",",,u","   -4",",,u"
"UPM00033356","2008-01-17","50.217","31.8","128.0","YAHOTYN, UP",,,,,,,,,"  -41",",,u"
"UPM00033356","2008-01-18","50.217","31.8","128.0","YAHOTYN, UP",,,,,,,,,"  -56",",,u"
"UPM00033356","2008-01-21","50.217","31.8","128.0","YAHOTYN, UP",,,,,,,,,"   12",",,u"
"UPM00033356","2008-01-22","50.217","31.8","128.0","YAHOTYN, UP","   30","B,,u",,,"   57",",,u","    5",",,u","   35",",,u"
"UPM00033356","2008-01-23","50.217","31.8","128.0","YAHOTYN, UP","    1","B,,u",,,,,"    8",",,u","   17",",,u"
"UPM00033356","2008-01-24","50.217","31.8","128.0","YAHOTYN, UP","    4","B,,u",,,,,"   -4",",,u","    0",",,u"
"UPM00033356","2008-01-28","50.217","31.8","128.0","YAHOTYN, UP",,,,,,,"  -12",",,u","   -5",",,u"
"UPM00033356","2008-01-29","50.217","31.8","128.0","YAHOTYN, UP",,,,,,,,,"  -23",",,u"
"UPM00033356","2008-01-30","50.217","31.8","128.0","YAHOTYN, UP",,,,,,,,,"  -10",",,u"
"UPM00033356","2008-01-31","50.217","31.8","128.0","YAHOTYN, UP","    9","B,,u",,,,,"   -1",",,u","    9",",,u"
"UPM00033356","2008-02-01","50.217","31.8","128.0","YAHOTYN, UP","    0","B,,u",,,,,"    0",",,u","    6",",,u"
"UPM00033356","2008-02-04","50.217","31.8","128.0","YAHOTYN, UP",,,,,,,"  -54",",,u","  -26",",,u"
"UPM00033356","2008-02-05","50.217","31.8","128.0","YAHOTYN, UP","    0","B,,u",,,,,"  -21",",,u","  -11",",,u"
"UPM00033356","2008-02-06","50.217","31.8","128.0","YAHOTYN, UP","    7","B,,u",,,,,"   12",",,u","   12",",,u"
"UPM00033356","2008-02-07","50.217","31.8","128.0","YAHOTYN, UP",,,,,,,"    0",",,u","    9",",,u"
"UPM00033356","2008-02-08","50.217","31.8","128.0","YAHOTYN, UP",,,,,,,"  -14",",,u","   -6",",,u"
"UPM00033356","2008-02-13","50.217","31.8","128.0","YAHOTYN, UP",,,,,,,"  -77",",,u","  -63",",,u"
"UPM00033356","2008-02-14","50.217","31.8","128.0","YAHOTYN, UP","    6","B,,u",,,,,"  -37",",,u","  -32",",,u"
"UPM00033356","2008-02-15","50.217","31.8","128.0","YAHOTYN, UP","    0","B,,u",,,,,"  -67",",,u","  -54",",,u"
"UPM00033356","2008-02-18","50.217","31.8","128.0","YAHOTYN, UP",,,,,,,,,"  -50",",,u"
"UPM00033356","2008-02-19","50.217","31.8","128.0","YAHOTYN, UP","   30","B,,u",,,,,"  -27",",,u","    3",",,u"
"UPM00033356","2008-02-20","50.217","31.8","128.0","YAHOTYN, UP",,,,,,,"  -66",",,u","  -48",",,u"
"UPM00033356","2008-02-21","50.217","31.8","128.0","YAHOTYN, UP",,,,,,,"  -69",",,u","  -42",",,u"
"UPM00033356","2008-02-22","50.217","31.8","128.0","YAHOTYN, UP",,,,,"   70",",,u","   24",",,u","   38",",,u"
"UPM00033356","2008-02-23","50.217","31.8","128.0","YAHOTYN, UP","   10","B,,u",,,"   90",",,u","   51",",,u","   55",",,u"
"UPM00033356","2008-02-25","50.217","31.8","128.0","YAHOTYN, UP",,,,,,,"   23",",,u","   36",",,u"
"UPM00033356","2008-02-26","50.217","31.8","128.0","YAHOTYN, UP",,,,,"   86",",,u","   22",",,u","   47",",,u"
"UPM00033356","2008-02-27","50.217","31.8","128.0","YAHOTYN, UP",,,,,,,"   10",",,u","   18",",,u"
"UPM00033356","2008-02-28","50.217","31.8","128.0","YAHOTYN, UP","    4","B,,u",,,"    4",",I,u","   41",",I,u","   50",",,u"
"UPM00033356","2008-02-29","50.217","31.8","128.0","YAHOTYN, UP",,,,,,,,,"   21",",,u"
"UPM00033356","2008-03-01","50.217","31.8","128.0","YAHOTYN, UP",,,,,,,,,"   54",",,u"
"UPM00033356","2008-03-02","50.217","31.8","128.0","YAHOTYN, UP","   30","B,,u",,,,,"   33",",,u","   46",",,u"
"UPM00033356","2008-03-03","50.217","31.8","128.0","YAHOTYN, UP",,,,,,,"    7",",,u","   22",",,u"
"UPM00033356","2008-03-04","50.217","31.8","128.0","YAHOTYN, UP",,,,,,,"    0",",,u","    5",",,u"
"UPM00033356","2008-03-05","50.217","31.8","128.0","YAHOTYN, UP",,,,,"   56",",,u","  -14",",,u","   14",",,u"
"UPM00033356","2008-03-06","50.217","31.8","128.0","YAHOTYN, UP","    0","B,,u",,,,,"   -9",",,u","    4",",,u"
"UPM00033356","2008-03-07","50.217","31.8","128.0","YAHOTYN, UP",,,,,,,"    0",",,u","    4",",,u"
"UPM00033356","2008-03-11","50.217","31.8","128.0","YAHOTYN, UP","   70","B,,u",,,,,"   38",",,u","   42",",,u"
"UPM00033356","2008-03-12","50.217","31.8","128.0","YAHOTYN, UP","    0","B,,u",,,"  139",",,u","   23",",,u","   60",",,u"
"UPM00033356","2008-03-13","50.217","31.8","128.0","YAHOTYN, UP","    0","B,,u",,,"  108",",,u","   58",",,u","   75",",,u"
"UPM00033356","2008-03-14","50.217","31.8","128.0","YAHOTYN, UP","    5","B,,u",,,,,"   18",",,u","   26",",,u"
"UPM00033356","2008-03-17","50.217","31.8","128.0","YAHOTYN, UP",,,,,"   98",",,u",,,"   55",",,u"
"UPM00033356","2008-03-18","50.217","31.8","128.0","YAHOTYN, UP","    4","B,,u",,,,,"   34",",,u","   49",",,u"
"UPM00033356","2008-03-19","50.217","31.8","128.0","YAHOTYN, UP","   50","B,,u",,,"   46",",,u","    2",",,u","   13",",,u"
"UPM00033356","2008-03-20","50.217","31.8","128.0","YAHOTYN, UP",,,,,,,"  -13",",,u","    4",",,u"
"UPM00033356","2008-03-21","50.217","31.8","128.0","YAHOTYN, UP",,,,,,,"  -30",",,u","  -20",",,u"
"UPM00033356","2008-03-23","50.217","31.8","128.0","YAHOTYN, UP","    0","B,,u",,,"  133",",,u","   38",",,u","   82",",,u"
"UPM00033356","2008-03-24","50.217","31.8","128.0","YAHOTYN, UP",,,,,"  130",",,u",,,"   71",",,u"
"UPM00033356","2008-03-25","50.217","31.8","128.0","YAHOTYN, UP",,,,,,,"   78",",I,u","   69",",,u"
"UPM00033356","2008-03-26","50.217","31.8","128.0","YAHOTYN, UP","   10","B,,u",,,"   50",",I,u","   -7",",,u","   12",",,u"
"UPM00033356","2008-03-27","50.217","31.8","128.0","YAHOTYN, UP",,,,,,,"  -23",",,u","    8",",,u"
"UPM00033356","2008-03-30","50.217","31.8","128.0","YAHOTYN, UP",,,,,"  122",",,u","   38",",,u","   64",",,u"
"UPM00033356","2008-03-31","50.217","31.8","128.0","YAHOTYN, UP",,,,,"   87",",,u","   14",",,u","   43",",,u"
"UPM00033356","2008-04-01","50.217","31.8","128.0","YAHOTYN, UP","    0","B,,u",,,,,"   50",",,u","   56",",,u"
"UPM00033356","2008-04-02","50.217","31.8","128.0","YAHOTYN, UP",,,,,"  135",",,u","   63",",,u","   86",",,u"
"UPM00033356","2008-04-03","50.217","31.8","128.0","YAHOTYN, UP","    3","B,,u",,,"  103",",,u","   68",",,u","   81",",,u"
"UPM00033356","2008-04-04","50.217","31.8","128.0","YAHOTYN, UP","    4","B,,u",,,,,"   86",",,u","   97",",,u"
"UPM00033356","2008-04-07","50.217","31.8","128.0","YAHOTYN, UP",,,,,"  159",",,u","   74",",,u","  107",",,u"
"UPM00033356","2008-04-08","50.217","31.8","128.0","YAHOTYN, UP",,,,,"  193",",,u",,,"  113",",,u"
"UPM00033356","2008-04-09","50.217","31.8","128.0","YAHOTYN, UP",,,,,"  205",",,u","   80",",,u","  122",",,u"
"UPM00033356","2008-04-10","50.217","31.8","128.0","YAHOTYN, UP",,,,,"  194",",,u","   91",",,u","  139",",,u"
"UPM00033356","2008-04-11","50.217","31.8","128.0","YAHOTYN, UP",,,,,,,"   75",",,u","  101",",,u"
"UPM00033356","2008-04-13","50.217","31.8","128.0","YAHOTYN, UP",,,,,,,,,"  145",",,u"
"UPM00033356","2008-04-14","50.217","31.8","128.0","YAHOTYN, UP",,,,,,,"   52",",,u","   84",",,u"
"UPM00033356","2008-04-15","50.217","31.8","128.0","YAHOTYN, UP",,,,,,,"   28",",,u","   46",",,u"
"UPM00033356","2008-04-16","50.217","31.8","128.0","YAHOTYN, UP",,,,,"  134",",,u","   74",",,u","   90",",,u"
"UPM00033356","2008-04-17","50.217","31.8","128.0","YAHOTYN, UP","   20","B,,u",,,"  115",",,u","   78",",,u","   83",",,u"
"UPM00033356","2008-04-18","50.217","31.8","128.0","YAHOTYN, UP",,,,,,,,,"   45",",,u"
"UPM00033356","2008-04-20","50.217","31.8","128.0","YAHOTYN, UP",,,,,"  158",",,u",,,"  117",",,u"
"UPM00033356","2008-04-21","50.217","31.8","128.0","YAHOTYN, UP",,,,,,,"   93",",,u","  100",",,u"
"UPM00033356","2008-04-22","50.217","31.8","128.0","YAHOTYN, UP",,,,,,,,,"   76",",,u"
"UPM00033356","2008-04-23","50.217","31.8","128.0","YAHOTYN, UP","   70","B,,u",,,,,"   83",",,u","   94",",,u"
"UPM00033356","2008-04-24","50.217","31.8","128.0","YAHOTYN, UP",,,,,,,,,"   52",",,u"
"UPM00033356","2008-04-25","50.217","31.8","128.0","YAHOTYN, UP",,,,,,,"   10",",,u","   46",",,u"
"UPM00033356","2008-04-30","50.217","31.8","128.0","YAHOTYN, UP",,,,,,,,,"   92",",,u"
"UPM00033356","2008-05-01","50.217","31.8","128.0","YAHOTYN, UP","    0","B,,u",,,,,"   83",",,u","  101",",,u"
"UPM00033356","2008-05-02","50.217","31.8","128.0","YAHOTYN, UP",,,,,,,,,"   99",",,u"
"UPM00033356","2008-05-03","50.217","31.8","128.0","YAHOTYN, UP",,,,,,,,,"  105",",,u"
"UPM00033356","2008-05-04","50.217","31.8","128.0","YAHOTYN, UP",,,,,,,,,"  118",",,u"
"UPM00033356","2008-05-05","50.217","31.8","128.0","YAHOTYN, UP",,,,,,,"   43",",,u","   81",",,u"
"UPM00033356","2008-05-06","50.217","31.8","128.0","YAHOTYN, UP",,,,,,,,,"   83",",,u"
"UPM00033356","2008-05-07","50.217","31.8","128.0","YAHOTYN, UP",,,,,,,"   28",",,u","   47",",,u"
"UPM00033356","2008-05-12","50.217","31.8","128.0","YAHOTYN, UP",,,,,,,"   63",",,u","  119",",,u"
"UPM00033356","2008-05-14","50.217","31.8","128.0","YAHOTYN, UP",,,,,,,,,"   65",",,u"
"UPM00033356","2008-05-15","50.217","31.8","128.0","YAHOTYN, UP",,,,,,,,,"   46",",,u"
"UPM00033356","2008-05-19","50.217","31.8","128.0","YAHOTYN, UP",,,,,,,,,"  144",",,u"
"UPM00033356","2008-05-20","50.217","31.8","128.0","YAHOTYN, UP",,,,,,,"  125",",,u","  198",",,u"
"UPM00033356","2008-05-22","50.217","31.8","128.0","YAHOTYN, UP",,,,,,,"  153",",,u","  202",",,u"
"UPM00033356","2008-05-23","50.217","31.8","128.0","YAHOTYN, UP",,,,,,,,,"  185",",,u"
"UPM00033356","2008-05-24","50.217","31.8","128.0","YAHOTYN, UP",,,,,,,,,"  152",",,u"
"UPM00033356","2008-05-25","50.217","31.8","128.0","YAHOTYN, UP",,,,,,,,,"  136",",,u"
"UPM00033356","2008-05-26","50.217","31.8","128.0","YAHOTYN, UP",,,,,,,,,"  119",",,u"
"UPM00033356","2008-05-27","50.217","31.8","128.0","YAHOTYN, UP",,,,,,,"   83",",,u","  111",",,u"
"UPM00033356","2008-05-30","50.217","31.8","128.0","YAHOTYN, UP",,,,,"  220",",,u",,,"  125",",,u"
"UPM00033356","2008-06-05","50.217","31.8","128.0","YAHOTYN, UP",,,,,,,"  102",",,u","  141",",,u"
"UPM00033356","2008-06-09","50.217","31.8","128.0","YAHOTYN, UP",,,,,,,,,"  124",",,u"
"UPM00033356","2008-06-10","50.217","31.8","128.0","YAHOTYN, UP",,,,,,,"  140",",,u","  216",",,u"
"UPM00033356","2008-06-11","50.217","31.8","128.0","YAHOTYN, UP",,,,,,,"  118",",,u","  222",",,u"
"UPM00033356","2008-06-13","50.217","31.8","128.0","YAHOTYN, UP",,,,,,,,,"  150",",,u"
"UPM00033356","2008-06-16","50.217","31.8","128.0","YAHOTYN, UP","   20","B,,u",,,"  217",",,u","  148",",,u","  170",",,u"
"UPM00033356","2008-06-17","50.217","31.8","128.0","YAHOTYN, UP",,,,,,,,,"  141",",,u"
"UPM00033356","2008-06-18","50.217","31.8","128.0","YAHOTYN, UP",,,,,,,,,"  153",",,u"
"UPM00033356","2008-06-19","50.217","31.8","128.0","YAHOTYN, UP",,,,,,,,,"  163",",,u"
"UPM00033356","2008-06-20","50.217","31.8","128.0","YAHOTYN, UP","   10","B,,u",,,,,"  156",",,u","  167",",,u"
"UPM00033356","2008-06-21","50.217","31.8","128.0","YAHOTYN, UP",,,,,,,,,"  164",",,u"
"UPM00033356","2008-06-23","50.217","31.8","128.0","YAHOTYN, UP",,,,,"  251",",,u",,,"  195",",,u"
"UPM00033356","2008-06-24","50.217","31.8","128.0","YAHOTYN, UP",,,,,,,"  154",",,u","  192",",,u"
"UPM00033356","2008-06-25","50.217","31.8","128.0","YAHOTYN, UP",,,,,,,"  151",",,u","  174",",,u"
"UPM00033356","2008-06-26","50.217","31.8","128.0","YAHOTYN, UP",,,,,,,"   71",",,u","  128",",,u"
"UPM00033356","2008-06-27","50.217","31.8","128.0","YAHOTYN, UP",,,,,,,"  152",",,u","  167",",,u"
"UPM00033356","2008-06-30","50.217","31.8","128.0","YAHOTYN, UP",,,,,,,"  142",",,u","  169",",,u"
"UPM00033356","2008-07-01","50.217","31.8","128.0","YAHOTYN, UP",,,,,,,,,"  121",",,u"
"UPM00033356","2008-07-02","50.217","31.8","128.0","YAHOTYN, UP",,,,,"  244",",,u",,,"  164",",,u"
"UPM00033356","2008-07-03","50.217","31.8","128.0","YAHOTYN, UP","    8","B,,u",,,,,"  148",",,u","  174",",,u"
"UPM00033356","2008-07-04","50.217","31.8","128.0","YAHOTYN, UP",,,,,,,,,"  207",",,u"
"UPM00033356","2008-07-05","50.217","31.8","128.0","YAHOTYN, UP","  120","B,,u",,,"  231",",,u","  169",",,u","  185",",,u"
"UPM00033356","2008-07-07","50.217","31.8","128.0","YAHOTYN, UP",,,,,"  267",",,u","  156",",,u","  215",",,u"
"UPM00033356","2008-07-08","50.217","31.8","128.0","YAHOTYN, UP",,,,,"  286",",,u","  184",",,u","  225",",,u"
"UPM00033356","2008-07-09","50.217","31.8","128.0","YAHOTYN, UP","   10","B,,u",,,"  255",",,u","  179",",I,u","  209",",,u"
"UPM00033356","2008-07-10","50.217","31.8","128.0","YAHOTYN, UP","  130","B,,u",,,"  155",",I,u","  145",",,u","  151",",,u"
"UPM00033356","2008-07-11","50.217","31.8","128.0","YAHOTYN, UP","   90","B,,u",,,"  206",",,u","  144",",,u","  186",",,u"
"UPM00033356","2008-07-12","50.217","31.8","128.0","YAHOTYN, UP",,,,,"  271",",,u","  134",",,u","  210",",,u"
"UPM00033356","2008-07-13","50.217","31.8","128.0","YAHOTYN, UP",,,,,"  291",",,u","  139",",,u","  227",",,u"
"UPM00033356","2008-07-14","50.217","31.8","128.0","YAHOTYN, UP",,,,,"  301",",,u","  165",",,u","  242",",,u"
"UPM00033356","2008-07-15","50.217","31.8","128.0","YAHOTYN, UP",,,,,"  317",",,u","  179",",,u","  250",",,u"
"UPM00033356","2008-07-16","50.217","31.8","128.0","YAHOTYN, UP","    5","B,,u",,,"  237",",,u","  185",",,u","  204",",,u"
"UPM00033356","2008-07-17","50.217","31.8","128.0","YAHOTYN, UP","    8","B,,u",,,"  253",",,u","  169",",,u","  207",",,u"
"UPM00033356","2008-07-18","50.217","31.8","128.0","YAHOTYN, UP","    4","B,,u",,,"  243",",,u","  189",",,u","  206",",,u"
"UPM00033356","2008-07-19","50.217","31.8","128.0","YAHOTYN, UP","    3","B,,u",,,"  268",",,u","  179",",,u","  212",",,u"
"UPM00033356","2008-07-20","50.217","31.8","128.0","YAHOTYN, UP","   40","B,,u",,,"  264",",,u","  134",",,u","  202",",,u"
"UPM00033356","2008-07-21","50.217","31.8","128.0","YAHOTYN, UP",,,,,"  305",",,u","  156",",,u","  243",",,u"
"UPM00033356","2008-07-22","50.217","31.8","128.0","YAHOTYN, UP",,,,,"  237",",,u","  180",",,u","  203",",,u"
"UPM00033356","2008-07-23","50.217","31.8","128.0","YAHOTYN, UP",,,,,"  323",",,u","  174",",,u","  251",",,u"
"UPM00033356","2008-07-24","50.217","31.8","128.0","YAHOTYN, UP",,,,,"  311",",,u","  196",",,u","  258",",,u"
"UPM00033356","2008-07-25","50.217","31.8","128.0","YAHOTYN, UP",,,,,,,"  197",",,u","  255",",,u"
"UPM00033356","2008-07-26","50.217","31.8","128.0","YAHOTYN, UP","   50","B,,u",,,"  246",",,u","  202",",,u","  214",",,u"
"UPM00033356","2008-07-27","50.217","31.8","128.0","YAHOTYN, UP","   30","B,,u",,,"  273",",,u","  179",",,u","  218",",,u"
"UPM00033356","2008-07-28","50.217","31.8","128.0","YAHOTYN, UP",,,,,"  271",",,u","  139",",,u","  198",",,u"
"UPM00033356","2008-07-29","50.217","31.8","128.0","YAHOTYN, UP","    0","B,,u",,,"  235",",,u","  117",",,u","  178",",,u"
"UPM00033356","2008-07-30","50.217","31.8","128.0","YAHOTYN, UP",,,,,"  234",",,u","   89",",,u","  167",",,u"
"UPM00033356","2008-07-31","50.217","31.8","128.0","YAHOTYN, UP",,,,,,,"   90",",,u","  127",",,u"
"UPM00033356","2008-08-01","50.217","31.8","128.0","YAHOTYN, UP",,,,,,,"   98",",,u","  210",",,u"
"UPM00033356","2008-08-03","50.217","31.8","128.0","YAHOTYN, UP",,,,,,,,,"  231",",,u"
"UPM00033356","2008-08-06","50.217","31.8","128.0","YAHOTYN, UP",,,,,,,,,"  148",",,u"
"UPM00033356","2008-08-07","50.217","31.8","128.0","YAHOTYN, UP",,,,,"  221",",,u",,,"  151",",,u"
"UPM00033356","2008-08-08","50.217","31.8","128.0","YAHOTYN, UP",,,,,"  241",",,u",,,"  129",",,u"
"UPM00033356","2008-08-09","50.217","31.8","128.0","YAHOTYN, UP",,,,,"  282",",,u",,,"  218",",,u"
"UPM00033356","2008-08-10","50.217","31.8","128.0","YAHOTYN, UP",,,,,"  283",",,u",,,"  198",",,u"
"UPM00033356","2008-08-11","50.217","31.8","128.0","YAHOTYN, UP",,,,,"  281",",,u",,,"  216",",,u"
"UPM00033356","2008-08-12","50.217","31.8","128.0","YAHOTYN, UP",,,,,"  296",",,u",,,"  226",",,u"
"UPM00033356","2008-08-14","50.217","31.8","128.0","YAHOTYN, UP",,,,,"  351",",,u",,,"  260",",,u"
"UPM00033356","2008-08-15","50.217","31.8","128.0","YAHOTYN, UP",,,,,,,,,"  206",",,u"
"UPM00033356","2008-08-16","50.217","31.8","128.0","YAHOTYN, UP",,,,,"  376",",,u",,,"  266",",,u"
"UPM00033356","2008-08-18","50.217","31.8","128.0","YAHOTYN, UP",,,,,,,,,"  196",",,u"
"UPM00033356","2008-08-19","50.217","31.8","128.0","YAHOTYN, UP",,,,,,,,,"  164",",,u"
"UPM00033356","2008-08-20","50.217","31.8","128.0","YAHOTYN, UP",,,,,,,"  118",",,u","  164",",,u"
"UPM00033356","2008-08-29","50.217","31.8","128.0","YAHOTYN, UP",,,,,,,"  136",",,u","  190",",,u"
"UPM00033356","2008-08-30","50.217","31.8","128.0","YAHOTYN, UP",,,,,"  160",",,u",,,"  142",",,u"
"UPM00033356","2008-08-31","50.217","31.8","128.0","YAHOTYN, UP",,,,,"  375",",,u","   77",",,u","  122",",,u"
"UPM00033356","2008-09-01","50.217","31.8","128.0","YAHOTYN, UP",,,,,,,"   88",",,u","  107",",,u"
"UPM00033356","2008-09-02","50.217","31.8","128.0","YAHOTYN, UP",,,,,"  248",",,u","   52",",,u","  124",",,u"
"UPM00033356","2008-09-03","50.217","31.8","128.0","YAHOTYN, UP",,,,,,,"  116",",,u","  176",",,u"
"UPM00033356","2008-09-04","50.217","31.8","128.0","YAHOTYN, UP",,,,,,,,,"  146",",,u"
"UPM00033356","2008-09-05","50.217","31.8","128.0","YAHOTYN, UP",,,,,,,,,"  142",",,u"
"UPM00033356","2008-09-06","50.217","31.8","128.0","YAHOTYN, UP",,,,,,,,,"  154",",,u"
"UPM00033356","2008-09-07","50.217","31.8","128.0","YAHOTYN, UP",,,,,,,,,"  150",",,u"
"UPM00033356","2008-09-08","50.217","31.8","128.0","YAHOTYN, UP",,,,,"  328",",,u",,,"  244",",,u"
"UPM00033356","2008-09-09","50.217","31.8","128.0","YAHOTYN, UP",,,,,"  260",",,u","  144",",,u","  179",",,u"
"UPM00033356","2008-09-10","50.217","31.8","128.0","YAHOTYN, UP",,,,,"  231",",,u","  144",",,u","  157",",,u"
"UPM00033356","2008-09-11","50.217","31.8","128.0","YAHOTYN, UP",,,,,"  200",",,u","  124",",,u","  132",",,u"
"UPM00033356","2008-09-12","50.217","31.8","128.0","YAHOTYN, UP",,,,,"  170",",,u","   90",",,u","  109",",,u"
"UPM00033356","2008-09-13","50.217","31.8","128.0","YAHOTYN, UP",,,,,"  127",",,u","   79",",,u","   91",",,u"
"UPM00033356","2008-09-14","50.217","31.8","128.0","YAHOTYN, UP","   50","B,,u",,,"  123",",,u","   35",",,u","   82",",,u"
"UPM00033356","2008-09-15","50.217","31.8","128.0","YAHOTYN, UP","    1","B,,u",,,"  127",",,u",,,"   92",",,u"
"UPM00033356","2008-09-16","50.217","31.8","128.0","YAHOTYN, UP",,,,,"  102",",,u",,,"   84",",,u"
"UPM00033356","2008-09-17","50.217","31.8","128.0","YAHOTYN, UP","   80","B,,u",,,,,"   79",",,u","   87",",,u"
"UPM00033356","2008-09-18","50.217","31.8","128.0","YAHOTYN, UP",,,,,,,"   89",",,u","   93",",,u"
"UPM00033356","2008-09-19","50.217","31.8","128.0","YAHOTYN, UP","   60","B,,u",,,,,"   79",",,u","   69",",,u"
"UPM00033356","2008-09-21","50.217","31.8","128.0","YAHOTYN, UP","   10","B,,u",,,"  135",",,u","   69",",,u","  110",",,u"
"UPM00033356","2008-09-22","50.217","31.8","128.0","YAHOTYN, UP","  470","B,,u",,,,,"   94",",,u","  104",",,u"
"UPM00033356","2008-09-23","50.217","31.8","128.0","YAHOTYN, UP",,,,,,,,,"  100",",,u"
"UPM00033356","2008-09-24","50.217","31.8","128.0","YAHOTYN, UP","    0","B,,u",,,"  105",",,u","   93",",,u","   94",",,u"
"UPM00033356","2008-09-25","50.217","31.8","128.0","YAHOTYN, UP","    0","B,,u",,,,,"   81",",,u","   85",",,u"
"UPM00033356","2008-09-26","50.217","31.8","128.0","YAHOTYN, UP",,,,,,,"   86",",,u","   98",",,u"
"UPM00033356","2008-09-29","50.217","31.8","128.0","YAHOTYN, UP",,,,,,,"   63",",,u","   98",",,u"
"UPM00033356","2008-09-30","50.217","31.8","128.0","YAHOTYN, UP",,,,,,,"   54",",,u","   79",",,u"
"UPM00033356","2008-10-01","50.217","31.8","128.0","YAHOTYN, UP",,,,,,,,,"   67",",,u"
"UPM00033356","2008-10-02","50.217","31.8","128.0","YAHOTYN, UP",,,,,,,,,"   88",",,u"
"UPM00033356","2008-10-03","50.217","31.8","128.0","YAHOTYN, UP",,,,,,,,,"  102",",,u"
"UPM00033356","2008-10-05","50.217","31.8","128.0","YAHOTYN, UP",,,,,"  170",",,u",,,"  165",",,u"
"UPM00033356","2008-10-06","50.217","31.8","128.0","YAHOTYN, UP",,,,,,,,,"  146",",,u"
"UPM00033356","2008-10-07","50.217","31.8","128.0","YAHOTYN, UP",,,,,,,,,"  112",",,u"
"UPM00033356","2008-10-08","50.217","31.8","128.0","YAHOTYN, UP",,,,,,,"   46",",,u","   70",",,u"
"UPM00033356","2008-10-13","50.217","31.8","128.0","YAHOTYN, UP",,,,,,,,,"  130",",,u"
"UPM00033356","2008-10-14","50.217","31.8","128.0","YAHOTYN, UP",,,,,,,"   63",",,u","   81",",,u"
"UPM00033356","2008-10-15","50.217","31.8","128.0","YAHOTYN, UP",,,,,"  168",",,u",,,"  116",",,u"
"UPM00033356","2008-10-16","50.217","31.8","128.0","YAHOTYN, UP",,,,,,,"   54",",,u","   88",",,u"
"UPM00033356","2008-10-17","50.217","31.8","128.0","YAHOTYN, UP",,,,,,,"  124",",,u","  127",",,u"
"UPM00033356","2008-10-18","50.217","31.8","128.0","YAHOTYN, UP",,,,,,,,,"   83",",,u"
"UPM00033356","2008-10-19","50.217","31.8","128.0","YAHOTYN, UP",,,,,,,,,"   86",",,u"
"UPM00033356","2008-10-20","50.217","31.8","128.0","YAHOTYN, UP",,,,,,,"   48",",,u","   78",",,u"
"UPM00033356","2008-10-21","50.217","31.8","128.0","YAHOTYN, UP",,,,,,,,,"   23",",,u"
"UPM00033356","2008-10-22","50.217","31.8","128.0","YAHOTYN, UP",,,,,,,"   29",",,u","   76",",,u"
"UPM00033356","2008-10-23","50.217","31.8","128.0","YAHOTYN, UP",,,,,,,,,"   53",",,u"
"UPM00033356","2008-10-24","50.217","31.8","128.0","YAHOTYN, UP","    0","B,,u",,,"   76",",,u","   39",",,u","   65",",,u"
"UPM00033356","2008-10-25","50.217","31.8","128.0","YAHOTYN, UP",,,,,,,,,"   73",",,u"
"UPM00033356","2008-10-27","50.217","31.8","128.0","YAHOTYN, UP",,,,,,,"    5",",,u","   22",",,u"
"UPM00033356","2008-10-28","50.217","31.8","128.0","YAHOTYN, UP",,,,,,,"   14",",,u","   33",",,u"
"UPM00033356","2008-10-29","50.217","31.8","128.0","YAHOTYN, UP",,,,,,,"   30",",,u","   64",",,u"
"UPM00033356","2008-10-30","50.217","31.8","128.0","YAHOTYN, UP",,,,,,,"   85",",,u","   96",",,u"
"UPM00033356","2008-10-31","50.217","31.8","128.0","YAHOTYN, UP",,,,,,,"   99",",,u","  124",",,u"
"UPM00033356","2008-11-02","50.217","31.8","128.0","YAHOTYN, UP",,,,,"  137",",,u",,,"  132",",,u"
"UPM00033356","2008-11-03","50.217","31.8","128.0","YAHOTYN, UP","    0","B,,u",,,,,"  113",",I,u","  118",",,u"
"UPM00033356","2008-11-04","50.217","31.8","128.0","YAHOTYN, UP",,,,,"   57",",I,u","   43",",,u","   40",",,u"
"UPM00033356","2008-11-05","50.217","31.8","128.0","YAHOTYN, UP","    0","B,,u",,,"   94",",,u","  -17",",,u","   57",",,u"
"UPM00033356","2008-11-06","50.217","31.8","128.0","YAHOTYN, UP","    4","B,,u",,,,,"   49",",,u","   52",",,u"
"UPM00033356","2008-11-07","50.217","31.8","128.0","YAHOTYN, UP",,,,,,,"  -22",",,u","   12",",,u"
"UPM00033356","2008-11-10","50.217","31.8","128.0","YAHOTYN, UP",,,,,,,"  -49",",,u","   11",",,u"
"UPM00033356","2008-11-11","50.217","31.8","128.0","YAHOTYN, UP",,,,,,,"  -62",",,u","  -17",",,u"
"UPM00033356","2008-11-12","50.217","31.8","128.0","YAHOTYN, UP",,,,,,,,,"   24",",,u"
"UPM00033356","2008-11-13","50.217","31.8","128.0","YAHOTYN, UP",,,,,,,"  -40",",,u","    4",",,u"
"UPM00033356","2008-11-14","50.217","31.8","128.0","YAHOTYN, UP",,,,,,,"   27",",,u","   35",",,u"
"UPM00033356","2008-11-16","50.217","31.8","128.0","YAHOTYN, UP",,,,,"  104",",,u",,,"   79",",,u"
"UPM00033356","2008-11-17","50.217","31.8","128.0","YAHOTYN, UP","    5","B,,u",,,,,"   67",",,u","   72",",,u"
"UPM00033356","2008-11-18","50.217","31.8","128.0","YAHOTYN, UP","    0","B,,u",,,,,"  -14",",,u","    3",",,u"
"UPM00033356","2008-11-19","50.217","31.8","128.0","YAHOTYN, UP",,,,,"   44",",,u","  -48",",,u","   -1",",,u"
"UPM00033356","2008-11-20","50.217","31.8","128.0","YAHOTYN, UP","    0","B,,u",,,,,"    4",",,u","   25",",,u"
"UPM00033356","2008-11-21","50.217","31.8","128.0","YAHOTYN, UP",,,,,,,"   47",",,u","   61",",,u"
"UPM00033356","2008-11-22","50.217","31.8","128.0","YAHOTYN, UP",,,,,"   94",",,u",,,"    0",",,u"
"UPM00033356","2008-11-23","50.217","31.8","128.0","YAHOTYN, UP","   90","B,,u",,,,,"  -27",",,u","  -14",",,u"
"UPM00033356","2008-11-24","50.217","31.8","128.0","YAHOTYN, UP",,,,,,,"  -50",",,u","  -19",",,u"
"UPM00033356","2008-11-25","50.217","31.8","128.0","YAHOTYN, UP","    0","B,,u",,,,,"  -34",",,u","   11",",,u"
"UPM00033356","2008-11-26","50.217","31.8","128.0","YAHOTYN, UP",,,,,,,,,"    2",",,u"
"UPM00033356","2008-11-27","50.217","31.8","128.0","YAHOTYN, UP",,,,,,,"  -25",",,u","  -13",",,u"
"UPM00033356","2008-11-28","50.217","31.8","128.0","YAHOTYN, UP","    0","B,,u",,,,,"   11",",,u","   18",",,u"
"UPM00033356","2008-11-30","50.217","31.8","128.0","YAHOTYN, UP",,,,,,,,,"   22",",,u"
"UPM00033356","2008-12-01","50.217","31.8","128.0","YAHOTYN, UP","    0","B,,u",,,,,"   23",",,u","   34",",,u"
"UPM00033356","2008-12-02","50.217","31.8","128.0","YAHOTYN, UP",,,,,,,"   55",",,u","   63",",,u"
"UPM00033356","2008-12-03","50.217","31.8","128.0","YAHOTYN, UP",,,,,,,"   71",",,u","   83",",,u"
"UPM00033356","2008-12-04","50.217","31.8","128.0","YAHOTYN, UP",,,,,,,"   75",",,u","   81",",,u"
"UPM00033356","2008-12-05","50.217","31.8","128.0","YAHOTYN, UP",,,,,,,"   67",",,u","   84",",,u"
"UPM00033356","2008-12-06","50.217","31.8","128.0","YAHOTYN, UP",,,,,,,,,"   81",",,u"
"UPM00033356","2008-12-07","50.217","31.8","128.0","YAHOTYN, UP",,,,,,,,,"   70",",,u"
"UPM00033356","2008-12-08","50.217","31.8","128.0","YAHOTYN, UP","  220","B,,u",,,,,"   23",",,u","   16",",,u"
"UPM00033356","2008-12-09","50.217","31.8","128.0","YAHOTYN, UP","   30","B,,u",,,,,"  -10",",,u","   -8",",,u"
"UPM00033356","2008-12-10","50.217","31.8","128.0","YAHOTYN, UP",,,,,,,"  -30",",,u","   -9",",,u"
"UPM00033356","2008-12-11","50.217","31.8","128.0","YAHOTYN, UP",,,,,,,"  -40",",,u","  -37",",,u"
"UPM00033356","2008-12-12","50.217","31.8","128.0","YAHOTYN, UP",,,,,,,"  -14",",,u","   -9",",,u"
"UPM00033356","2008-12-13","50.217","31.8","128.0","YAHOTYN, UP",,,,,,,,,"  -37",",,u"
"UPM00033356","2008-12-14","50.217","31.8","128.0","YAHOTYN, UP",,,,,"  -34",",,u",,,"  -40",",,u"
"UPM00033356","2008-12-15","50.217","31.8","128.0","YAHOTYN, UP",,,,,,,"  -47",",,u","  -43",",,u"
"UPM00033356","2008-12-16","50.217","31.8","128.0","YAHOTYN, UP",,,,,"  -43",",,u","  -50",",,u","  -49",",,u"
"UPM00033356","2008-12-17","50.217","31.8","128.0","YAHOTYN, UP","    0","B,,u",,,"  -41",",,u","  -54",",,u","  -47",",,u"
"UPM00033356","2008-12-18","50.217","31.8","128.0","YAHOTYN, UP",,,,,,,"  -55",",,u","  -54",",,u"
"UPM00033356","2008-12-19","50.217","31.8","128.0","YAHOTYN, UP","    6","B,,u",,,,,"  -47",",,u","  -34",",,u"
"UPM00033356","2008-12-20","50.217","31.8","128.0","YAHOTYN, UP",,,,,,,,,"  -29",",,u"
"UPM00033356","2008-12-21","50.217","31.8","128.0","YAHOTYN, UP",,,,,,,,,"  -58",",,u"
"UPM00033356","2008-12-22","50.217","31.8","128.0","YAHOTYN, UP",,,,,,,"  -59",",,u","  -42",",,u"
"UPM00033356","2008-12-23","50.217","31.8","128.0","YAHOTYN, UP","   40","B,,u",,,,,"  -19",",,u","    7",",,u"
"UPM00033356","2008-12-24","50.217","31.8","128.0","YAHOTYN, UP",,,,,,,"    3",",,u","    6",",,u"
"UPM00033356","2008-12-25","50.217","31.8","128.0","YAHOTYN, UP","   40","B,,u",,,,,"  -39",",,u","  -26",",,u"
"UPM00033356","2008-12-26","50.217","31.8","128.0","YAHOTYN, UP","    5","B,,u",,,,,"  -63",",,u","  -59",",,u"
"UPM00033356","2008-12-27","50.217","31.8","128.0","YAHOTYN, UP",,,,,,,,,"  -87",",,u"
"UPM00033356","2008-12-28","50.217","31.8","128.0","YAHOTYN, UP",,,,,,,,,"  -95",",,u"
"UPM00033356","2008-12-29","50.217","31.8","128.0","YAHOTYN, UP","    0","B,,u",,,,,"  -57",",,u","  -51",",,u"
"UPM00033356","2008-12-30","50.217","31.8","128.0","YAHOTYN, UP","   10","B,,u",,,,,"  -70",",,u","  -40",",,u"
"UPM00033356","2008-12-31","50.217","31.8","128.0","YAHOTYN, UP","    2","B,,u",,,,,"  -31",",,u","  -23",",,u"
"UPM00033356","2009-01-01","50.217","31.8","128.0","YAHOTYN, UP",,,,,,,,,"  -80",",,u"
"UPM00033356","2009-01-02","50.217","31.8","128.0","YAHOTYN, UP",,,,,,,,,"  -46",",,u"
"UPM00033356","2009-01-03","50.217","31.8","128.0","YAHOTYN, UP",,,,,,,,," -130",",,u"
"UPM00033356","2009-01-04","50.217","31.8","128.0","YAHOTYN, UP",,,,,,,,,"  -78",",,u"
"UPM00033356","2009-01-05","50.217","31.8","128.0","YAHOTYN, UP","    0","B,,u",,,"  -67",",,u","  -67",",,u","  -83",",,u"
"UPM00033356","2009-01-06","50.217","31.8","128.0","YAHOTYN, UP",,,,,,," -225",",,u"," -204",",,u"
"UPM00033356","2009-01-07","50.217","31.8","128.0","YAHOTYN, UP",,,,," -120",",,u"," -259",",,u"," -203",",,u"
"UPM00033356","2009-01-08","50.217","31.8","128.0","YAHOTYN, UP","    4","B,,u",,,,," -121",",,u","  -68",",,u"
"UPM00033356","2009-01-09","50.217","31.8","128.0","YAHOTYN, UP",,,,,,,,,"  -74",",,u"
"UPM00033356","2009-01-10","50.217","31.8","128.0","YAHOTYN, UP",,,,,,,,,"  -23",",,u"
"UPM00033356","2009-01-11","50.217","31.8","128.0","YAHOTYN, UP",,,,,"  -52",",,u",,,"  -91",",,u"
"UPM00033356","2009-01-12","50.217","31.8","128.0","YAHOTYN, UP",,,,,,,"  -80",",,u","  -46",",,u"
"UPM00033356","2009-01-13","50.217","31.8","128.0","YAHOTYN, UP",,,,,"   13",",,u","  -99",",,u","  -51",",,u"
"UPM00033356","2009-01-14","50.217","31.8","128.0","YAHOTYN, UP",,,,,,,"  -84",",,u","  -31",",,u"
"UPM00033356","2009-01-15","50.217","31.8","128.0","YAHOTYN, UP","   50","B,,u",,,"   18",",,u","   12",",,u","   12",",,u"
"UPM00033356","2009-01-16","50.217","31.8","128.0","YAHOTYN, UP","    9","B,,u",,,"    6",",,u","    0",",,u","    0",",,u"
"UPM00033356","2009-01-17","50.217","31.8","128.0","YAHOTYN, UP","   40","B,,u",,,,,"  -21",",,u","  -14",",,u"
"UPM00033356","2009-01-18","50.217","31.8","128.0","YAHOTYN, UP","    5","B,,u",,,,,"  -42",",,u","  -39",",,u"
"UPM00033356","2009-01-19","50.217","31.8","128.0","YAHOTYN, UP",,,,,,,,,"  -40",",,u"
"UPM00033356","2009-01-20","50.217","31.8","128.0","YAHOTYN, UP",,,,,,,,,"  -37",",,u"
"UPM00033356","2009-01-21","50.217","31.8","128.0","YAHOTYN, UP",,,,,,,,,"  -31",",,u"
"UPM00033356","2009-01-22","50.217","31.8","128.0","YAHOTYN, UP",,,,,"   12",",,u",,,"    8",",,u"
"UPM00033356","2009-01-23","50.217","31.8","128.0","YAHOTYN, UP",,,,,,,"    4",",,u","    6",",,u"
"UPM00033356","2009-01-26","50.217","31.8","128.0","YAHOTYN, UP","    0","B,,u",,,"   12",",,u","    2",",,u","    5",",,u"
"UPM00033356","2009-01-27","50.217","31.8","128.0","YAHOTYN, UP","    3","B,,u",,,"   12",",,u","    4",",,u","    9",",,u"
"UPM00033356","2009-01-28","50.217","31.8","128.0","YAHOTYN, UP","   10","B,,u",,,,,"    6",",,u","    7",",,u"
"UPM00033356","2009-01-30","50.217","31.8","128.0","YAHOTYN, UP","    0","B,,u",,,,,"   -9",",,u","    1",",,u"
"UPM00033356","2009-02-01","50.217","31.8","128.0","YAHOTYN, UP",,,,,"  -41",",,u",,,"  -56",",,u"
"UPM00033356","2009-02-02","50.217","31.8","128.0","YAHOTYN, UP",,,,,"  -71",",,u"," -128",",,u","  -49",",,u"
"UPM00033356","2009-02-03","50.217","31.8","128.0","YAHOTYN, UP",,,,,"  -41",",,u"," -139",",,u","  -94",",,u"
"UPM00033356","2009-02-04","50.217","31.8","128.0","YAHOTYN, UP","   10","B,,u",,,,,"  -41",",,u","  -30",",,u"
"UPM00033356","2009-02-05","50.217","31.8","128.0","YAHOTYN, UP","    0","B,,u",,,,,"    4",",,u","    6",",,u"
"UPM00033356","2009-02-06","50.217","31.8","128.0","YAHOTYN, UP","    0","B,,u",,,,,"    7",",,u","    8",",,u"
"UPM00033356","2009-02-09","50.217","31.8","128.0","YAHOTYN, UP","   70","B,,u",,,,,"   37",",,u","   45",",,u"
"UPM00033356","2009-02-10","50.217","31.8","128.0","YAHOTYN, UP",,,,,,,,,"   38",",,u"
"UPM00033356","2009-02-11","50.217","31.8","128.0","YAHOTYN, UP",,,,,,,,,"    2",",,u"
"UPM00033356","2009-02-12","50.217","31.8","128.0","YAHOTYN, UP","    6","B,,u",,,"   48",",,u","    5",",,u","   23",",,u"
"UPM00033356","2009-02-13","50.217","31.8","128.0","YAHOTYN, UP","   40","B,,u",,,,,"    3",",,u","    8",",,u"
"UPM00033356","2009-02-15","50.217","31.8","128.0","YAHOTYN, UP",,,,,"   22",",,u",,,"    9",",,u"
"UPM00033356","2009-02-16","50.217","31.8","128.0","YAHOTYN, UP","    9","B,,u",,,"   -1",",,u","   -2",",,u","   -3",",,u"
"UPM00033356","2009-02-17","50.217","31.8","128.0","YAHOTYN, UP","    0","B,,u",,,"   -2",",,u","  -27",",,u","  -26",",,u"
"UPM00033356","2009-02-18","50.217","31.8","128.0","YAHOTYN, UP",,,,,,,"  -45",",,u","  -36",",,u"
"UPM00033356","2009-02-19","50.217","31.8","128.0","YAHOTYN, UP","   10","B,,u",,,,,"   -3",",,u","    1",",,u"
"UPM00033356","2009-02-20","50.217","31.8","128.0","YAHOTYN, UP","   10","B,,u",,,,,"  -23",",,u","  -20",",,u"
"UPM00033356","2009-02-23","50.217","31.8","128.0","YAHOTYN, UP",,,,,"  -71",",,u"," -177",",,u"," -127",",,u"
"UPM00033356","2009-02-24","50.217","31.8","128.0","YAHOTYN, UP","    0","B,,u",,,,,"  -98",",,u","  -62",",,u"
"UPM00033356","2009-02-25","50.217","31.8","128.0","YAHOTYN, UP",,,,,"  -32",",,u"," -125",",,u","  -60",",,u"
"UPM00033356","2009-02-26","50.217","31.8","128.0","YAHOTYN, UP",,,,,,," -129",",,u"," -124",",,u"
"UPM00033356","2009-02-27","50.217","31.8","128.0","YAHOTYN, UP","    7","B,,u",,,,,"  -22",",,u","  -14",",,u"
"UPM00033356","2009-03-02","50.217","31.8","128.0","YAHOTYN, UP","    3","B,,u",,,,,"  -48",",,u","  -37",",,u"
"UPM00033356","2009-03-03","50.217","31.8","128.0","YAHOTYN, UP","    0","B,,u",,,,,"   11",",,u","   -9",",,u"
"UPM00033356","2009-03-04","50.217","31.8","128.0","YAHOTYN, UP",,,,,,,"  -10",",,u","   -6",",,u"
"UPM00033356","2009-03-05","50.217","31.8","128.0","YAHOTYN, UP",,,,,,,,,"  -20",",,u"
"UPM00033356","2009-03-06","50.217","31.8","128.0","YAHOTYN, UP",,,,,,,"  -19",",,u","  -17",",,u"
"UPM00033356","2009-03-07","50.217","31.8","128.0","YAHOTYN, UP",,,,,,,,,"    5",",,u"
"UPM00033356","2009-03-08","50.217","31.8","128.0","YAHOTYN, UP",,,,,,,,,"   24",",,u"
"UPM00033356","2009-03-10","50.217","31.8","128.0","YAHOTYN, UP",,,,,,,,,"    8",",,u"
"UPM00033356","2009-03-11","50.217","31.8","128.0","YAHOTYN, UP",,,,,,,,,"    5",",,u"
"UPM00033356","2009-03-12","50.217","31.8","128.0","YAHOTYN, UP",,,,,"  102",",,u",,,"   31",",,u"
"UPM00033356","2009-03-13","50.217","31.8","128.0","YAHOTYN, UP","    0","B,,u",,,,,"   -7",",,u","    6",",,u"
"UPM00033356","2009-03-16","50.217","31.8","128.0","YAHOTYN, UP",,,,,"   36",",,u","   -1",",,u","    6",",,u"
"UPM00033356","2009-03-17","50.217","31.8","128.0","YAHOTYN, UP",,,,,,,"  -26",",,u","  -15",",,u"
"UPM00033356","2009-03-18","50.217","31.8","128.0","YAHOTYN, UP","    0","B,,u",,,"   44",",,u","    7",",,u","   15",",,u"
"UPM00033356","2009-03-19","50.217","31.8","128.0","YAHOTYN, UP",,,,,"   52",",,u",,,"   16",",,u"
"UPM00033356","2009-03-20","50.217","31.8","128.0","YAHOTYN, UP",,,,,,,"    1",",,u","    4",",,u"
"UPM00033356","2009-03-23","50.217","31.8","128.0","YAHOTYN, UP",,,,,,,,,"  -31",",,u"
"UPM00033356","2009-03-24","50.217","31.8","128.0","YAHOTYN, UP","   10","B,,u",,,,,"    7",",,u","   16",",,u"
"UPM00033356","2009-03-25","50.217","31.8","128.0","YAHOTYN, UP",,,,,,,"    4",",,u","   11",",,u"
"UPM00033356","2009-03-26","50.217","31.8","128.0","YAHOTYN, UP",,,,,"   53",",,u","   -5",",,u","    7",",,u"
"UPM00033356","2009-03-27","50.217","31.8","128.0","YAHOTYN, UP",,,,,,,,,"   -7",",,u"
"UPM00033356","2009-03-29","50.217","31.8","128.0","YAHOTYN, UP",,,,,"  141",",,u",,,"   88",",,u"
"UPM00033356","2009-03-30","50.217","31.8","128.0","YAHOTYN, UP",,,,,,,"   47",",,u","   52",",,u"
"UPM00033356","2009-03-31","50.217","31.8","128.0","YAHOTYN, UP","    7","B,,u",,,"   93",",,u","   74",",,u","   74",",,u"
"UPM00033356","2009-04-01","50.217","31.8","128.0","YAHOTYN, UP",,,,,"  120",",,u","   -4",",,u","   40",",,u"
"UPM00033356","2009-04-02","50.217","31.8","128.0","YAHOTYN, UP",,,,,"  107",",,u",,,"   69",",,u"
"UPM00033356","2009-04-03","50.217","31.8","128.0","YAHOTYN, UP",,,,,,,"  -15",",,u","   14",",,u"
"UPM00033356","2009-04-04","50.217","31.8","128.0","YAHOTYN, UP",,,,,,,,,"   60",",,u"
"UPM00033356","2009-04-05","50.217","31.8","128.0","YAHOTYN, UP",,,,,"  185",",,u",,,"   90",",,u"
"UPM00033356","2009-04-06","50.217","31.8","128.0","YAHOTYN, UP","    0","B,,u",,,"  208",",,u","   48",",,u","  102",",,u"
"UPM00033356","2009-04-07","50.217","31.8","128.0","YAHOTYN, UP",,,,,,,"   15",",,u","  100",",,u"
"UPM00033356","2009-04-08","50.217","31.8","128.0","YAHOTYN, UP",,,,,,,,,"   71",",,u"
"UPM00033356","2009-04-09","50.217","31.8","128.0","YAHOTYN, UP",,,,,"  139",",,u","    4",",,u","   69",",,u"
"UPM00033356","2009-04-10","50.217","31.8","128.0","YAHOTYN, UP",,,,,,,"   15",",,u","   77",",,u"
"UPM00033356","2009-04-13","50.217","31.8","128.0","YAHOTYN, UP",,,,,,,"   55",",,u","   76",",,u"
"UPM00033356","2009-04-14","50.217","31.8","128.0","YAHOTYN, UP",,,,,,,"   24",",,u","  113",",,u"
"UPM00033356","2009-04-15","50.217","31.8","128.0","YAHOTYN, UP",,,,,,,"   17",",,u","   67",",,u"
"UPM00033356","2009-04-16","50.217","31.8","128.0","YAHOTYN, UP",,,,,"  191",",,u","   38",",,u","  108",",,u"
"UPM00033356","2009-04-17","50.217","31.8","128.0","YAHOTYN, UP",,,,,,,"   43",",,u","   57",",,u"
"UPM00033356","2009-04-20","50.217","31.8","128.0","YAHOTYN, UP",,,,,"  154",",,u",,,"  112",",,u"
"UPM00033356","2009-04-21","50.217","31.8","128.0","YAHOTYN, UP",,,,,,,"   61",",,u","   75",",,u"
"UPM00033356","2009-04-22","50.217","31.8","128.0","YAHOTYN, UP",,,,,,,"  -30",",,u","   40",",,u"
"UPM00033356","2009-04-23","50.217","31.8","128.0","YAHOTYN, UP",,,,,,,"  -18",",,u","   42",",,u"
"UPM00033356","2009-04-24","50.217","31.8","128.0","YAHOTYN, UP",,,,,,,"   34",",,u","  111",",,u"
"UPM00033356","2009-04-25","50.217","31.8","128.0","YAHOTYN, UP",,,,,"  165",",,u","   25",",,u","   94",",,u"
"UPM00033356","2009-04-26","50.217","31.8","128.0","YAHOTYN, UP",,,,,"  203",",,u",,,"  136",",,u"
"UPM00033356","2009-04-27","50.217","31.8","128.0","YAHOTYN, UP",,,,,"  223",",,u","   29",",,u","  120",",,u"
"UPM00033356","2009-04-28","50.217","31.8","128.0","YAHOTYN, UP",,,,,"  261",",,u","   55",",,u","  147",",,u"
"UPM00033356","2009-04-29","50.217","31.8","128.0","YAHOTYN, UP",,,,,"  271",",,u","  129",",,u","  205",",,u"
"UPM00033356","2009-04-30","50.217","31.8","128.0","YAHOTYN, UP","    0","B,,u",,,,,"  103",",,u","  154",",,u"
"UPM00033356","2009-05-04","50.217","31.8","128.0","YAHOTYN, UP",,,,,,,,,"   62",",,u"
"UPM00033356","2009-05-05","50.217","31.8","128.0","YAHOTYN, UP",,,,,,,,,"  145",",,u"
"UPM00033356","2009-05-06","50.217","31.8","128.0","YAHOTYN, UP",,,,,"  222",",,u","   45",",,u","  141",",,u"
"UPM00033356","2009-05-07","50.217","31.8","128.0","YAHOTYN, UP","    0","B,,u",,,,,"   79",",,u","  130",",,u"
"UPM00033356","2009-05-08","50.217","31.8","128.0","YAHOTYN, UP",,,,,,,,,"   98",",,u"
"UPM00033356","2009-05-12","50.217","31.8","128.0","YAHOTYN, UP",,,,,,,"  101",",,u","  164",",,u"
"UPM00033356","2009-05-13","50.217","31.8","128.0","YAHOTYN, UP","    0","B,,u",,,,,"   74",",,u","   93",",,u"
"UPM00033356","2009-05-14","50.217","31.8","128.0","YAHOTYN, UP",,,,,,,,,"  109",",,u"
"UPM00033356","2009-05-15","50.217","31.8","128.0","YAHOTYN, UP",,,,,,,"   54",",,u","   85",",,u"
"UPM00033356","2009-05-18","50.217","31.8","128.0","YAHOTYN, UP",,,,,,,,,"   97",",,u"
"UPM00033356","2009-05-19","50.217","31.8","128.0","YAHOTYN, UP",,,,,,,,,"   62",",,u"
"UPM00033356","2009-05-20","50.217","31.8","128.0","YAHOTYN, UP",,,,,,,,,"  116",",,u"
"UPM00033356","2009-05-21","50.217","31.8","128.0","YAHOTYN, UP",,,,,,,,,"  167",",,u"
"UPM00033356","2009-05-22","50.217","31.8","128.0","YAHOTYN, UP",,,,,,,,,"   97",",,u"
"UPM00033356","2009-05-25","50.217","31.8","128.0","YAHOTYN, UP",,,,,,,"  109",",,u","  131",",,u"
"UPM00033356","2009-05-27","50.217","31.8","128.0","YAHOTYN, UP",,,,,,,,,"  159",",,u"
"UPM00033356","2009-05-28","50.217","31.8","128.0","YAHOTYN, UP",,,,,,,"   91",",,u","  206",",,u"
"UPM00033356","2009-05-29","50.217","31.8","128.0","YAHOTYN, UP",,,,,,,,,"  164",",,u"
"UPM00033356","2009-06-01","50.217","31.8","128.0","YAHOTYN, UP","   20","B,,u",,,,,"  154",",,u","  206",",,u"
"UPM00033356","2009-06-02","50.217","31.8","128.0","YAHOTYN, UP",,,,,"  261",",,u","  155",",,u","  197",",,u"
"UPM00033356","2009-06-03","50.217","31.8","128.0","YAHOTYN, UP","  180","B,,u",,,,,"  162",",,u","  184",",,u"
"UPM00033356","2009-06-04","50.217","31.8","128.0","YAHOTYN, UP",,,,,,,"  114",",,u","  134",",,u"
"UPM00033356","2009-06-05","50.217","31.8","128.0","YAHOTYN, UP",,,,,,,,,"  139",",,u"
"UPM00033356","2009-06-07","50.217","31.8","128.0","YAHOTYN, UP",,,,,"  303",",,u",,,"  279",",,u"
"UPM00033356","2009-06-08","50.217","31.8","128.0","YAHOTYN, UP",,,,,"  271",",,u",,,"  235",",,u"
"UPM00033356","2009-06-09","50.217","31.8","128.0","YAHOTYN, UP","    8","B,,u",,,"  302",",,u","  158",",,u","  242",",,u"
"UPM00033356","2009-06-10","50.217","31.8","128.0","YAHOTYN, UP",,,,,"  329",",,u","  189",",,u","  258",",,u"
"UPM00033356","2009-06-11","50.217","31.8","128.0","YAHOTYN, UP",,,,,"  336",",,u","  179",",,u","  251",",,u"
"UPM00033356","2009-06-12","50.217","31.8","128.0","YAHOTYN, UP","   10","B,,u",,,,,"  193",",,u","  233",",,u"
"UPM00033356","2009-06-14","50.217","31.8","128.0","YAHOTYN, UP",,,,,,,,,"  100",",,u"
"UPM00033356","2009-06-15","50.217","31.8","128.0","YAHOTYN, UP",,,,,,,,,"  104",",,u"
"UPM00033356","2009-06-16","50.217","31.8","128.0","YAHOTYN, UP",,,,,,,"  145",",,u","  165",",,u"
"UPM00033356","2009-06-17","50.217","31.8","128.0","YAHOTYN, UP",,,,,,,,,"  155",",,u"
"UPM00033356","2012-09-01","50.217","31.8","128.0","YAHOTYN, UP",,,,,"  251",",,S","   86",",,S","  163","H,,S"
"UPM00033356","2012-09-02","50.217","31.8","128.0","YAHOTYN, UP",,,,,"  275",",,S","  104",",,S","  188","H,,S"
"UPM00033356","2012-09-03","50.217","31.8","128.0","YAHOTYN, UP",,,,,"  278",",,S","  129",",,S","  193","H,,S"
"UPM00033356","2012-09-04","50.217","31.8","128.0","YAHOTYN, UP",,,,,"  237",",,S","  126",",,S","  175","H,,S"
"UPM00033356","2012-09-05","50.217","31.8","128.0","YAHOTYN, UP",,,,,"  240",",,S",,,"  172","H,,S"
"UPM00033356","2012-09-06","50.217","31.8","128.0","YAHOTYN, UP",,,,,"  230",",,S","  114",",,S","  168","H,,S"
"UPM00033356","2012-09-07","50.217","31.8","128.0","YAHOTYN, UP",,,,,"  188",",,S","  117",",,S","  144","H,,S"
"UPM00033356","2012-09-08","50.217","31.8","128.0","YAHOTYN, UP",,,,,"  206",",,S","  104",",,S","  143","H,,S"
"UPM00033356","2012-09-09","50.217","31.8","128.0","YAHOTYN, UP",,,,,"  204",",,S",,,"  146","H,,S"
"UPM00033356","2012-09-10","50.217","31.8","128.0","YAHOTYN, UP",,,,,"  186",",,S","   49",",,S","  120","H,,S"
"UPM00033356","2012-09-11","50.217","31.8","128.0","YAHOTYN, UP",,,,,"  237",",,S","   53",",,S","  148","H,,S"
"UPM00033356","2012-09-12","50.217","31.8","128.0","YAHOTYN, UP",,,,,"  242",",,S","   74",",,S","  159","H,,S"
"UPM00033356","2012-09-13","50.217","31.8","128.0","YAHOTYN, UP",,,,,,,"   93",",,S","  169","H,,S"
"UPM00033356","2012-09-14","50.217","31.8","128.0","YAHOTYN, UP",,,,,"  272",",,S","   77",",,S","  176","H,,S"
"UPM00033356","2012-09-15","50.217","31.8","128.0","YAHOTYN, UP",,,,,"  285",",,S","  104",",,S","  192","H,,S"
"UPM00033356","2012-09-16","50.217","31.8","128.0","YAHOTYN, UP",,,,,"  205",",,S",,,"  147","H,,S"
"UPM00033356","2012-09-17","50.217","31.8","128.0","YAHOTYN, UP",,,,,"  189",",,S","   69",",,S","  132","H,,S"
"UPM00033356","2012-09-18","50.217","31.8","128.0","YAHOTYN, UP",,,,,"  224",",,S","   73",",,S","  149","H,,S"
"UPM00033356","2012-09-19","50.217","31.8","128.0","YAHOTYN, UP",,,,,"  247",",,S","  119",",,S","  169","H,,S"
"UPM00033356","2012-09-20","50.217","31.8","128.0","YAHOTYN, UP",,,,,"  263",",,S","   99",",,S","  177","H,,S"
"UPM00033356","2012-09-21","50.217","31.8","128.0","YAHOTYN, UP",,,,,"  206",",,S","  129",",,S","  151","H,,S"
"UPM00033356","2012-09-22","50.217","31.8","128.0","YAHOTYN, UP",,,,,"  176",",,S","  129",",,S","  151","H,,S"
"UPM00033356","2012-09-23","50.217","31.8","128.0","YAHOTYN, UP",,,,,"  184",",,S",,,"  135","H,,S"
"UPM00033356","2012-09-24","50.217","31.8","128.0","YAHOTYN, UP",,,,,"  195",",,S","   42",",,S","  107","H,,S"
"UPM00033356","2012-09-25","50.217","31.8","128.0","YAHOTYN, UP",,,,,"  245",",,S","   64",",,S","  157","H,,S"
"UPM00033356","2012-09-26","50.217","31.8","128.0","YAHOTYN, UP","  422","B,,S",,,"  176",",,S",,,"  158","H,,S"
"UPM00033356","2012-09-27","50.217","31.8","128.0","YAHOTYN, UP",,,,,"  206",",,S","  119",",,S","  163","H,,S"
"UPM00033356","2012-09-28","50.217","31.8","128.0","YAHOTYN, UP",,,,,"  262",",,S",,,"  186","H,,S"
"UPM00033356","2012-09-29","50.217","31.8","128.0","YAHOTYN, UP",,,,,"  205",",,S","   85",",,S","  138","H,,S"
"UPM00033356","2012-09-30","50.217","31.8","128.0","YAHOTYN, UP","    5","B,,S",,,"  198",",,S","   99",",,S","  141","H,,S"
"UPM00033356","2012-10-01","50.217","31.8","128.0","YAHOTYN, UP",,,,,"  185",",,S","   93",",,S","  130","H,,S"
"UPM00033356","2012-10-02","50.217","31.8","128.0","YAHOTYN, UP",,,,,"  235",",,S","   94",",,S","  157","H,,S"
"UPM00033356","2012-10-03","50.217","31.8","128.0","YAHOTYN, UP",,,,,"  256",",,S","  109",",,S","  175","H,,S"
"UPM00033356","2012-10-04","50.217","31.8","128.0","YAHOTYN, UP",,,,,"  222",",,S",,,"  167","H,,S"
"UPM00033356","2012-10-05","50.217","31.8","128.0","YAHOTYN, UP",,,,,"  182",",,S",,,"  130","H,,S"
"UPM00033356","2012-10-06","50.217","31.8","128.0","YAHOTYN, UP",,,,,"  232",",,S","   53",",,S","  131","H,,S"
"UPM00033356","2012-10-07","50.217","31.8","128.0","YAHOTYN, UP",,,,,"  237",",,S","   92",",,S","  157","H,,S"
"UPM00033356","2012-10-08","50.217","31.8","128.0","YAHOTYN, UP","   84","B,,S",,,,,,,"  106","H,,S"
"UPM00033356","2012-10-09","50.217","31.8","128.0","YAHOTYN, UP",,,,,"  132",",,S","   69",",,S","   91","H,,S"
"UPM00033356","2012-10-10","50.217","31.8","128.0","YAHOTYN, UP",,,,,"  140",",,S",,,"   90","H,,S"
"UPM00033356","2012-10-11","50.217","31.8","128.0","YAHOTYN, UP","   46","B,,S",,,"   69",",,S","    4",",,S","   44","H,,S"
"UPM00033356","2012-10-12","50.217","31.8","128.0","YAHOTYN, UP",,,,,"  102",",,S","   13",",,S","   53","H,,S"
"UPM00033356","2012-10-13","50.217","31.8","128.0","YAHOTYN, UP",,,,,"  126",",,S","   -6",",,S","   64","H,,S"
"UPM00033356","2012-10-14","50.217","31.8","128.0","YAHOTYN, UP","   20","B,,S",,,"   94",",,S","   62",",,S","   79","H,,S"
"UPM00033356","2012-10-15","50.217","31.8","128.0","YAHOTYN, UP","    0","B,,S",,,"  140",",,S","   83",",,S","  113","H,,S"
"UPM00033356","2012-10-16","50.217","31.8","128.0","YAHOTYN, UP",,,,,"  172",",,S","  114",",,S","  146","H,,S"
"UPM00033356","2012-10-17","50.217","31.8","128.0","YAHOTYN, UP","  112","B,,S",,,"  193",",,S",,,"  148","H,,S"
"UPM00033356","2012-10-18","50.217","31.8","128.0","YAHOTYN, UP","   30","B,,S",,,"  122",",,S","   98",",,S","  111","H,,S"
"UPM00033356","2012-10-19","50.217","31.8","128.0","YAHOTYN, UP",,,,,"  165",",,S","  114",",,S","  129","H,,S"
"UPM00033356","2012-10-20","50.217","31.8","128.0","YAHOTYN, UP",,,,,"  140",",,S","   71",",,S","  102","H,,S"
"UPM00033356","2012-10-21","50.217","31.8","128.0","YAHOTYN, UP",,,,,"  186",",,S",,,"  102","H,,S"
"UPM00033356","2012-10-22","50.217","31.8","128.0","YAHOTYN, UP",,,,,"  197",",,S","   24",",,S","  102","H,,S"
"UPM00033356","2012-10-23","50.217","31.8","128.0","YAHOTYN, UP","    0","B,,S",,,"  116",",,S",,,"   93","H,,S"
"UPM00033356","2012-10-24","50.217","31.8","128.0","YAHOTYN, UP",,,,,"   88",",,S",,,"   70","H,,S"
"UPM00033356","2012-10-25","50.217","31.8","128.0","YAHOTYN, UP","   13","B,,S",,,"   81",",,S","   48",",,S","   64","H,,S"
"UPM00033356","2012-10-26","50.217","31.8","128.0","YAHOTYN, UP",,,,,"  125",",,S",,,"   74","H,,S"
"UPM00033356","2012-10-27","50.217","31.8","128.0","YAHOTYN, UP",,,,,,,"  -38",",,S","   29","H,,S"
"UPM00033356","2012-10-28","50.217","31.8","128.0","YAHOTYN, UP","    3","B,,S",,,"  182",",,S","   66",",I,S","  133","H,,S"
"UPM00033356","2012-10-29","50.217","31.8","128.0","YAHOTYN, UP","   46","B,,S",,,"   39",",I,S","   27",",,S","   32","H,,S"
"UPM00033356","2012-10-30","50.217","31.8","128.0","YAHOTYN, UP","   99","B,,S",,,"   64",",,S",,,"   32","H,,S"
"UPM00033356","2012-10-31","50.217","31.8","128.0","YAHOTYN, UP",,,,,"   69",",,S","    5",",,S","   30","H,,S"
"UPM00033356","2012-11-01","50.217","31.8","128.0","YAHOTYN, UP",,,,,"  101",",,S","   -7",",,S","   52","H,,S"
"UPM00033356","2012-11-02","50.217","31.8","128.0","YAHOTYN, UP","  130","B,,S",,,,,"   39",",,S","   54","H,,S"
"UPM00033356","2012-11-03","50.217","31.8","128.0","YAHOTYN, UP",,,,,"  112",",,S",,,"   83","H,,S"
"UPM00033356","2012-11-04","50.217","31.8","128.0","YAHOTYN, UP",,,,,"  105",",,S","   46",",,S","   81","H,,S"
"UPM00033356","2012-11-05","50.217","31.8","128.0","YAHOTYN, UP",,,,,"  140",",,S","   99",",,S","  124","H,,S"
"UPM00033356","2012-11-06","50.217","31.8","128.0","YAHOTYN, UP","  140","B,,S",,,,,,,"   92","H,,S"
"UPM00033356","2012-11-07","50.217","31.8","128.0","YAHOTYN, UP",,,,,"   87",",,S","   21",",,S","   48","H,,S"
"UPM00033356","2012-11-08","50.217","31.8","128.0","YAHOTYN, UP","    0","B,,S",,,"   92",",,S","   49",",,S","   74","H,,S"
"UPM00033356","2012-11-09","50.217","31.8","128.0","YAHOTYN, UP",,,,,"  120",",,S",,,"   77","H,,S"
"UPM00033356","2012-11-10","50.217","31.8","128.0","YAHOTYN, UP","    0","B,,S",,,"  104",",,S","   53",",,S","   67","H,,S"
"UPM00033356","2012-11-11","50.217","31.8","128.0","YAHOTYN, UP",,,,,"   94",",,S","   26",",,S","   47","H,,S"
"UPM00033356","2012-11-12","50.217","31.8","128.0","YAHOTYN, UP",,,,,"  116",",,S","   29",",,S","   64","H,,S"
"UPM00033356","2012-11-13","50.217","31.8","128.0","YAHOTYN, UP",,,,,"   81",",,S",,,"   63","H,,S"
"UPM00033356","2012-11-14","50.217","31.8","128.0","YAHOTYN, UP",,,,,"   54",",,S","    1",",,S","   16","H,,S"
"UPM00033356","2012-11-15","50.217","31.8","128.0","YAHOTYN, UP",,,,,"   16",",,S",,,"   -1","H,,S"
"UPM00033356","2012-11-16","50.217","31.8","128.0","YAHOTYN, UP",,,,,"   29",",,S","  -12",",,S","   12","H,,S"
"UPM00033356","2012-11-17","50.217","31.8","128.0","YAHOTYN, UP","    0","B,,S",,,,,,,"    9","H,,S"
"UPM00033356","2012-11-18","50.217","31.8","128.0","YAHOTYN, UP",,,,,,,,,"   -6","H,,S"
"UPM00033356","2012-11-19","50.217","31.8","128.0","YAHOTYN, UP",,,,,"   36",",,S","   -6",",,S","   17","H,,S"
"UPM00033356","2012-11-20","50.217","31.8","128.0","YAHOTYN, UP",,,,,"   57",",,S",,,"   40","H,,S"
"UPM00033356","2012-11-21","50.217","31.8","128.0","YAHOTYN, UP",,,,,"   54",",,S","   27",",,S","   39","H,,S"
"UPM00033356","2012-11-22","50.217","31.8","128.0","YAHOTYN, UP",,,,,"   73",",,S",,,"   28","H,,S"
"UPM00033356","2012-11-23","50.217","31.8","128.0","YAHOTYN, UP",,,,,"   34",",,S","  -40",",,S","  -14","H,,S"
"UPM00033356","2012-11-24","50.217","31.8","128.0","YAHOTYN, UP",,,,,"    0",",,S","  -53",",,S","  -24","H,,S"
"UPM00033356","2012-11-25","50.217","31.8","128.0","YAHOTYN, UP",,,,,"    0",",,S","  -25",",,S","  -14","H,,S"
"UPM00033356","2012-11-26","50.217","31.8","128.0","YAHOTYN, UP",,,,,"   36",",,S","  -30",",,S","   11","H,,S"
"UPM00033356","2012-11-27","50.217","31.8","128.0","YAHOTYN, UP",,,,,"   39",",,S",,,"   29","H,,S"
"UPM00033356","2012-11-28","50.217","31.8","128.0","YAHOTYN, UP",,,,,"   59",",,S","   29",",,S","   41","H,,S"
"UPM00033356","2012-11-29","50.217","31.8","128.0","YAHOTYN, UP",,,,,,,"   49",",,S","   63","H,,S"
"UPM00033356","2012-11-30","50.217","31.8","128.0","YAHOTYN, UP",,,,,"  138",",,S",,,"   96","H,,S"
"UPM00033356","2012-12-01","50.217","31.8","128.0","YAHOTYN, UP","    3","B,,S",,,"   56",",,S","    6",",,S","   32","H,,S"
"UPM00033356","2012-12-02","50.217","31.8","128.0","YAHOTYN, UP",,,,,"   30",",,S",,,"   13","H,,S"
"UPM00033356","2012-12-03","50.217","31.8","128.0","YAHOTYN, UP","  140","B,,S",,,"   30",",,S","   -5",",,S","    9","H,,S"
"UPM00033356","2012-12-04","50.217","31.8","128.0","YAHOTYN, UP",,,,,"   -3",",,S","  -17",",,S","   -9","H,,S"
"UPM00033356","2012-12-05","50.217","31.8","128.0","YAHOTYN, UP",,,,,"    1",",,S","  -15",",,S","   -9","H,,S"
"UPM00033356","2012-12-06","50.217","31.8","128.0","YAHOTYN, UP","    5","B,,S",,,"   11",",,S","   -8",",,S","    3","H,,S"
"UPM00033356","2012-12-07","50.217","31.8","128.0","YAHOTYN, UP",,,,,,,,,"  -11","H,,S"
"UPM00033356","2012-12-08","50.217","31.8","128.0","YAHOTYN, UP",,,,,,,,,"  -31","H,,S"
"UPM00033356","2012-12-09","50.217","31.8","128.0","YAHOTYN, UP",,,,,"  -14",",,S","  -52",",,S","  -34","H,,S"
"UPM00033356","2012-12-10","50.217","31.8","128.0","YAHOTYN, UP","   41","B,,S",,,"   27",",,S","  -30",",,S","    3","H,,S"
"UPM00033356","2012-12-11","50.217","31.8","128.0","YAHOTYN, UP","   23","B,,S",,,,,,,"    3","H,,S"
"UPM00033356","2012-12-12","50.217","31.8","128.0","YAHOTYN, UP","   61","B,,S","   20",",,S",,,,,"  -26","H,,S"
"UPM00033356","2012-12-13","50.217","31.8","128.0","YAHOTYN, UP","    8","B,,S","   20",",,S",,,,,"  -34","H,,S"
"UPM00033356","2012-12-14","50.217","31.8","128.0","YAHOTYN, UP",,,"   10",",,S","  -20",",,S",,,"  -52","H,,S"
"UPM00033356","2012-12-15","50.217","31.8","128.0","YAHOTYN, UP",,,"   10",",,S","  -65",",,S",,,"  -81","H,,S"
"UPM00033356","2012-12-16","50.217","31.8","128.0","YAHOTYN, UP","    0","B,,S",,,,,,," -116","H,,S"
"UPM00033356","2012-12-17","50.217","31.8","128.0","YAHOTYN, UP",,,"   10",",,S","  -94",",,S"," -155",",,S"," -132","H,,S"
"UPM00033356","2012-12-18","50.217","31.8","128.0","YAHOTYN, UP",,,"   10",",,S"," -107",",,S"," -157",",,S"," -130","H,,S"
"UPM00033356","2012-12-19","50.217","31.8","128.0","YAHOTYN, UP",,,"   10",",,S"," -101",",,S"," -136",",,S"," -113","H,,S"
"UPM00033356","2012-12-20","50.217","31.8","128.0","YAHOTYN, UP",,,"   10",",,S",,," -148",",,S"," -125","H,,S"
"UPM00033356","2012-12-21","50.217","31.8","128.0","YAHOTYN, UP","    3","B,,S","   10",",,S","  -74",",,S"," -113",",,S","  -94","H,,S"
"UPM00033356","2012-12-22","50.217","31.8","128.0","YAHOTYN, UP","  119","B,,S","   79",",,S"," -106",",,S",,," -118","H,,S"
"UPM00033356","2012-12-23","50.217","31.8","128.0","YAHOTYN, UP","   25","B,,S","  150",",,S"," -107",",,S",,," -134","H,,S"
"UPM00033356","2012-12-24","50.217","31.8","128.0","YAHOTYN, UP","   20","B,,S","  150",",,S",,," -193",",,S"," -150","H,,S"
"UPM00033356","2012-12-25","50.217","31.8","128.0","YAHOTYN, UP",,,"  180",",,S",,," -129",",,S","  -64","H,,S"
"UPM00033356","2012-12-26","50.217","31.8","128.0","YAHOTYN, UP",,,"  170",",,S","   28",",,S","  -54",",,S","   10","H,,S"
"UPM00033356","2012-12-27","50.217","31.8","128.0","YAHOTYN, UP",,,"   99",",,S","   29",",,S","  -25",",,S","    4","H,,S"
"UPM00033356","2012-12-28","50.217","31.8","128.0","YAHOTYN, UP",,,"   79",",,S","   37",",,S",,,"    9","H,,S"
"UPM00033356","2012-12-29","50.217","31.8","128.0","YAHOTYN, UP",,,"   61",",,S","  -11",",,S",,,"  -51","H,,S"
"UPM00033356","2012-12-30","50.217","31.8","128.0","YAHOTYN, UP",,,"   71",",,S","    5",",,S","  -88",",,S","  -52","H,,S"
"UPM00033356","2012-12-31","50.217","31.8","128.0","YAHOTYN, UP",,,"   71",",,S","   -1",",,S"," -121",",,S","  -52","H,,S"
"UPM00033356","2013-01-01","50.217","31.8","128.0","YAHOTYN, UP",,,"   71",",,S","   43",",,S","  -50",",,S","  -14","H,,S"
"UPM00033356","2013-01-02","50.217","31.8","128.0","YAHOTYN, UP",,,"   61",",,S","   24",",,S","  -34",",,S","   -5","H,,S"
"UPM00033356","2013-01-03","50.217","31.8","128.0","YAHOTYN, UP","    0","B,,S","   61",",,S","   24",",,S","  -50",",,S","   -8","H,,S"
"UPM00033356","2013-01-04","50.217","31.8","128.0","YAHOTYN, UP","   23","B,,S","   71",",,S","   21",",,S","   -1",",,S","    7","H,,S"
"UPM00033356","2013-01-05","50.217","31.8","128.0","YAHOTYN, UP","    5","B,,S","   61",",,S","    5",",,S",,,"    0","H,,S"
"UPM00033356","2013-01-06","50.217","31.8","128.0","YAHOTYN, UP","   13","B,,S","   79",",,S","   -9",",,S",,,"  -30","H,,S"
"UPM00033356","2013-01-07","50.217","31.8","128.0","YAHOTYN, UP","   10","B,,S","   79",",,S","  -43",",,S","  -68",",,S","  -53","H,,S"
"UPM00033356","2013-01-08","50.217","31.8","128.0","YAHOTYN, UP","    0","B,,S","   79",",,S","  -39",",,S",,,"  -47","H,,S"
"UPM00033356","2013-01-09","50.217","31.8","128.0","YAHOTYN, UP","    0","B,,S","   79",",,S","  -75",",,S",,," -105","H,,S"
"UPM00033356","2013-01-10","50.217","31.8","128.0","YAHOTYN, UP",,,"   79",",,S",,," -179",",,S"," -132","H,,S"
"UPM00033356","2013-01-11","50.217","31.8","128.0","YAHOTYN, UP",,,,,,,,,"  -43","H,,S"
"UPM00033356","2013-01-12","50.217","31.8","128.0","YAHOTYN, UP",,,,,,,,,"  -36","H,,S"
"UPM00033356","2013-01-13","50.217","31.8","128.0","YAHOTYN, UP",,,,,,,,,"  -47","H,,S"
"UPM00033356","2013-01-14","50.217","31.8","128.0","YAHOTYN, UP",,,,,,,,,"  -63","H,,S"
"UPM00033356","2013-01-15","50.217","31.8","128.0","YAHOTYN, UP",,,,,,,,,"  -49","H,,S"
"UPM00033356","2013-01-16","50.217","31.8","128.0","YAHOTYN, UP",,,,,,,,,"   16","H,,S"
"UPM00033356","2013-01-17","50.217","31.8","128.0","YAHOTYN, UP",,,,,,,,,"   15","H,,S"
"UPM00033356","2013-01-18","50.217","31.8","128.0","YAHOTYN, UP",,,,,,,,,"  -11","H,,S"
"UPM00033356","2013-01-19","50.217","31.8","128.0","YAHOTYN, UP",,,,,,,,,"   -1","H,,S"
"UPM00033356","2013-01-20","50.217","31.8","128.0","YAHOTYN, UP",,,,,,,,,"   -4","H,,S"
"UPM00033356","2013-01-21","50.217","31.8","128.0","YAHOTYN, UP",,,,,,,,,"   -3","H,,S"
"UPM00033356","2013-01-22","50.217","31.8","128.0","YAHOTYN, UP",,,,,,,,,"  -40","H,,S"
"UPM00033356","2013-01-23","50.217","31.8","128.0","YAHOTYN, UP",,,,,,,,,"  -57","H,,S"
"UPM00033356","2013-01-24","50.217","31.8","128.0","YAHOTYN, UP",,,,,,,,,"  -70","H,,S"
"UPM00033356","2013-01-25","50.217","31.8","128.0","YAHOTYN, UP",,,,,,,,," -111","H,,S"
"UPM00033356","2013-01-26","50.217","31.8","128.0","YAHOTYN, UP",,,,,,,,," -118","H,,S"
"UPM00033356","2013-01-27","50.217","31.8","128.0","YAHOTYN, UP",,,,,,,,,"  -94","H,,S"
"UPM00033356","2013-01-28","50.217","31.8","128.0","YAHOTYN, UP",,,,,,,,,"  -51","H,,S"
"UPM00033356","2013-02-26","50.217","31.8","128.0","YAHOTYN, UP",,,,,,,,,"  -12","H,,S"
"UPM00033356","2013-02-27","50.217","31.8","128.0","YAHOTYN, UP",,,,,,,,,"  -12","H,,S"
"UPM00033356","2013-02-28","50.217","31.8","128.0","YAHOTYN, UP",,,,,,,,,"   12","H,,S"
"UPM00033356","2013-03-01","50.217","31.8","128.0","YAHOTYN, UP",,,,,,,,,"   16","H,,S"
"UPM00033356","2013-03-02","50.217","31.8","128.0","YAHOTYN, UP",,,,,,,,,"   11","H,,S"
"UPM00033356","2013-03-03","50.217","31.8","128.0","YAHOTYN, UP",,,,,,,,,"    8","H,,S"
"UPM00033356","2013-03-04","50.217","31.8","128.0","YAHOTYN, UP",,,,,,,,,"  -41","H,,S"
"UPM00033356","2013-03-05","50.217","31.8","128.0","YAHOTYN, UP",,,,,,,,,"  -48","H,,S"
"UPM00033356","2013-03-06","50.217","31.8","128.0","YAHOTYN, UP",,,,,,,,,"   19","H,,S"
"UPM00033356","2013-03-07","50.217","31.8","128.0","YAHOTYN, UP",,,,,,,,,"   23","H,,S"
"UPM00033356","2013-03-08","50.217","31.8","128.0","YAHOTYN, UP",,,,,,,,,"   -2","H,,S"
"UPM00033356","2013-03-09","50.217","31.8","128.0","YAHOTYN, UP",,,,,,,,,"  -22","H,,S"
"UPM00033356","2013-03-10","50.217","31.8","128.0","YAHOTYN, UP",,,,,,,,,"  -14","H,,S"
"UPM00033356","2013-03-13","50.217","31.8","128.0","YAHOTYN, UP",,,,,,,,,"  -11","H,,S"
"UPM00033356","2013-03-14","50.217","31.8","128.0","YAHOTYN, UP",,,,,,,,,"   26","H,,S"
"UPM00033356","2013-03-15","50.217","31.8","128.0","YAHOTYN, UP",,,,,,,,,"   56","H,,S"
"UPM00033356","2013-03-16","50.217","31.8","128.0","YAHOTYN, UP",,,,,,,,,"  -43","H,,S"
"UPM00033356","2013-03-17","50.217","31.8","128.0","YAHOTYN, UP",,,,,,,,,"  -47","H,,S"
"UPM00033356","2013-03-18","50.217","31.8","128.0","YAHOTYN, UP",,,,,,,,,"  -31","H,,S"
"UPM00033356","2013-03-19","50.217","31.8","128.0","YAHOTYN, UP",,,,,,,,,"   -5","H,,S"
"UPM00033356","2013-03-20","50.217","31.8","128.0","YAHOTYN, UP",,,,,,,,,"    7","H,,S"
"UPM00033356","2013-03-21","50.217","31.8","128.0","YAHOTYN, UP",,,,,,,,,"   10","H,,S"
"UPM00033356","2013-03-22","50.217","31.8","128.0","YAHOTYN, UP",,,,,,,,,"   -4","H,,S"
"UPM00033356","2013-03-24","50.217","31.8","128.0","YAHOTYN, UP",,,,,,,,,"  -73","H,,S"
"UPM00033356","2013-03-25","50.217","31.8","128.0","YAHOTYN, UP",,,,,,,,,"  -57","H,,S"
"UPM00033356","2013-03-26","50.217","31.8","128.0","YAHOTYN, UP",,,,,,,,,"  -49","H,,S"
"UPM00033356","2013-03-27","50.217","31.8","128.0","YAHOTYN, UP",,,,,,,,,"  -43","H,,S"
"UPM00033356","2013-03-28","50.217","31.8","128.0","YAHOTYN, UP",,,,,,,,,"  -53","H,,S"
"UPM00033356","2013-03-29","50.217","31.8","128.0","YAHOTYN, UP",,,,,,,,,"  -43","H,,S"
"UPM00033356","2013-03-30","50.217","31.8","128.0","YAHOTYN, UP",,,,,,,,,"   -2","H,,S"
"UPM00033356","2013-03-31","50.217","31.8","128.0","YAHOTYN, UP",,,,,,,,,"   29","H,,S"
"UPM00033356","2013-04-01","50.217","31.8","128.0","YAHOTYN, UP",,,,,,,,,"   63","H,,S"
"UPM00033356","2013-04-02","50.217","31.8","128.0","YAHOTYN, UP",,,,,,,,,"   21","H,,S"
"UPM00033356","2013-04-03","50.217","31.8","128.0","YAHOTYN, UP",,,,,,,,,"   23","H,,S"
"UPM00033356","2013-04-04","50.217","31.8","128.0","YAHOTYN, UP",,,,,,,,,"   51","H,,S"
"UPM00033356","2013-04-05","50.217","31.8","128.0","YAHOTYN, UP",,,,,,,,,"   61","H,,S"
"UPM00033356","2013-04-06","50.217","31.8","128.0","YAHOTYN, UP",,,,,,,,,"   45","H,,S"
"UPM00033356","2013-04-07","50.217","31.8","128.0","YAHOTYN, UP",,,,,,,,,"   17","H,,S"
"UPM00033356","2013-04-08","50.217","31.8","128.0","YAHOTYN, UP",,,,,,,,,"   18","H,,S"
"UPM00033356","2013-04-09","50.217","31.8","128.0","YAHOTYN, UP",,,,,,,,,"   39","H,,S"
"UPM00033356","2013-04-10","50.217","31.8","128.0","YAHOTYN, UP",,,,,,,,,"   63","H,,S"
"UPM00033356","2013-04-11","50.217","31.8","128.0","YAHOTYN, UP",,,,,,,,,"   82","H,,S"
"UPM00033356","2013-04-12","50.217","31.8","128.0","YAHOTYN, UP",,,,,,,,,"   86","H,,S"
"UPM00033356","2013-04-13","50.217","31.8","128.0","YAHOTYN, UP",,,,,,,,,"   87","H,,S"
"UPM00033356","2013-04-14","50.217","31.8","128.0","YAHOTYN, UP",,,,,,,,,"   91","H,,S"
"UPM00033356","2013-04-15","50.217","31.8","128.0","YAHOTYN, UP",,,,,,,,,"  104","H,,S"
"UPM00033356","2013-04-16","50.217","31.8","128.0","YAHOTYN, UP",,,,,,,,,"  113","H,,S"
"UPM00033356","2013-04-17","50.217","31.8","128.0","YAHOTYN, UP",,,,,,,,,"  118","H,,S"
"UPM00033356","2013-04-18","50.217","31.8","128.0","YAHOTYN, UP",,,,,,,,,"  137","H,,S"
"UPM00033356","2013-04-19","50.217","31.8","128.0","YAHOTYN, UP",,,,,,,,,"  151","H,,S"
"UPM00033356","2013-04-20","50.217","31.8","128.0","YAHOTYN, UP",,,,,,,,,"  166","H,,S"
"UPM00033356","2013-04-21","50.217","31.8","128.0","YAHOTYN, UP",,,,,,,,,"  115","H,,S"
"UPM00033356","2013-04-22","50.217","31.8","128.0","YAHOTYN, UP",,,,,,,,,"   24","H,,S"
"UPM00033356","2013-04-23","50.217","31.8","128.0","YAHOTYN, UP",,,,,,,,,"  102","H,,S"
"UPM00033356","2013-04-24","50.217","31.8","128.0","YAHOTYN, UP",,,,,,,,,"  143","H,,S"
"UPM00033356","2013-04-25","50.217","31.8","128.0","YAHOTYN, UP",,,,,,,,,"  146","H,,S"
"UPM00033356","2013-04-26","50.217","31.8","128.0","YAHOTYN, UP",,,,,,,,,"  134","H,,S"
"UPM00033356","2013-04-27","50.217","31.8","128.0","YAHOTYN, UP",,,,,,,,,"  210","H,,S"
"UPM00033356","2013-04-28","50.217","31.8","128.0","YAHOTYN, UP",,,,,,,,,"  212","H,,S"
"UPM00033356","2013-04-29","50.217","31.8","128.0","YAHOTYN, UP",,,,,,,,,"  144","H,,S"
"UPM00033356","2013-04-30","50.217","31.8","128.0","YAHOTYN, UP",,,,,,,,,"  204","H,,S"
"UPM00033356","2013-05-01","50.217","31.8","128.0","YAHOTYN, UP",,,,,,,,,"  173","H,,S"
"UPM00033356","2013-05-02","50.217","31.8","128.0","YAHOTYN, UP",,,,,,,,,"  149","H,,S"
"UPM00033356","2013-05-03","50.217","31.8","128.0","YAHOTYN, UP",,,,,,,,,"  187","H,,S"
"UPM00033356","2013-05-04","50.217","31.8","128.0","YAHOTYN, UP",,,,,,,,,"  217","H,,S"
"UPM00033356","2013-05-05","50.217","31.8","128.0","YAHOTYN, UP",,,,,,,,,"  162","H,,S"
"UPM00033356","2013-05-06","50.217","31.8","128.0","YAHOTYN, UP",,,,,,,,,"  169","H,,S"
"UPM00033356","2013-05-07","50.217","31.8","128.0","YAHOTYN, UP",,,,,,,,,"  157","H,,S"
"UPM00033356","2013-05-08","50.217","31.8","128.0","YAHOTYN, UP",,,,,,,,,"  178","H,,S"
"UPM00033356","2013-05-09","50.217","31.8","128.0","YAHOTYN, UP",,,,,,,,,"  194","H,,S"
"UPM00033356","2013-05-10","50.217","31.8","128.0","YAHOTYN, UP",,,,,,,,,"  203","H,,S"
"UPM00033356","2013-05-11","50.217","31.8","128.0","YAHOTYN, UP",,,,,,,,,"  210","H,,S"
"UPM00033356","2013-05-12","50.217","31.8","128.0","YAHOTYN, UP",,,,,,,,,"  213","H,,S"
"UPM00033356","2013-05-13","50.217","31.8","128.0","YAHOTYN, UP",,,,,,,,,"  212","H,,S"
"UPM00033356","2013-05-14","50.217","31.8","128.0","YAHOTYN, UP",,,,,,,,,"  204","H,,S"
"UPM00033356","2013-05-15","50.217","31.8","128.0","YAHOTYN, UP",,,,,,,,,"  198","H,,S"
"UPM00033356","2013-05-16","50.217","31.8","128.0","YAHOTYN, UP",,,,,,,,,"  211","H,,S"
"UPM00033356","2013-05-17","50.217","31.8","128.0","YAHOTYN, UP",,,,,,,,,"  217","H,,S"
"UPM00033356","2013-05-18","50.217","31.8","128.0","YAHOTYN, UP",,,,,,,,,"  203","H,,S"
"UPM00033356","2013-05-19","50.217","31.8","128.0","YAHOTYN, UP",,,,,,,,,"  209","H,,S"
"UPM00033356","2013-05-20","50.217","31.8","128.0","YAHOTYN, UP",,,,,,,,,"  227","H,,S"
"UPM00033356","2013-05-21","50.217","31.8","128.0","YAHOTYN, UP",,,,,,,,,"  204","H,,S"
"UPM00033356","2013-05-22","50.217","31.8","128.0","YAHOTYN, UP",,,,,,,,,"  175","H,,S"
"UPM00033356","2013-05-23","50.217","31.8","128.0","YAHOTYN, UP",,,,,,,,,"  171","H,,S"
"UPM00033356","2013-05-24","50.217","31.8","128.0","YAHOTYN, UP",,,,,,,,,"  192","H,,S"
"UPM00033356","2013-05-25","50.217","31.8","128.0","YAHOTYN, UP",,,,,,,,,"  165","H,,S"
"UPM00033356","2013-05-26","50.217","31.8","128.0","YAHOTYN, UP",,,,,,,,,"  174","H,,S"
"UPM00033356","2013-05-27","50.217","31.8","128.0","YAHOTYN, UP",,,,,,,,,"  183","H,,S"
"UPM00033356","2013-05-28","50.217","31.8","128.0","YAHOTYN, UP",,,,,,,,,"  141","H,,S"
"UPM00033356","2013-05-29","50.217","31.8","128.0","YAHOTYN, UP",,,,,,,,,"  163","H,,S"
"UPM00033356","2013-05-30","50.217","31.8","128.0","YAHOTYN, UP",,,,,,,,,"  216","H,,S"
"UPM00033356","2013-06-01","50.217","31.8","128.0","YAHOTYN, UP",,,,,,,,,"  193","H,,S"
"UPM00033356","2013-06-02","50.217","31.8","128.0","YAHOTYN, UP",,,,,,,,,"  162","H,,S"
"UPM00033356","2013-06-03","50.217","31.8","128.0","YAHOTYN, UP",,,,,,,,,"  165","H,,S"
"UPM00033356","2013-06-04","50.217","31.8","128.0","YAHOTYN, UP",,,,,,,,,"  189","H,,S"
"UPM00033356","2013-06-05","50.217","31.8","128.0","YAHOTYN, UP",,,,,,,,,"  212","H,,S"
"UPM00033356","2013-06-06","50.217","31.8","128.0","YAHOTYN, UP",,,,,,,,,"  188","H,,S"
"UPM00033356","2013-06-07","50.217","31.8","128.0","YAHOTYN, UP",,,,,,,,,"  199","H,,S"
"UPM00033356","2013-06-08","50.217","31.8","128.0","YAHOTYN, UP",,,,,,,,,"  195","H,,S"
"UPM00033356","2013-06-09","50.217","31.8","128.0","YAHOTYN, UP",,,,,,,,,"  214","H,,S"
"UPM00033356","2013-06-10","50.217","31.8","128.0","YAHOTYN, UP",,,,,,,,,"  225","H,,S"
"UPM00033356","2013-06-11","50.217","31.8","128.0","YAHOTYN, UP",,,,,,,,,"  225","H,,S"
"UPM00033356","2013-06-12","50.217","31.8","128.0","YAHOTYN, UP",,,,,,,,,"  212","H,,S"
"UPM00033356","2013-06-13","50.217","31.8","128.0","YAHOTYN, UP",,,,,,,,,"  221","H,,S"
"UPM00033356","2013-06-14","50.217","31.8","128.0","YAHOTYN, UP",,,,,,,,,"  230","H,,S"
"UPM00033356","2013-06-15","50.217","31.8","128.0","YAHOTYN, UP",,,,,,,,,"  233","H,,S"
"UPM00033356","2013-06-16","50.217","31.8","128.0","YAHOTYN, UP",,,,,,,,,"  235","H,,S"
"UPM00033356","2013-06-17","50.217","31.8","128.0","YAHOTYN, UP",,,,,,,,,"  243","H,,S"
"UPM00033356","2013-06-18","50.217","31.8","128.0","YAHOTYN, UP",,,,,,,,,"  204","H,,S"
"UPM00033356","2013-06-19","50.217","31.8","128.0","YAHOTYN, UP",,,,,,,,,"  199","H,,S"
"UPM00033356","2013-06-20","50.217","31.8","128.0","YAHOTYN, UP",,,,,,,,,"  201","H,,S"
"UPM00033356","2013-06-21","50.217","31.8","128.0","YAHOTYN, UP",,,,,,,,,"  235","H,,S"
"UPM00033356","2013-06-22","50.217","31.8","128.0","YAHOTYN, UP",,,,,,,,,"  236","H,,S"
"UPM00033356","2013-06-23","50.217","31.8","128.0","YAHOTYN, UP",,,,,,,,,"  233","H,,S"
"UPM00033356","2013-06-24","50.217","31.8","128.0","YAHOTYN, UP",,,,,,,,,"  213","H,,S"
"UPM00033356","2013-06-25","50.217","31.8","128.0","YAHOTYN, UP",,,,,,,,,"  230","H,,S"
"UPM00033356","2013-06-26","50.217","31.8","128.0","YAHOTYN, UP",,,,,,,,,"  257","H,,S"
"UPM00033356","2013-06-27","50.217","31.8","128.0","YAHOTYN, UP",,,,,,,,,"  255","H,,S"
"UPM00033356","2013-06-28","50.217","31.8","128.0","YAHOTYN, UP",,,,,,,,,"  249","H,,S"
"UPM00033356","2013-07-02","50.217","31.8","128.0","YAHOTYN, UP",,,,,,,,,"  201","H,,S"
"UPM00033356","2013-07-03","50.217","31.8","128.0","YAHOTYN, UP",,,,,,,,,"  202","H,,S"
"UPM00033356","2013-07-04","50.217","31.8","128.0","YAHOTYN, UP",,,,,,,,,"  239","H,,S"
"UPM00033356","2013-07-05","50.217","31.8","128.0","YAHOTYN, UP",,,,,,,,,"  252","H,,S"
"UPM00033356","2013-07-06","50.217","31.8","128.0","YAHOTYN, UP",,,,,,,,,"  240","H,,S"
"UPM00033356","2013-07-07","50.217","31.8","128.0","YAHOTYN, UP",,,,,,,,,"  239","H,,S"
"UPM00033356","2013-07-08","50.217","31.8","128.0","YAHOTYN, UP",,,,,,,,,"  227","H,,S"
"UPM00033356","2013-07-09","50.217","31.8","128.0","YAHOTYN, UP",,,,,,,,,"  223","H,,S"
"UPM00033356","2013-07-10","50.217","31.8","128.0","YAHOTYN, UP",,,,,,,,,"  218","H,,S"
"UPM00033356","2013-07-11","50.217","31.8","128.0","YAHOTYN, UP",,,,,,,,,"  201","H,,S"
"UPM00033356","2013-07-12","50.217","31.8","128.0","YAHOTYN, UP",,,,,,,,,"  229","H,,S"
"UPM00033356","2013-07-13","50.217","31.8","128.0","YAHOTYN, UP",,,,,,,,,"  222","H,,S"
"UPM00033356","2013-07-14","50.217","31.8","128.0","YAHOTYN, UP",,,,,,,,,"  192","H,,S"
"UPM00033356","2013-07-15","50.217","31.8","128.0","YAHOTYN, UP",,,,,,,,,"  191","H,,S"
"UPM00033356","2013-07-16","50.217","31.8","128.0","YAHOTYN, UP",,,,,,,,,"  207","H,,S"
"UPM00033356","2013-07-17","50.217","31.8","128.0","YAHOTYN, UP",,,,,,,,,"  201","H,,S"
"UPM00033356","2013-07-18","50.217","31.8","128.0","YAHOTYN, UP",,,,,,,,,"  211","H,,S"
"UPM00033356","2013-07-19","50.217","31.8","128.0","YAHOTYN, UP",,,,,,,,,"  216","H,,S"
"UPM00033356","2013-07-20","50.217","31.8","128.0","YAHOTYN, UP",,,,,,,,,"  180","H,,S"
"UPM00033356","2013-07-21","50.217","31.8","128.0","YAHOTYN, UP",,,,,,,,,"  161","H,,S"
"UPM00033356","2013-07-22","50.217","31.8","128.0","YAHOTYN, UP",,,,,,,,,"  168","H,,S"
"UPM00033356","2013-07-23","50.217","31.8","128.0","YAHOTYN, UP",,,,,,,,,"  151","H,,S"
"UPM00033356","2013-07-24","50.217","31.8","128.0","YAHOTYN, UP",,,,,,,,,"  193","H,,S"
"UPM00033356","2013-07-26","50.217","31.8","128.0","YAHOTYN, UP",,,,,,,,,"  197","H,,S"
"UPM00033356","2013-07-27","50.217","31.8","128.0","YAHOTYN, UP",,,,,,,,,"  202","H,,S"
"UPM00033356","2013-07-28","50.217","31.8","128.0","YAHOTYN, UP",,,,,,,,,"  214","H,,S"
"UPM00033356","2013-07-29","50.217","31.8","128.0","YAHOTYN, UP",,,,,,,,,"  216","H,,S"
"UPM00033356","2013-07-30","50.217","31.8","128.0","YAHOTYN, UP",,,,,,,,,"  207","H,,S"
"UPM00033356","2013-07-31","50.217","31.8","128.0","YAHOTYN, UP",,,,,,,,,"  210","H,,S"
"UPM00033356","2013-08-01","50.217","31.8","128.0","YAHOTYN, UP",,,,,,,,,"  221","H,,S"
"UPM00033356","2013-08-02","50.217","31.8","128.0","YAHOTYN, UP",,,,,,,,,"  200","H,,S"
"UPM00033356","2013-08-03","50.217","31.8","128.0","YAHOTYN, UP",,,,,,,,,"  171","H,,S"
"UPM00033356","2013-08-04","50.217","31.8","128.0","YAHOTYN, UP",,,,,,,,,"  210","H,,S"
"UPM00033356","2013-08-05","50.217","31.8","128.0","YAHOTYN, UP",,,,,,,,,"  222","H,,S"
"UPM00033356","2013-08-06","50.217","31.8","128.0","YAHOTYN, UP",,,,,,,,,"  232","H,,S"
"UPM00033356","2013-08-07","50.217","31.8","128.0","YAHOTYN, UP",,,,,,,,,"  236","H,,S"
"UPM00033356","2013-08-08","50.217","31.8","128.0","YAHOTYN, UP",,,,,,,,,"  236","H,,S"
"UPM00033356","2013-08-09","50.217","31.8","128.0","YAHOTYN, UP",,,,,,,,,"  238","H,,S"
"UPM00033356","2013-08-10","50.217","31.8","128.0","YAHOTYN, UP",,,,,,,,,"  240","H,,S"
"UPM00033356","2013-08-11","50.217","31.8","128.0","YAHOTYN, UP",,,,,,,,,"  251","H,,S"
"UPM00033356","2013-08-12","50.217","31.8","128.0","YAHOTYN, UP",,,,,,,,,"  221","H,,S"
"UPM00033356","2013-08-13","50.217","31.8","128.0","YAHOTYN, UP",,,,,,,,,"  228","H,,S"
"UPM00033356","2013-08-14","50.217","31.8","128.0","YAHOTYN, UP",,,,,,,,,"  222","H,,S"
"UPM00033356","2013-08-15","50.217","31.8","128.0","YAHOTYN, UP",,,,,,,,,"  188","H,,S"
"UPM00033356","2013-08-16","50.217","31.8","128.0","YAHOTYN, UP",,,,,,,,,"  188","H,,S"
"UPM00033356","2013-08-17","50.217","31.8","128.0","YAHOTYN, UP",,,,,,,,,"  193","H,,S"
"UPM00033356","2013-08-18","50.217","31.8","128.0","YAHOTYN, UP",,,,,,,,,"  205","H,,S"
"UPM00033356","2013-08-19","50.217","31.8","128.0","YAHOTYN, UP",,,,,,,,,"  204","H,,S"
"UPM00033356","2013-08-20","50.217","31.8","128.0","YAHOTYN, UP",,,,,,,,,"  210","H,,S"
"UPM00033356","2013-08-21","50.217","31.8","128.0","YAHOTYN, UP",,,,,,,,,"  206","H,,S"
"UPM00033356","2013-08-22","50.217","31.8","128.0","YAHOTYN, UP",,,,,,,,,"  208","H,,S"
"UPM00033356","2013-08-23","50.217","31.8","128.0","YAHOTYN, UP",,,,,,,,,"  190","H,,S"
"UPM00033356","2013-08-24","50.217","31.8","128.0","YAHOTYN, UP",,,,,,,,,"  157","H,,S"
"UPM00033356","2013-08-25","50.217","31.8","128.0","YAHOTYN, UP",,,,,,,,,"  150","H,,S"
"UPM00033356","2013-08-26","50.217","31.8","128.0","YAHOTYN, UP",,,,,,,,,"  146","H,,S"
"UPM00033356","2013-08-27","50.217","31.8","128.0","YAHOTYN, UP",,,,,,,,,"  144","H,,S"
"UPM00033356","2013-08-28","50.217","31.8","128.0","YAHOTYN, UP",,,,,,,,,"  159","H,,S"
"UPM00033356","2013-08-29","50.217","31.8","128.0","YAHOTYN, UP",,,,,,,,,"  148","H,,S"
"UPM00033356","2013-08-30","50.217","31.8","128.0","YAHOTYN, UP",,,,,,,,,"  153","H,,S"
"UPM00033356","2013-08-31","50.217","31.8","128.0","YAHOTYN, UP",,,,,,,,,"  144","H,,S"
"UPM00033356","2013-09-01","50.217","31.8","128.0","YAHOTYN, UP",,,,,,,,,"  171","H,,S"
"UPM00033356","2013-09-02","50.217","31.8","128.0","YAHOTYN, UP",,,,,,,,,"  151","H,,S"
"UPM00033356","2013-09-03","50.217","31.8","128.0","YAHOTYN, UP",,,,,,,,,"  129","H,,S"
"UPM00033356","2013-09-04","50.217","31.8","128.0","YAHOTYN, UP",,,,,,,,,"  126","H,,S"
"UPM00033356","2013-09-05","50.217","31.8","128.0","YAHOTYN, UP",,,,,,,,,"  118","H,,S"
"UPM00033356","2013-09-06","50.217","31.8","128.0","YAHOTYN, UP",,,,,,,,,"   96","H,,S"
"UPM00033356","2013-09-07","50.217","31.8","128.0","YAHOTYN, UP",,,,,,,,,"  125","H,,S"
"UPM00033356","2013-09-08","50.217","31.8","128.0","YAHOTYN, UP",,,,,,,,,"  121","H,,S"
"UPM00033356","2013-09-09","50.217","31.8","128.0","YAHOTYN, UP",,,,,,,,,"  154","H,,S"
"UPM00033356","2013-09-10","50.217","31.8","128.0","YAHOTYN, UP",,,,,,,,,"  157","H,,S"
"UPM00033356","2013-09-11","50.217","31.8","128.0","YAHOTYN, UP",,,,,,,,,"  176","H,,S"
"UPM00033356","2013-09-12","50.217","31.8","128.0","YAHOTYN, UP",,,,,,,,,"  183","H,,S"
"UPM00033356","2013-09-13","50.217","31.8","128.0","YAHOTYN, UP",,,,,,,,,"  175","H,,S"
"UPM00033356","2013-09-14","50.217","31.8","128.0","YAHOTYN, UP",,,,,,,,,"  154","H,,S"
"UPM00033356","2013-09-15","50.217","31.8","128.0","YAHOTYN, UP",,,,,,,,,"  132","H,,S"
"UPM00033356","2013-09-16","50.217","31.8","128.0","YAHOTYN, UP",,,,,,,,,"  128","H,,S"
"UPM00033356","2013-09-17","50.217","31.8","128.0","YAHOTYN, UP",,,,,,,,,"  167","H,,S"
"UPM00033356","2013-09-18","50.217","31.8","128.0","YAHOTYN, UP",,,,,,,,,"  169","H,,S"
"UPM00033356","2013-09-19","50.217","31.8","128.0","YAHOTYN, UP",,,,,,,,,"  128","H,,S"
"UPM00033356","2013-09-20","50.217","31.8","128.0","YAHOTYN, UP",,,,,,,,,"  117","H,,S"
"UPM00033356","2013-09-21","50.217","31.8","128.0","YAHOTYN, UP",,,,,,,,,"  111","H,,S"
"UPM00033356","2013-09-22","50.217","31.8","128.0","YAHOTYN, UP",,,,,,,,,"  124","H,,S"
"UPM00033356","2013-09-23","50.217","31.8","128.0","YAHOTYN, UP",,,,,,,,,"  104","H,,S"
"UPM00033356","2013-09-24","50.217","31.8","128.0","YAHOTYN, UP",,,,,,,,,"   97","H,,S"
"UPM00033356","2013-09-25","50.217","31.8","128.0","YAHOTYN, UP",,,,,,,,,"   84","H,,S"
"UPM00033356","2013-09-26","50.217","31.8","128.0","YAHOTYN, UP",,,,,,,,,"   77","H,,S"
"UPM00033356","2013-09-27","50.217","31.8","128.0","YAHOTYN, UP",,,,,,,,,"   55","H,,S"
"UPM00033356","2013-09-28","50.217","31.8","128.0","YAHOTYN, UP",,,,,,,,,"   57","H,,S"
"UPM00033356","2013-09-29","50.217","31.8","128.0","YAHOTYN, UP",,,,,,,,,"   67","H,,S"
"UPM00033356","2013-09-30","50.217","31.8","128.0","YAHOTYN, UP",,,,,,,,,"   56","H,,S"
"UPM00033356","2013-10-01","50.217","31.8","128.0","YAHOTYN, UP",,,,,,,,,"   41","H,,S"
"UPM00033356","2013-10-02","50.217","31.8","128.0","YAHOTYN, UP",,,,,,,,,"   45","H,,S"
"UPM00033356","2013-10-03","50.217","31.8","128.0","YAHOTYN, UP",,,,,,,,,"   39","H,,S"
"UPM00033356","2013-10-04","50.217","31.8","128.0","YAHOTYN, UP",,,,,,,,,"   41","H,,S"
"UPM00033356","2013-10-05","50.217","31.8","128.0","YAHOTYN, UP",,,,,,,,,"   37","H,,S"
"UPM00033356","2013-10-06","50.217","31.8","128.0","YAHOTYN, UP",,,,,,,,,"   68","H,,S"
"UPM00033356","2013-10-07","50.217","31.8","128.0","YAHOTYN, UP",,,,,,,,,"   88","H,,S"
"UPM00033356","2013-10-08","50.217","31.8","128.0","YAHOTYN, UP",,,,,,,,,"  107","H,,S"
"UPM00033356","2013-10-09","50.217","31.8","128.0","YAHOTYN, UP",,,,,,,,,"  109","H,,S"
"UPM00033356","2013-10-10","50.217","31.8","128.0","YAHOTYN, UP",,,,,,,,,"   89","H,,S"
"UPM00033356","2013-10-12","50.217","31.8","128.0","YAHOTYN, UP",,,,,,,,,"  111","H,,S"
"UPM00033356","2013-10-13","50.217","31.8","128.0","YAHOTYN, UP",,,,,,,,,"   88","H,,S"
"UPM00033356","2013-10-14","50.217","31.8","128.0","YAHOTYN, UP",,,,,,,,,"  100","H,,S"
"UPM00033356","2013-10-15","50.217","31.8","128.0","YAHOTYN, UP",,,,,,,,,"  121","H,,S"
"UPM00033356","2013-10-16","50.217","31.8","128.0","YAHOTYN, UP",,,,,,,,,"  119","H,,S"
"UPM00033356","2013-10-17","50.217","31.8","128.0","YAHOTYN, UP",,,,,,,,,"   98","H,,S"
"UPM00033356","2013-10-18","50.217","31.8","128.0","YAHOTYN, UP",,,,,,,,,"   84","H,,S"
"UPM00033356","2013-10-19","50.217","31.8","128.0","YAHOTYN, UP",,,,,,,,,"   56","H,,S"
"UPM00033356","2013-10-20","50.217","31.8","128.0","YAHOTYN, UP",,,,,,,,,"   55","H,,S"
"UPM00033356","2013-10-21","50.217","31.8","128.0","YAHOTYN, UP",,,,,,,,,"  102","H,,S"
"UPM00033356","2013-10-22","50.217","31.8","128.0","YAHOTYN, UP",,,,,,,,,"   94","H,,S"
"UPM00033356","2013-10-23","50.217","31.8","128.0","YAHOTYN, UP",,,,,,,,,"   52","H,,S"
"UPM00033356","2013-10-24","50.217","31.8","128.0","YAHOTYN, UP",,,,,,,,,"   81","H,,S"
"UPM00033356","2013-10-25","50.217","31.8","128.0","YAHOTYN, UP",,,,,,,,,"  106","H,,S"
"UPM00033356","2013-10-26","50.217","31.8","128.0","YAHOTYN, UP",,,,,,,,,"  101","H,,S"
"UPM00033356","2013-10-27","50.217","31.8","128.0","YAHOTYN, UP",,,,,,,,,"  128","H,,S"
"UPM00033356","2013-10-28","50.217","31.8","128.0","YAHOTYN, UP",,,,,,,,,"  132","H,,S"
"UPM00033356","2013-10-29","50.217","31.8","128.0","YAHOTYN, UP",,,,,,,,,"  130","H,,S"
"UPM00033356","2013-10-30","50.217","31.8","128.0","YAHOTYN, UP",,,,,,,,,"  126","H,,S"
"UPM00033356","2013-10-31","50.217","31.8","128.0","YAHOTYN, UP",,,,,,,,,"   79","H,,S"
"UPM00033356","2013-11-01","50.217","31.8","128.0","YAHOTYN, UP",,,,,,,,,"   74","H,,S"
"UPM00033356","2013-11-03","50.217","31.8","128.0","YAHOTYN, UP",,,,,,,,,"  118","H,,S"
"UPM00033356","2013-11-04","50.217","31.8","128.0","YAHOTYN, UP",,,,,,,,,"   94","H,,S"
"UPM00033356","2013-11-05","50.217","31.8","128.0","YAHOTYN, UP",,,,,,,,,"  124","H,,S"
"UPM00033356","2013-11-06","50.217","31.8","128.0","YAHOTYN, UP",,,,,,,,,"  132","H,,S"
"UPM00033356","2013-11-07","50.217","31.8","128.0","YAHOTYN, UP",,,,,,,,,"   61","H,,S"
"UPM00033356","2013-11-08","50.217","31.8","128.0","YAHOTYN, UP",,,,,,,,,"   91","H,,S"
"UPM00033356","2013-11-09","50.217","31.8","128.0","YAHOTYN, UP",,,,,,,,,"   97","H,,S"
"UPM00033356","2013-11-10","50.217","31.8","128.0","YAHOTYN, UP",,,,,,,,,"  100","H,,S"
"UPM00033356","2013-11-11","50.217","31.8","128.0","YAHOTYN, UP",,,,,,,,,"   99","H,,S"
"UPM00033356","2013-11-12","50.217","31.8","128.0","YAHOTYN, UP",,,,,,,,,"   77","H,,S"
"UPM00033356","2013-11-13","50.217","31.8","128.0","YAHOTYN, UP",,,,,,,,,"   31","H,,S"
"UPM00033356","2013-11-14","50.217","31.8","128.0","YAHOTYN, UP",,,,,,,,,"   47","H,,S"
"UPM00033356","2013-11-15","50.217","31.8","128.0","YAHOTYN, UP",,,,,,,,,"   42","H,,S"
"UPM00033356","2013-11-16","50.217","31.8","128.0","YAHOTYN, UP",,,,,,,,,"   39","H,,S"
"UPM00033356","2013-11-18","50.217","31.8","128.0","YAHOTYN, UP",,,,,,,,,"   38","H,,S"
"UPM00033356","2013-11-19","50.217","31.8","128.0","YAHOTYN, UP",,,,,,,,,"   34","H,,S"
"UPM00033356","2013-11-20","50.217","31.8","128.0","YAHOTYN, UP",,,,,,,,,"   36","H,,S"
"UPM00033356","2013-11-21","50.217","31.8","128.0","YAHOTYN, UP",,,,,,,,,"   58","H,,S"
"UPM00033356","2013-11-22","50.217","31.8","128.0","YAHOTYN, UP",,,,,,,,,"   51","H,,S"
"UPM00033356","2013-11-23","50.217","31.8","128.0","YAHOTYN, UP",,,,,,,,,"   54","H,,S"
"UPM00033356","2013-11-24","50.217","31.8","128.0","YAHOTYN, UP",,,,,,,,,"   49","H,,S"
"UPM00033356","2013-11-25","50.217","31.8","128.0","YAHOTYN, UP",,,,,,,,,"   65","H,,S"
"UPM00033356","2013-11-26","50.217","31.8","128.0","YAHOTYN, UP",,,,,,,,,"   17","H,,S"
"UPM00033356","2013-11-27","50.217","31.8","128.0","YAHOTYN, UP",,,,,,,,,"  -14","H,,S"
"UPM00033356","2013-11-28","50.217","31.8","128.0","YAHOTYN, UP",,,,,,,,,"   15","H,,S"
"UPM00033356","2013-11-29","50.217","31.8","128.0","YAHOTYN, UP",,,,,,,,,"   21","H,,S"
"UPM00033356","2013-11-30","50.217","31.8","128.0","YAHOTYN, UP",,,,,,,,,"   13","H,,S"
"UPM00033356","2013-12-01","50.217","31.8","128.0","YAHOTYN, UP",,,,,,,,,"   36","H,,S"
"UPM00033356","2013-12-02","50.217","31.8","128.0","YAHOTYN, UP",,,,,,,,,"    7","H,,S"
"UPM00033356","2013-12-04","50.217","31.8","128.0","YAHOTYN, UP",,,,,,,,,"    2","H,,S"
"UPM00033356","2013-12-05","50.217","31.8","128.0","YAHOTYN, UP",,,,,,,,,"   14","H,,S"
"UPM00033356","2013-12-06","50.217","31.8","128.0","YAHOTYN, UP",,,,,,,,,"    1","H,,S"
"UPM00033356","2013-12-07","50.217","31.8","128.0","YAHOTYN, UP",,,,,,,,,"    2","H,,S"
"UPM00033356","2013-12-08","50.217","31.8","128.0","YAHOTYN, UP",,,,,,,,,"   -2","H,,S"
"UPM00033356","2013-12-09","50.217","31.8","128.0","YAHOTYN, UP",,,,,,,,,"  -34","H,,S"
"UPM00033356","2013-12-10","50.217","31.8","128.0","YAHOTYN, UP",,,,,,,,,"  -82","H,,S"
"UPM00033356","2013-12-11","50.217","31.8","128.0","YAHOTYN, UP",,,,,,,,,"  -83","H,,S"
"UPM00033356","2013-12-12","50.217","31.8","128.0","YAHOTYN, UP",,,,,,,,,"  -35","H,,S"
"UPM00033356","2013-12-13","50.217","31.8","128.0","YAHOTYN, UP",,,,,,,,,"    5","H,,S"
"UPM00033356","2013-12-14","50.217","31.8","128.0","YAHOTYN, UP",,,,,,,,,"  -23","H,,S"
"UPM00033356","2013-12-15","50.217","31.8","128.0","YAHOTYN, UP",,,,,,,,,"  -46","H,,S"
"UPM00033356","2013-12-16","50.217","31.8","128.0","YAHOTYN, UP",,,,,,,,,"  -19","H,,S"
"UPM00033356","2013-12-17","50.217","31.8","128.0","YAHOTYN, UP",,,,,,,,,"   13","H,,S"
"UPM00033356","2013-12-18","50.217","31.8","128.0","YAHOTYN, UP",,,,,,,,,"    4","H,,S"
"UPM00033356","2013-12-19","50.217","31.8","128.0","YAHOTYN, UP",,,,,,,,,"   -5","H,,S"
"UPM00033356","2013-12-20","50.217","31.8","128.0","YAHOTYN, UP",,,,,,,,,"  -36","H,,S"
"UPM00033356","2013-12-21","50.217","31.8","128.0","YAHOTYN, UP",,,,,,,,,"    3","H,,S"
"UPM00033356","2013-12-22","50.217","31.8","128.0","YAHOTYN, UP",,,,,,,,,"   10","H,,S"
"UPM00033356","2013-12-23","50.217","31.8","128.0","YAHOTYN, UP",,,,,,,,,"   21","H,,S"
"UPM00033356","2013-12-24","50.217","31.8","128.0","YAHOTYN, UP",,,,,,,,,"   15","H,,S"
"UPM00033356","2013-12-25","50.217","31.8","128.0","YAHOTYN, UP",,,,,,,,,"   16","H,,S"
"UPM00033356","2013-12-26","50.217","31.8","128.0","YAHOTYN, UP",,,,,,,,,"    7","H,,S"
"UPM00033356","2013-12-27","50.217","31.8","128.0","YAHOTYN, UP",,,,,,,,,"   -6","H,,S"
"UPM00033356","2013-12-28","50.217","31.8","128.0","YAHOTYN, UP",,,,,,,,,"    3","H,,S"
"UPM00033356","2013-12-29","50.217","31.8","128.0","YAHOTYN, UP",,,,,,,,,"  -18","H,,S"
"UPM00033356","2013-12-30","50.217","31.8","128.0","YAHOTYN, UP",,,,,,,,,"  -15","H,,S"
"UPM00033356","2013-12-31","50.217","31.8","128.0","YAHOTYN, UP",,,,,,,,,"   -8","H,,S"
"UPM00033356","2014-01-01","50.217","31.8","128.0","YAHOTYN, UP",,,,,,,,,"  -14","H,,S"
"UPM00033356","2014-01-02","50.217","31.8","128.0","YAHOTYN, UP",,,,,,,,,"    2","H,,S"
"UPM00033356","2014-01-03","50.217","31.8","128.0","YAHOTYN, UP",,,,,,,,,"    2","H,,S"
"UPM00033356","2014-01-04","50.217","31.8","128.0","YAHOTYN, UP",,,,,,,,,"   13","H,,S"
"UPM00033356","2014-01-05","50.217","31.8","128.0","YAHOTYN, UP",,,,,,,,,"   27","H,,S"
"UPM00033356","2014-01-06","50.217","31.8","128.0","YAHOTYN, UP",,,,,,,,,"   45","H,,S"
"UPM00033356","2014-01-07","50.217","31.8","128.0","YAHOTYN, UP",,,,,,,,,"   19","H,,S"
"UPM00033356","2014-01-08","50.217","31.8","128.0","YAHOTYN, UP",,,,,,,,,"   26","H,,S"
"UPM00033356","2014-01-09","50.217","31.8","128.0","YAHOTYN, UP",,,,,,,,,"   47","H,,S"
"UPM00033356","2014-01-10","50.217","31.8","128.0","YAHOTYN, UP",,,,,,,,,"   28","H,,S"
"UPM00033356","2014-01-11","50.217","31.8","128.0","YAHOTYN, UP",,,,,,,,,"   41","H,,S"
"UPM00033356","2014-01-12","50.217","31.8","128.0","YAHOTYN, UP",,,,,,,,,"   21","H,,S"
"UPM00033356","2014-01-13","50.217","31.8","128.0","YAHOTYN, UP",,,,,,,,,"   -1","H,,S"
"UPM00033356","2014-01-14","50.217","31.8","128.0","YAHOTYN, UP",,,,,,,,,"  -34","H,,S"
"UPM00033356","2014-01-15","50.217","31.8","128.0","YAHOTYN, UP",,,,,,,,,"    3","H,,S"
"UPM00033356","2014-01-16","50.217","31.8","128.0","YAHOTYN, UP",,,,,,,,,"   -1","H,,S"
"UPM00033356","2014-01-17","50.217","31.8","128.0","YAHOTYN, UP",,,,,,,,,"  -29","H,,S"
"UPM00033356","2014-01-18","50.217","31.8","128.0","YAHOTYN, UP",,,,,,,,,"  -16","H,,S"
"UPM00033356","2014-01-19","50.217","31.8","128.0","YAHOTYN, UP",,,,,,,,,"  -86","H,,S"
"UPM00033356","2014-01-20","50.217","31.8","128.0","YAHOTYN, UP",,,,,,,,," -114","H,,S"
"UPM00033356","2014-01-21","50.217","31.8","128.0","YAHOTYN, UP",,,,,,,,," -103","H,,S"
"UPM00033356","2014-01-22","50.217","31.8","128.0","YAHOTYN, UP",,,,,,,,,"  -98","H,,S"
"UPM00033356","2014-01-24","50.217","31.8","128.0","YAHOTYN, UP",,,,,,,,," -173","H,,S"
"UPM00033356","2014-01-25","50.217","31.8","128.0","YAHOTYN, UP",,,,,,,,," -158","H,,S"
"UPM00033356","2014-01-26","50.217","31.8","128.0","YAHOTYN, UP",,,,,,,,," -152","H,,S"
"UPM00033356","2014-01-27","50.217","31.8","128.0","YAHOTYN, UP",,,,,,,,," -138","H,,S"
"UPM00033356","2014-01-28","50.217","31.8","128.0","YAHOTYN, UP",,,,,,,,," -118","H,,S"
"UPM00033356","2014-01-29","50.217","31.8","128.0","YAHOTYN, UP",,,,,,,,," -150","H,,S"
"UPM00033356","2014-01-30","50.217","31.8","128.0","YAHOTYN, UP",,,,,,,,," -191","H,,S"
"UPM00033356","2014-01-31","50.217","31.8","128.0","YAHOTYN, UP",,,,,,,,," -168","H,,S"
"UPM00033356","2014-02-01","50.217","31.8","128.0","YAHOTYN, UP",,,,,,,,," -140","H,,S"
"UPM00033356","2014-02-02","50.217","31.8","128.0","YAHOTYN, UP",,,,,,,,," -109","H,,S"
"UPM00033356","2014-02-03","50.217","31.8","128.0","YAHOTYN, UP",,,,,,,,," -103","H,,S"
"UPM00033356","2014-02-04","50.217","31.8","128.0","YAHOTYN, UP",,,,,,,,,"  -74","H,,S"
"UPM00033356","2014-02-05","50.217","31.8","128.0","YAHOTYN, UP",,,,,,,,,"  -39","H,,S"
"UPM00033356","2014-02-06","50.217","31.8","128.0","YAHOTYN, UP",,,,,,,,,"  -33","H,,S"
"UPM00033356","2014-02-07","50.217","31.8","128.0","YAHOTYN, UP",,,,,,,,,"  -13","H,,S"
"UPM00033356","2014-02-08","50.217","31.8","128.0","YAHOTYN, UP",,,,,,,,,"    4","H,,S"
"UPM00033356","2014-02-09","50.217","31.8","128.0","YAHOTYN, UP",,,,,,,,,"   10","H,,S"
"UPM00033356","2014-02-10","50.217","31.8","128.0","YAHOTYN, UP",,,,,,,,,"   14","H,,S"
"UPM00033356","2014-02-11","50.217","31.8","128.0","YAHOTYN, UP",,,,,,,,,"   16","H,,S"
"UPM00033356","2014-02-12","50.217","31.8","128.0","YAHOTYN, UP",,,,,,,,,"   18","H,,S"
"UPM00033356","2014-02-13","50.217","31.8","128.0","YAHOTYN, UP",,,,,,,,,"   40","H,,S"
"UPM00033356","2014-02-14","50.217","31.8","128.0","YAHOTYN, UP",,,,,,,,,"   15","H,,S"
"UPM00033356","2014-02-15","50.217","31.8","128.0","YAHOTYN, UP",,,,,,,,,"    7","H,,S"
"UPM00033356","2014-02-16","50.217","31.8","128.0","YAHOTYN, UP",,,,,,,,,"    4","H,,S"
"UPM00033356","2014-02-17","50.217","31.8","128.0","YAHOTYN, UP",,,,,,,,,"   14","H,,S"
"UPM00033356","2014-02-18","50.217","31.8","128.0","YAHOTYN, UP",,,,,,,,,"   28","H,,S"
"UPM00033356","2014-02-19","50.217","31.8","128.0","YAHOTYN, UP",,,,,,,,,"   33","H,,S"
"UPM00033356","2014-02-20","50.217","31.8","128.0","YAHOTYN, UP",,,,,,,,,"   32","H,,S"
"UPM00033356","2014-02-21","50.217","31.8","128.0","YAHOTYN, UP",,,,,,,,,"   35","H,,S"
"UPM00033356","2014-02-22","50.217","31.8","128.0","YAHOTYN, UP",,,,,,,,,"   38","H,,S"
"UPM00033356","2014-02-23","50.217","31.8","128.0","YAHOTYN, UP",,,,,,,,,"   15","H,,S"
"UPM00033356","2014-02-24","50.217","31.8","128.0","YAHOTYN, UP",,,,,,,,,"    5","H,,S"
"UPM00033356","2014-02-25","50.217","31.8","128.0","YAHOTYN, UP",,,,,,,,,"    2","H,,S"
"UPM00033356","2014-02-26","50.217","31.8","128.0","YAHOTYN, UP",,,,,,,,,"    7","H,,S"
"UPM00033356","2014-02-27","50.217","31.8","128.0","YAHOTYN, UP",,,,,,,,,"   -1","H,,S"
"UPM00033356","2014-02-28","50.217","31.8","128.0","YAHOTYN, UP",,,,,,,,,"   -2","H,,S"
"UPM00033356","2014-03-01","50.217","31.8","128.0","YAHOTYN, UP",,,,,,,,,"   13","H,,S"
"UPM00033356","2014-03-02","50.217","31.8","128.0","YAHOTYN, UP",,,,,,,,,"   23","H,,S"
"UPM00033356","2014-03-03","50.217","31.8","128.0","YAHOTYN, UP",,,,,,,,,"   10","H,,S"
"UPM00033356","2014-03-04","50.217","31.8","128.0","YAHOTYN, UP",,,,,,,,,"   28","H,,S"
"UPM00033356","2014-03-05","50.217","31.8","128.0","YAHOTYN, UP",,,,,,,,,"   35","H,,S"
"UPM00033356","2014-03-06","50.217","31.8","128.0","YAHOTYN, UP",,,,,,,,,"   29","H,,S"
"UPM00033356","2014-03-07","50.217","31.8","128.0","YAHOTYN, UP",,,,,,,,,"   38","H,,S"
"UPM00033356","2014-03-08","50.217","31.8","128.0","YAHOTYN, UP",,,,,,,,,"   23","H,,S"
"UPM00033356","2014-03-09","50.217","31.8","128.0","YAHOTYN, UP",,,,,,,,,"   39","H,,S"
"UPM00033356","2014-03-10","50.217","31.8","128.0","YAHOTYN, UP",,,,,,,,,"   43","H,,S"
"UPM00033356","2014-03-11","50.217","31.8","128.0","YAHOTYN, UP",,,,,,,,,"   74","H,,S"
"UPM00033356","2014-03-12","50.217","31.8","128.0","YAHOTYN, UP",,,,,,,,,"   57","H,,S"
"UPM00033356","2014-03-14","50.217","31.8","128.0","YAHOTYN, UP",,,,,,,,,"   96","H,,S"
"UPM00033356","2014-03-15","50.217","31.8","128.0","YAHOTYN, UP",,,,,,,,,"   92","H,,S"
"UPM00033356","2014-03-16","50.217","31.8","128.0","YAHOTYN, UP",,,,,,,,,"   28","H,,S"
"UPM00033356","2014-03-17","50.217","31.8","128.0","YAHOTYN, UP",,,,,,,,,"   19","H,,S"
"UPM00033356","2014-03-18","50.217","31.8","128.0","YAHOTYN, UP",,,,,,,,,"   36","H,,S"
"UPM00033356","2014-03-19","50.217","31.8","128.0","YAHOTYN, UP",,,,,,,,,"   76","H,,S"
"UPM00033356","2014-03-20","50.217","31.8","128.0","YAHOTYN, UP",,,,,,,,,"   68","H,,S"
"UPM00033356","2014-03-21","50.217","31.8","128.0","YAHOTYN, UP",,,,,,,,,"   76","H,,S"
"UPM00033356","2014-03-22","50.217","31.8","128.0","YAHOTYN, UP",,,,,,,,,"  118","H,,S"
"UPM00033356","2014-03-23","50.217","31.8","128.0","YAHOTYN, UP",,,,,,,,,"  102","H,,S"
"UPM00033356","2014-03-24","50.217","31.8","128.0","YAHOTYN, UP",,,,,,,,,"  114","H,,S"
"UPM00033356","2014-03-25","50.217","31.8","128.0","YAHOTYN, UP",,,,,,,,,"  127","H,,S"
"UPM00033356","2014-03-26","50.217","31.8","128.0","YAHOTYN, UP",,,,,,,,,"  142","H,,S"
"UPM00033356","2014-03-27","50.217","31.8","128.0","YAHOTYN, UP",,,,,,,,,"   91","H,,S"
"UPM00033356","2014-03-28","50.217","31.8","128.0","YAHOTYN, UP",,,,,,,,,"   64","H,,S"
"UPM00033356","2014-03-29","50.217","31.8","128.0","YAHOTYN, UP",,,,,,,,,"   30","H,,S"
"UPM00033356","2014-03-30","50.217","31.8","128.0","YAHOTYN, UP",,,,,,,,,"   57","H,,S"
"UPM00033356","2014-03-31","50.217","31.8","128.0","YAHOTYN, UP",,,,,,,,,"  104","H,,S"
"UPM00033356","2014-04-01","50.217","31.8","128.0","YAHOTYN, UP",,,,,,,,,"   24","H,,S"
"UPM00033356","2014-04-02","50.217","31.8","128.0","YAHOTYN, UP",,,,,,,,,"    9","H,,S"
"UPM00033356","2014-04-03","50.217","31.8","128.0","YAHOTYN, UP",,,,,,,,,"   51","H,,S"
"UPM00033356","2014-04-04","50.217","31.8","128.0","YAHOTYN, UP",,,,,,,,,"   78","H,,S"
"UPM00033356","2014-04-05","50.217","31.8","128.0","YAHOTYN, UP",,,,,,,,,"   26","H,,S"
"UPM00033356","2014-04-06","50.217","31.8","128.0","YAHOTYN, UP",,,,,,,,,"   58","H,,S"
"UPM00033356","2014-04-07","50.217","31.8","128.0","YAHOTYN, UP",,,,,,,,,"   60","H,,S"
"UPM00033356","2014-04-08","50.217","31.8","128.0","YAHOTYN, UP",,,,,,,,,"  115","H,,S"
"UPM00033356","2014-04-09","50.217","31.8","128.0","YAHOTYN, UP",,,,,,,,,"  143","H,,S"
"UPM00033356","2014-04-10","50.217","31.8","128.0","YAHOTYN, UP",,,,,,,,,"   60","H,,S"
"UPM00033356","2014-04-11","50.217","31.8","128.0","YAHOTYN, UP",,,,,,,,,"   42","H,,S"
"UPM00033356","2014-04-12","50.217","31.8","128.0","YAHOTYN, UP",,,,,,,,,"   43","H,,S"
"UPM00033356","2014-04-13","50.217","31.8","128.0","YAHOTYN, UP",,,,,,,,,"   52","H,,S"
"UPM00033356","2014-04-14","50.217","31.8","128.0","YAHOTYN, UP",,,,,,,,,"   78","H,,S"
"UPM00033356","2014-04-15","50.217","31.8","128.0","YAHOTYN, UP",,,,,,,,,"   92","H,,S"
"UPM00033356","2014-04-16","50.217","31.8","128.0","YAHOTYN, UP",,,,,,,,,"   83","H,,S"
"UPM00033356","2014-04-17","50.217","31.8","128.0","YAHOTYN, UP",,,,,,,,,"  119","H,,S"
"UPM00033356","2014-04-18","50.217","31.8","128.0","YAHOTYN, UP",,,,,,,,,"  152","H,,S"
"UPM00033356","2014-04-19","50.217","31.8","128.0","YAHOTYN, UP",,,,,,,,,"  142","H,,S"
"UPM00033356","2014-04-20","50.217","31.8","128.0","YAHOTYN, UP",,,,,,,,,"  161","H,,S"
"UPM00033356","2014-04-21","50.217","31.8","128.0","YAHOTYN, UP",,,,,,,,,"  132","H,,S"
"UPM00033356","2014-04-22","50.217","31.8","128.0","YAHOTYN, UP",,,,,,,,,"  154","H,,S"
"UPM00033356","2014-04-23","50.217","31.8","128.0","YAHOTYN, UP",,,,,,,,,"  146","H,,S"
"UPM00033356","2014-04-24","50.217","31.8","128.0","YAHOTYN, UP",,,,,,,,,"  133","H,,S"
"UPM00033356","2014-04-25","50.217","31.8","128.0","YAHOTYN, UP",,,,,,,,,"  101","H,,S"
"UPM00033356","2014-04-26","50.217","31.8","128.0","YAHOTYN, UP",,,,,,,,,"  117","H,,S"
"UPM00033356","2014-04-27","50.217","31.8","128.0","YAHOTYN, UP",,,,,,,,,"  153","H,,S"
"UPM00033356","2014-04-28","50.217","31.8","128.0","YAHOTYN, UP",,,,,,,,,"  146","H,,S"
"UPM00033356","2014-04-29","50.217","31.8","128.0","YAHOTYN, UP",,,,,,,,,"  148","H,,S"
"UPM00033356","2014-04-30","50.217","31.8","128.0","YAHOTYN, UP",,,,,,,,,"  144","H,,S"
"UPM00033356","2014-05-01","50.217","31.8","128.0","YAHOTYN, UP",,,,,,,,,"  154","H,,S"
"UPM00033356","2014-05-02","50.217","31.8","128.0","YAHOTYN, UP",,,,,,,,,"  157","H,,S"
"UPM00033356","2014-05-03","50.217","31.8","128.0","YAHOTYN, UP",,,,,,,,,"  123","H,,S"
"UPM00033356","2014-05-04","50.217","31.8","128.0","YAHOTYN, UP",,,,,,,,,"  130","H,,S"
"UPM00033356","2014-05-05","50.217","31.8","128.0","YAHOTYN, UP",,,,,,,,,"   82","H,,S"
"UPM00033356","2014-05-07","50.217","31.8","128.0","YAHOTYN, UP",,,,,,,,,"  119","H,,S"
"UPM00033356","2014-05-08","50.217","31.8","128.0","YAHOTYN, UP",,,,,,,,,"  145","H,,S"
"UPM00033356","2014-05-09","50.217","31.8","128.0","YAHOTYN, UP",,,,,,,,,"  151","H,,S"
"UPM00033356","2014-05-10","50.217","31.8","128.0","YAHOTYN, UP",,,,,,,,,"  127","H,,S"
"UPM00033356","2014-05-11","50.217","31.8","128.0","YAHOTYN, UP",,,,,,,,,"  153","H,,S"
"UPM00033356","2014-05-12","50.217","31.8","128.0","YAHOTYN, UP",,,,,,,,,"  170","H,,S"
"UPM00033356","2014-05-13","50.217","31.8","128.0","YAHOTYN, UP",,,,,,,,,"  136","H,,S"
"UPM00033356","2014-05-14","50.217","31.8","128.0","YAHOTYN, UP",,,,,,,,,"  155","H,,S"
"UPM00033356","2014-05-15","50.217","31.8","128.0","YAHOTYN, UP",,,,,,,,,"  181","H,,S"
"UPM00033356","2014-05-16","50.217","31.8","128.0","YAHOTYN, UP",,,,,,,,,"  215","H,,S"
"UPM00033356","2014-05-17","50.217","31.8","128.0","YAHOTYN, UP",,,,,,,,,"  217","H,,S"
"UPM00033356","2014-05-18","50.217","31.8","128.0","YAHOTYN, UP",,,,,,,,,"  190","H,,S"
"UPM00033356","2014-05-19","50.217","31.8","128.0","YAHOTYN, UP",,,,,,,,,"  216","H,,S"
"UPM00033356","2014-05-21","50.217","31.8","128.0","YAHOTYN, UP",,,,,,,,,"  211","H,,S"
"UPM00033356","2014-05-22","50.217","31.8","128.0","YAHOTYN, UP",,,,,,,,,"  216","H,,S"
"UPM00033356","2014-05-23","50.217","31.8","128.0","YAHOTYN, UP",,,,,,,,,"  218","H,,S"
"UPM00033356","2014-05-24","50.217","31.8","128.0","YAHOTYN, UP",,,,,,,,,"  237","H,,S"
"UPM00033356","2014-05-25","50.217","31.8","128.0","YAHOTYN, UP",,,,,,,,,"  222","H,,S"
"UPM00033356","2014-05-26","50.217","31.8","128.0","YAHOTYN, UP",,,,,,,,,"  221","H,,S"
"UPM00033356","2014-05-27","50.217","31.8","128.0","YAHOTYN, UP",,,,,,,,,"  224","H,,S"
"UPM00033356","2014-05-28","50.217","31.8","128.0","YAHOTYN, UP",,,,,,,,,"  218","H,,S"
"UPM00033356","2014-05-29","50.217","31.8","128.0","YAHOTYN, UP",,,,,,,,,"  211","H,,S"
"UPM00033356","2014-05-30","50.217","31.8","128.0","YAHOTYN, UP",,,,,,,,,"  197","H,,S"
"UPM00033356","2014-05-31","50.217","31.8","128.0","YAHOTYN, UP",,,,,,,,,"  180","H,,S"
"UPM00033356","2014-06-01","50.217","31.8","128.0","YAHOTYN, UP",,,,,,,,,"  179","H,,S"
"UPM00033356","2014-06-02","50.217","31.8","128.0","YAHOTYN, UP",,,,,,,,,"  186","H,,S"
"UPM00033356","2014-06-03","50.217","31.8","128.0","YAHOTYN, UP",,,,,,,,,"  207","H,,S"
"UPM00033356","2014-06-04","50.217","31.8","128.0","YAHOTYN, UP",,,,,,,,,"  198","H,,S"
"UPM00033356","2014-06-05","50.217","31.8","128.0","YAHOTYN, UP",,,,,,,,,"  214","H,,S"
"UPM00033356","2014-06-06","50.217","31.8","128.0","YAHOTYN, UP",,,,,,,,,"  232","H,,S"
"UPM00033356","2014-06-07","50.217","31.8","128.0","YAHOTYN, UP",,,,,,,,,"  233","H,,S"
"UPM00033356","2014-06-08","50.217","31.8","128.0","YAHOTYN, UP",,,,,,,,,"  237","H,,S"
"UPM00033356","2014-06-09","50.217","31.8","128.0","YAHOTYN, UP",,,,,,,,,"  214","H,,S"
"UPM00033356","2014-06-10","50.217","31.8","128.0","YAHOTYN, UP",,,,,,,,,"  206","H,,S"
"UPM00033356","2014-06-13","50.217","31.8","128.0","YAHOTYN, UP",,,,,,,,,"  181","H,,S"
"UPM00033356","2014-06-14","50.217","31.8","128.0","YAHOTYN, UP",,,,,,,,,"  149","H,,S"
"UPM00033356","2014-06-15","50.217","31.8","128.0","YAHOTYN, UP",,,,,,,,,"  153","H,,S"
"UPM00033356","2014-06-16","50.217","31.8","128.0","YAHOTYN, UP",,,,,,,,,"  156","H,,S"
"UPM00033356","2014-06-17","50.217","31.8","128.0","YAHOTYN, UP",,,,,,,,,"  171","H,,S"
"UPM00033356","2014-06-18","50.217","31.8","128.0","YAHOTYN, UP",,,,,,,,,"  148","H,,S"
"UPM00033356","2014-06-19","50.217","31.8","128.0","YAHOTYN, UP",,,,,,,,,"  160","H,,S"
"UPM00033356","2014-06-20","50.217","31.8","128.0","YAHOTYN, UP",,,,,,,,,"  181","H,,S"
"UPM00033356","2014-06-21","50.217","31.8","128.0","YAHOTYN, UP",,,,,,,,,"  182","H,,S"
"UPM00033356","2014-06-22","50.217","31.8","128.0","YAHOTYN, UP",,,,,,,,,"  136","H,,S"
"UPM00033356","2014-06-23","50.217","31.8","128.0","YAHOTYN, UP",,,,,,,,,"  154","H,,S"
"UPM00033356","2014-06-24","50.217","31.8","128.0","YAHOTYN, UP",,,,,,,,,"  172","H,,S"
"UPM00033356","2014-06-25","50.217","31.8","128.0","YAHOTYN, UP",,,,,,,,,"  171","H,,S"
"UPM00033356","2014-06-26","50.217","31.8","128.0","YAHOTYN, UP",,,,,,,,,"  127","H,,S"
"UPM00033356","2014-06-28","50.217","31.8","128.0","YAHOTYN, UP",,,,,,,,,"  155","H,,S"
"UPM00033356","2014-06-29","50.217","31.8","128.0","YAHOTYN, UP",,,,,,,,,"  180","H,,S"
"UPM00033356","2014-06-30","50.217","31.8","128.0","YAHOTYN, UP",,,,,,,,,"  211","H,,S"
"UPM00033356","2014-07-01","50.217","31.8","128.0","YAHOTYN, UP",,,,,"  309",",,S","  159",",,S","  237","H,,S"
"UPM00033356","2014-07-02","50.217","31.8","128.0","YAHOTYN, UP",,,,,"  235",",,S","  154",",,S","  194","H,,S"
"UPM00033356","2014-07-03","50.217","31.8","128.0","YAHOTYN, UP",,,,,"  265",",,S","  119",",,S","  202","H,,S"
"UPM00033356","2014-07-04","50.217","31.8","128.0","YAHOTYN, UP",,,,,"  245",",,S",,,"  184","H,,S"
"UPM00033356","2014-07-05","50.217","31.8","128.0","YAHOTYN, UP",,,,,"  272",",,S","  107",",,S","  197","H,,S"
"UPM00033356","2014-07-06","50.217","31.8","128.0","YAHOTYN, UP",,,,,"  277",",,S","  131",",,S","  217","H,,S"
"UPM00033356","2014-07-07","50.217","31.8","128.0","YAHOTYN, UP",,,,,"  289",",,S","  148",",,S","  214","H,,S"
"UPM00033356","2014-07-08","50.217","31.8","128.0","YAHOTYN, UP",,,,,"  294",",,S","  161",",,S","  236","H,,S"
"UPM00033356","2014-07-09","50.217","31.8","128.0","YAHOTYN, UP",,,,,"  290",",,S","  164",",,S","  219","H,,S"
"UPM00033356","2014-07-10","50.217","31.8","128.0","YAHOTYN, UP","  140","B,,S",,,"  213",",,S","  173",",,S","  188","H,,S"
"UPM00033356","2014-07-11","50.217","31.8","128.0","YAHOTYN, UP","   30","B,,S",,,"  295",",,S","  157",",,S","  227","H,,S"
"UPM00033356","2014-07-12","50.217","31.8","128.0","YAHOTYN, UP",,,,,,,"  189",",,S","  229","H,,S"
"UPM00033356","2014-07-13","50.217","31.8","128.0","YAHOTYN, UP",,,,,"  293",",,S",,,"  219","H,,S"
"UPM00033356","2014-07-14","50.217","31.8","128.0","YAHOTYN, UP",,,,,"  277",",,S","  165",",,S","  213","H,,S"
"UPM00033356","2014-07-15","50.217","31.8","128.0","YAHOTYN, UP",,,,,"  304",",,S","  159",",,S","  224","H,,S"
"UPM00033356","2014-07-16","50.217","31.8","128.0","YAHOTYN, UP",,,,,"  300",",,S","  183",",,S","  244","H,,S"
"UPM00033356","2014-07-17","50.217","31.8","128.0","YAHOTYN, UP",,,,,"  320",",,S","  189",",,S","  253","H,,S"
"UPM00033356","2014-07-18","50.217","31.8","128.0","YAHOTYN, UP","    3","B,,S",,,"  285",",,S","  203",",,S","  233","H,,S"
"UPM00033356","2014-07-19","50.217","31.8","128.0","YAHOTYN, UP",,,,,"  275",",,S",,,"  207","H,,S"
"UPM00033356","2014-07-20","50.217","31.8","128.0","YAHOTYN, UP",,,,,"  293",",,S","  179",",,S","  234","H,,S"
"UPM00033356","2014-07-21","50.217","31.8","128.0","YAHOTYN, UP",,,,,"  368",",,S","  164",",,S","  206","H,,S"
"UPM00033356","2014-07-22","50.217","31.8","128.0","YAHOTYN, UP",,,,,"  242",",,S","  141",",,S","  193","H,,S"
"UPM00033356","2014-07-23","50.217","31.8","128.0","YAHOTYN, UP",,,,,"  257",",,S","  157",",,S","  201","H,,S"
"UPM00033356","2014-07-24","50.217","31.8","128.0","YAHOTYN, UP",,,,,"  293",",,S","  159",",,S","  226","H,,S"
"UPM00033356","2014-07-25","50.217","31.8","128.0","YAHOTYN, UP",,,,,"  305",",,S","  171",",,S","  236","H,,S"
"UPM00033356","2014-07-26","50.217","31.8","128.0","YAHOTYN, UP",,,,,"  300",",,S","  162",",,S","  231","H,,S"
"UPM00033356","2014-07-27","50.217","31.8","128.0","YAHOTYN, UP",,,,,"  322",",,S","  144",",,S","  240","H,,S"
"UPM00033356","2014-07-28","50.217","31.8","128.0","YAHOTYN, UP",,,,,"  317",",,S","  174",",,S","  242","H,,S"
"UPM00033356","2014-07-29","50.217","31.8","128.0","YAHOTYN, UP",,,,,"  312",",,S","  153",",,S","  232","H,,S"
"UPM00033356","2014-07-30","50.217","31.8","128.0","YAHOTYN, UP",,,,,"  337",",,S","  149",",,S","  248","H,,S"
"UPM00033356","2014-07-31","50.217","31.8","128.0","YAHOTYN, UP",,,,,"  347",",,S","  187",",,S","  263","H,,S"
"UPM00033356","2014-08-01","50.217","31.8","128.0","YAHOTYN, UP",,,,,"  344",",,S","  179",",,S","  262","H,,S"
"UPM00033356","2014-08-02","50.217","31.8","128.0","YAHOTYN, UP",,,,,"  357",",,S","  181",",,S","  270","H,,S"
"UPM00033356","2014-08-03","50.217","31.8","128.0","YAHOTYN, UP",,,,,"  362",",,S","  194",",,S","  278","H,,S"
"UPM00033356","2014-08-04","50.217","31.8","128.0","YAHOTYN, UP",,,,,"  348",",,S","  196",",,S","  270","H,,S"
"UPM00033356","2014-08-05","50.217","31.8","128.0","YAHOTYN, UP",,,,,"  314",",,S","  169",",,S","  239","H,,S"
"UPM00033356","2014-08-06","50.217","31.8","128.0","YAHOTYN, UP",,,,,"  317",",,S","  165",",,S","  238","H,,S"
"UPM00033356","2014-08-07","50.217","31.8","128.0","YAHOTYN, UP",,,,,"  312",",,S","  159",",,S","  235","H,,S"
"UPM00033356","2014-08-08","50.217","31.8","128.0","YAHOTYN, UP",,,,,"  319",",,S","  171",",,S","  246","H,,S"
"UPM00033356","2014-08-09","50.217","31.8","128.0","YAHOTYN, UP",,,,,"  339",",,S","  157",",,S","  247","H,,S"
"UPM00033356","2014-08-10","50.217","31.8","128.0","YAHOTYN, UP",,,,,"  305",",,S",,,"  231","H,,S"
"UPM00033356","2014-08-11","50.217","31.8","128.0","YAHOTYN, UP",,,,,"  322",",,S","  149",",,S","  233","H,,S"
"UPM00033356","2014-08-12","50.217","31.8","128.0","YAHOTYN, UP",,,,,"  354",",,S","  153",",,S","  246","H,,S"
"UPM00033356","2014-08-13","50.217","31.8","128.0","YAHOTYN, UP",,,,,"  272",",,S","  193",",,S","  231","H,,S"
"UPM00033356","2014-08-14","50.217","31.8","128.0","YAHOTYN, UP",,,,,"  368",",,S","  189",",,S","  278","H,,S"
"UPM00033356","2014-08-15","50.217","31.8","128.0","YAHOTYN, UP",,,,,"  324",",,S","  194",",,S","  241","H,,S"
"UPM00033356","2014-08-16","50.217","31.8","128.0","YAHOTYN, UP",,,,,"  285",",,S",,,"  209","H,,S"
"UPM00033356","2014-08-17","50.217","31.8","128.0","YAHOTYN, UP",,,,,"  238",",,S","  139",",,S","  183","H,,S"
"UPM00033356","2014-08-18","50.217","31.8","128.0","YAHOTYN, UP",,,,,"  262",",,S","  117",",,S","  185","H,,S"
"UPM00033356","2014-08-19","50.217","31.8","128.0","YAHOTYN, UP",,,,,"  280",",,S","   94",",,S","  189","H,,S"
"UPM00033356","2014-08-20","50.217","31.8","128.0","YAHOTYN, UP",,,,,"  315",",,S","  129",",,S","  221","H,,S"
"UPM00033356","2014-08-21","50.217","31.8","128.0","YAHOTYN, UP",,,,,"  308",",,S","  171",",,S","  229","H,,S"
"UPM00033356","2014-08-22","50.217","31.8","128.0","YAHOTYN, UP",,,,,,,,,"  154","H,,S"
"UPM00033356","2014-08-23","50.217","31.8","128.0","YAHOTYN, UP",,,,,"  237",",,S","   94",",,S","  167","H,,S"
"UPM00033356","2014-08-24","50.217","31.8","128.0","YAHOTYN, UP",,,,,"  260",",,S","  109",",,S","  179","H,,S"
"UPM00033356","2014-08-25","50.217","31.8","128.0","YAHOTYN, UP",,,,,"  213",",,S",,,"  157","H,,S"
"UPM00033356","2014-08-26","50.217","31.8","128.0","YAHOTYN, UP",,,,,"  242",",,S","   69",",,S","  156","H,,S"
"UPM00033356","2014-08-27","50.217","31.8","128.0","YAHOTYN, UP","  124","B,,S",,,"  222",",,S","  141",",,S","  179","H,,S"
"UPM00033356","2014-08-28","50.217","31.8","128.0","YAHOTYN, UP","   71","B,,S",,,"  190",",,S",,,"  146","H,,S"
"UPM00033356","2014-08-29","50.217","31.8","128.0","YAHOTYN, UP",,,,,"  215",",,S","  101",",,S","  147","H,,S"
"UPM00033356","2014-08-30","50.217","31.8","128.0","YAHOTYN, UP",,,,,"  235",",,S","   86",",,S","  162","H,,S"
"UPM00033356","2014-08-31","50.217","31.8","128.0","YAHOTYN, UP",,,,,"  255",",,S","  116",",,S","  183","H,,S"
"UPM00033356","2014-09-01","50.217","31.8","128.0","YAHOTYN, UP",,,,,"  280",",,S","  124",",,S","  194","H,,S"
"UPM00033356","2014-09-02","50.217","31.8","128.0","YAHOTYN, UP",,,,,"  299",",,S","  114",",,S","  207","H,,S"
"UPM00033356","2014-09-03","50.217","31.8","128.0","YAHOTYN, UP",,,,,"  282",",,S","  147",",,S","  203","H,,S"
"UPM00033356","2014-09-04","50.217","31.8","128.0","YAHOTYN, UP",,,,,"  212",",,S",,,"  149","H,,S"
"UPM00033356","2014-09-05","50.217","31.8","128.0","YAHOTYN, UP",,,,,"  225",",,S","   75",",,S","  152","H,,S"
"UPM00033356","2014-09-06","50.217","31.8","128.0","YAHOTYN, UP",,,,,"  245",",,S","   82",",,S","  150","H,,S"
"UPM00033356","2014-09-07","50.217","31.8","128.0","YAHOTYN, UP",,,,,"  268",",,S","   84",",,S","  178","H,,S"
"UPM00033356","2014-09-08","50.217","31.8","128.0","YAHOTYN, UP",,,,,"  268",",,S","   99",",,S","  186","H,,S"
"UPM00033356","2014-09-09","50.217","31.8","128.0","YAHOTYN, UP",,,,,"  270",",,S","  106",",,S","  188","H,,S"
"UPM00033356","2014-09-10","50.217","31.8","128.0","YAHOTYN, UP",,,,,"  236",",,S","  109",",,S","  179","H,,S"
"UPM00033356","2014-09-11","50.217","31.8","128.0","YAHOTYN, UP",,,,,"  255",",,S","  133",",,S","  187","H,,S"
"UPM00033356","2014-09-12","50.217","31.8","128.0","YAHOTYN, UP",,,,,"  265",",,S","  103",",,S","  184","H,,S"
"UPM00033356","2014-09-13","50.217","31.8","128.0","YAHOTYN, UP",,,,,"  280",",,S","   87",",,S","  183","H,,S"
"UPM00033356","2014-09-14","50.217","31.8","128.0","YAHOTYN, UP",,,,,"  277",",,S","  114",",,S","  191","H,,S"
"UPM00033356","2014-09-15","50.217","31.8","128.0","YAHOTYN, UP",,,,,"  165",",,S","   88",",,S","  127","H,,S"
"UPM00033356","2014-09-16","50.217","31.8","128.0","YAHOTYN, UP",,,,,"  207",",,S","   74",",,S","  134","H,,S"
"UPM00033356","2014-09-17","50.217","31.8","128.0","YAHOTYN, UP",,,,,"  220",",,S","   71",",,S","  139","H,,S"
"UPM00033356","2014-09-18","50.217","31.8","128.0","YAHOTYN, UP",,,,,"  203",",,S","   40",",,S","  114","H,,S"
"UPM00033356","2014-09-19","50.217","31.8","128.0","YAHOTYN, UP",,,,,"  211",",,S","   37",",,S","  119","H,,S"
"UPM00033356","2014-09-20","50.217","31.8","128.0","YAHOTYN, UP",,,,,"  210",",,S","   39",",,S","  133","H,,S"
"UPM00033356","2014-09-21","50.217","31.8","128.0","YAHOTYN, UP",,,,,"  180",",,S","  101",",,S","  134","H,,S"
"UPM00033356","2014-09-22","50.217","31.8","128.0","YAHOTYN, UP","    5","B,,S",,,"  180",",,S","  119",",,S","  138","H,,S"
"UPM00033356","2014-09-23","50.217","31.8","128.0","YAHOTYN, UP","  130","B,,S",,,,,,,"  129","H,,S"
"UPM00033356","2014-09-24","50.217","31.8","128.0","YAHOTYN, UP","    3","B,,S",,,,,,,"   77","H,,S"
"UPM00033356","2014-09-25","50.217","31.8","128.0","YAHOTYN, UP",,,,,"  150",",,S","   22",",,S","   77","H,,S"
"UPM00033356","2014-09-26","50.217","31.8","128.0","YAHOTYN, UP",,,,,"  180",",,S","   21",",,S","   87","H,,S"
"UPM00033356","2014-09-27","50.217","31.8","128.0","YAHOTYN, UP",,,,,"  190",",,S","    7",",,S","   99","H,,S"
"UPM00033356","2014-09-28","50.217","31.8","128.0","YAHOTYN, UP",,,,,"  180",",,S","   59",",,S","  121","H,,S"
"UPM00033356","2014-09-29","50.217","31.8","128.0","YAHOTYN, UP",,,,,"  190",",,S","   50",",,S","  108","H,,S"
"UPM00033356","2014-09-30","50.217","31.8","128.0","YAHOTYN, UP",,,,,"  195",",,S","   72",",,S","  133","H,,S"
"UPM00033356","2014-10-01","50.217","31.8","128.0","YAHOTYN, UP",,,,,"  162",",,S",,,"  101","H,,S"
"UPM00033356","2014-10-02","50.217","31.8","128.0","YAHOTYN, UP",,,,,"  132",",,S","    0",",,S","   59","H,,S"
"UPM00033356","2014-10-03","50.217","31.8","128.0","YAHOTYN, UP",,,,,"  150",",,S","  -24",",,S","   61","H,,S"
"UPM00033356","2014-10-04","50.217","31.8","128.0","YAHOTYN, UP",,,,,"  172",",,S","  -24",",,S","   71","H,,S"
"UPM00033356","2014-10-05","50.217","31.8","128.0","YAHOTYN, UP",,,,,"  160",",,S","    7",",,S","   82","H,,S"
"UPM00033356","2014-10-06","50.217","31.8","128.0","YAHOTYN, UP",,,,,"  137",",,S",,,"   72","H,,S"
"UPM00033356","2014-10-07","50.217","31.8","128.0","YAHOTYN, UP",,,,,"  130",",,S","   14",",,S","   63","H,,S"
"UPM00033356","2014-10-08","50.217","31.8","128.0","YAHOTYN, UP",,,,,"  145",",,S","    0",",,S","   68","H,,S"
"UPM00033356","2014-10-09","50.217","31.8","128.0","YAHOTYN, UP",,,,,"  165",",,S","    9",",,S","   86","H,,S"
"UPM00033356","2014-10-10","50.217","31.8","128.0","YAHOTYN, UP",,,,,"  187",",,S","   37",",,S","  102","H,,S"
"UPM00033356","2014-10-11","50.217","31.8","128.0","YAHOTYN, UP",,,,,"  216",",,S","   40",",,S","  111","H,,S"
"UPM00033356","2014-10-12","50.217","31.8","128.0","YAHOTYN, UP",,,,,"  210",",,S","   33",",,S","  118","H,,S"
"UPM00033356","2014-10-13","50.217","31.8","128.0","YAHOTYN, UP",,,,,"  238",",,S","   36",",,S","  122","H,,S"
"UPM00033356","2014-10-14","50.217","31.8","128.0","YAHOTYN, UP",,,,,"  224",",,S","   24",",,S","  124","H,,S"
"UPM00033356","2014-10-15","50.217","31.8","128.0","YAHOTYN, UP",,,,,"  213",",,S","   89",",,S","  135","H,,S"
"UPM00033356","2014-10-16","50.217","31.8","128.0","YAHOTYN, UP","  170","B,,S",,,"  159",",,S",,,"  117","H,,S"
"UPM00033356","2014-10-17","50.217","31.8","128.0","YAHOTYN, UP",,,,,"  144",",,S","   91",",,S","  111","H,,S"
"UPM00033356","2014-10-18","50.217","31.8","128.0","YAHOTYN, UP",,,,,,,,,"   32","H,,S"
"UPM00033356","2014-10-19","50.217","31.8","128.0","YAHOTYN, UP",,,,,"   74",",,S","  -30",",,S","   20","H,,S"
"UPM00033356","2014-10-20","50.217","31.8","128.0","YAHOTYN, UP",,,,,"  145",",,S",,,"  104","H,,S"
"UPM00033356","2014-10-21","50.217","31.8","128.0","YAHOTYN, UP",,,,,"  152",",,S","  100",",,S","  120","H,,S"
"UPM00033356","2014-10-22","50.217","31.8","128.0","YAHOTYN, UP",,,,,"  150",",,S",,,"   88","H,,S"
"UPM00033356","2014-10-23","50.217","31.8","128.0","YAHOTYN, UP",,,,,"   36",",,S",,,"   17","H,,S"
"UPM00033356","2014-10-24","50.217","31.8","128.0","YAHOTYN, UP",,,,,"    1",",,S",,,"  -26","H,,S"
"UPM00033356","2014-10-25","50.217","31.8","128.0","YAHOTYN, UP",,,,,"   24",",,S","  -72",",,S","  -27","H,,S"
"UPM00033356","2014-10-26","50.217","31.8","128.0","YAHOTYN, UP",,,,,"   51",",,S","  -65",",,S","  -18","H,,S"
"UPM00033356","2014-10-27","50.217","31.8","128.0","YAHOTYN, UP",,,,,"   64",",,S","  -60",",,S","  -11","H,,S"
"UPM00033356","2014-10-28","50.217","31.8","128.0","YAHOTYN, UP",,,,,"   99",",,S","  -85",",,S","   -5","H,,S"
"UPM00033356","2014-10-29","50.217","31.8","128.0","YAHOTYN, UP",,,,,"  110",",,S","  -62",",,S","   13","H,,S"
"UPM00033356","2014-10-30","50.217","31.8","128.0","YAHOTYN, UP",,,,,"  117",",,S","  -32",",,S","   26","H,,S"
"UPM00033356","2014-10-31","50.217","31.8","128.0","YAHOTYN, UP",,,,,"   94",",,S","  -44",",,S","   19","H,,S"
"UPM00033356","2014-11-01","50.217","31.8","128.0","YAHOTYN, UP",,,,,"   42",",,S","   21",",,S","   27","H,,S"
"UPM00033356","2014-11-02","50.217","31.8","128.0","YAHOTYN, UP",,,,,"   24",",,S",,,"   -8","H,,S"
"UPM00033356","2014-11-03","50.217","31.8","128.0","YAHOTYN, UP",,,,,"   66",",,S","  -80",",,S","   -7","H,,S"
"UPM00033356","2014-11-04","50.217","31.8","128.0","YAHOTYN, UP",,,,,"  123",",,S","    0",",,S","   50","H,,S"
"UPM00033356","2014-11-05","50.217","31.8","128.0","YAHOTYN, UP",,,,,"  130",",,S","   40",",,S","   71","H,,S"
"UPM00033356","2014-11-06","50.217","31.8","128.0","YAHOTYN, UP",,,,,"  125",",,S",,,"   72","H,,S"
"UPM00033356","2014-11-07","50.217","31.8","128.0","YAHOTYN, UP","    0","B,,S",,,"   80",",,S","    9",",,S","   53","H,,S"
"UPM00033356","2014-11-08","50.217","31.8","128.0","YAHOTYN, UP",,,,,"  136",",,S","   53",",,S","  107","H,,S"
"UPM00033356","2014-11-09","50.217","31.8","128.0","YAHOTYN, UP",,,,,"  176",",,S","   49",",,S","   96","H,,S"
"UPM00033356","2014-11-10","50.217","31.8","128.0","YAHOTYN, UP",,,,,"  130",",,S","   34",",,S","   71","H,,S"
"UPM00033356","2014-11-11","50.217","31.8","128.0","YAHOTYN, UP",,,,,"   80",",,S","   37",",,S","   64","H,,S"
"UPM00033356","2014-11-12","50.217","31.8","128.0","YAHOTYN, UP","    0","B,,S",,,"   71",",,S",,,"   54","H,,S"
"UPM00033356","2014-11-13","50.217","31.8","128.0","YAHOTYN, UP","    0","B,,S",,,"   66",",,S","   48",",,S","   56","H,,S"
"UPM00033356","2014-11-14","50.217","31.8","128.0","YAHOTYN, UP",,,,,,,,,"   28","H,,S"
"UPM00033356","2014-11-15","50.217","31.8","128.0","YAHOTYN, UP",,,,,"   62",",,S","    9",",,S","   39","H,,S"
"UPM00033356","2014-11-16","50.217","31.8","128.0","YAHOTYN, UP",,,,,"   61",",,S",,,"   44","H,,S"
"UPM00033356","2014-11-17","50.217","31.8","128.0","YAHOTYN, UP",,,,,"   39",",,S",,,"   14","H,,S"
"UPM00033356","2014-11-18","50.217","31.8","128.0","YAHOTYN, UP",,,,,"  -11",",,S","  -28",",,S","  -20","H,,S"
"UPM00033356","2014-11-19","50.217","31.8","128.0","YAHOTYN, UP",,,,,"    0",",,S","  -22",",,S","   -6","H,,S"
"UPM00033356","2014-11-20","50.217","31.8","128.0","YAHOTYN, UP",,,,,"   25",",,S","   -6",",,S","    6","H,,S"
"UPM00033356","2014-11-21","50.217","31.8","128.0","YAHOTYN, UP",,,,,"   57",",,S",,,"    5","H,,S"
"UPM00033356","2014-11-22","50.217","31.8","128.0","YAHOTYN, UP",,,,,"   20",",,S","  -58",",,S","  -27","H,,S"
"UPM00033356","2014-11-23","50.217","31.8","128.0","YAHOTYN, UP",,,,,"  -21",",,S","  -57",",,S","  -34","H,,S"
"UPM00033356","2014-11-24","50.217","31.8","128.0","YAHOTYN, UP",,,,,"  -15",",,S","  -49",",,S","  -38","H,,S"
"UPM00033356","2014-11-25","50.217","31.8","128.0","YAHOTYN, UP",,,,,,,"  -45",",,S","  -38","H,,S"
"UPM00033356","2014-11-26","50.217","31.8","128.0","YAHOTYN, UP",,,,,"  -33",",,S","  -53",",,S","  -48","H,,S"
"UPM00033356","2014-11-27","50.217","31.8","128.0","YAHOTYN, UP",,,,,"  -31",",,S","  -54",",,S","  -43","H,,S"
"UPM00033356","2014-11-28","50.217","31.8","128.0","YAHOTYN, UP","    8","B,,S","   10",",,S","  -21",",,S","  -42",",,S","  -30","H,,S"
"UPM00033356","2014-11-29","50.217","31.8","128.0","YAHOTYN, UP","    3","B,,S","   10",",,S","  -16",",,S","  -36",",,S","  -28","H,,S"
"UPM00033356","2014-11-30","50.217","31.8","128.0","YAHOTYN, UP","    3","B,,S","   10",",,S","  -33",",,S","  -48",",,S","  -43","H,,S"
"UPM00033356","2014-12-01","50.217","31.8","128.0","YAHOTYN, UP",,,"   10",",,S","  -57",",,S",,,"  -89","H,,S"
"UPM00033356","2014-12-02","50.217","31.8","128.0","YAHOTYN, UP",,,"   10",",,S","  -25",",,S"," -146",",,S","  -91","H,,S"
"UPM00033356","2014-12-03","50.217","31.8","128.0","YAHOTYN, UP",,,"   10",",,S",,,"  -94",",,S","  -80","H,,S"
"UPM00033356","2014-12-04","50.217","31.8","128.0","YAHOTYN, UP",,,"   10",",,S","  -44",",,S",,,"  -89","H,,S"
"UPM00033356","2014-12-05","50.217","31.8","128.0","YAHOTYN, UP",,,"   10",",,S","  -62",",,S"," -137",",,S","  -92","H,,S"
"UPM00033356","2014-12-06","50.217","31.8","128.0","YAHOTYN, UP",,,"   10",",,S","  -55",",,S",,,"  -66","H,,S"
"UPM00033356","2014-12-07","50.217","31.8","128.0","YAHOTYN, UP",,,"   10",",,S","  -53",",,S","  -75",",,S","  -58","H,,S"
"UPM00033356","2014-12-08","50.217","31.8","128.0","YAHOTYN, UP",,,"   10",",,S","  -22",",,S","  -56",",,S","  -37","H,,S"
"UPM00033356","2014-12-09","50.217","31.8","128.0","YAHOTYN, UP",,,"   10",",,S","   11",",,S","  -28",",,S","   -4","H,,S"
"UPM00033356","2014-12-10","50.217","31.8","128.0","YAHOTYN, UP",,,,,,,,,"    6","H,,S"
"UPM00033356","2014-12-11","50.217","31.8","128.0","YAHOTYN, UP","   79","B,,S",,,"   16",",,S",,,"    6","H,,S"
"UPM00033356","2014-12-12","50.217","31.8","128.0","YAHOTYN, UP",,,"   79",",,S","   11",",,S",,,"   -1","H,,S"
"UPM00033356","2014-12-13","50.217","31.8","128.0","YAHOTYN, UP",,,"   71",",,S","   54",",,S","  -33",",,S","    5","H,,S"
"UPM00033356","2014-12-14","50.217","31.8","128.0","YAHOTYN, UP",,,"   41",",,S","   29",",,S","  -30",",,S","    1","H,,S"
"UPM00033356","2014-12-15","50.217","31.8","128.0","YAHOTYN, UP",,,"   41",",,S","   -3",",,S","  -18",",,S","  -11","H,,S"
"UPM00033356","2014-12-16","50.217","31.8","128.0","YAHOTYN, UP",,,"   30",",,S",,,"   -6",",,S","   -2","H,,S"
"UPM00033356","2014-12-19","50.217","31.8","128.0","YAHOTYN, UP",,,,,,,,,"   28","H,,S"
"UPM00033356","2014-12-20","50.217","31.8","128.0","YAHOTYN, UP","   51","B,,S",,,"   77",",,S",,,"   42","H,,S"
"UPM00033356","2014-12-21","50.217","31.8","128.0","YAHOTYN, UP",,,,,,,,,"   12","H,,S"
"UPM00033356","2014-12-22","50.217","31.8","128.0","YAHOTYN, UP",,,,,,,,,"   17","H,,S"
"UPM00033356","2014-12-23","50.217","31.8","128.0","YAHOTYN, UP",,,,,,,"   15",",,S","   61","H,,S"
"UPM00033356","2014-12-24","50.217","31.8","128.0","YAHOTYN, UP",,,,,,,,,"   55","H,,S"
"UPM00033356","2014-12-25","50.217","31.8","128.0","YAHOTYN, UP",,,,,"   71",",,S",,,"   51","H,,S"
"UPM00033356","2014-12-26","50.217","31.8","128.0","YAHOTYN, UP",,,,,,,,,"  -42","H,,S"
"UPM00033356","2014-12-27","50.217","31.8","128.0","YAHOTYN, UP",,,,,,,"  -90",",,S","  -70","H,,S"
"UPM00033356","2014-12-28","50.217","31.8","128.0","YAHOTYN, UP",,,,,,,,,"  -80","H,,S"
"UPM00033356","2014-12-29","50.217","31.8","128.0","YAHOTYN, UP",,,,,,,,,"  -73","H,,S"
"UPM00033356","2014-12-30","50.217","31.8","128.0","YAHOTYN, UP",,,,,,,,,"  -93","H,,S"
"UPM00033356","2014-12-31","50.217","31.8","128.0","YAHOTYN, UP",,,,,,,,," -117","H,,S"
"UPM00033356","2015-01-01","50.217","31.8","128.0","YAHOTYN, UP",,,,,,,,,"  -28","H,,S"
"UPM00033356","2015-01-02","50.217","31.8","128.0","YAHOTYN, UP",,,,,,,,,"    9","H,,S"
"UPM00033356","2015-01-03","50.217","31.8","128.0","YAHOTYN, UP",,,,,,,,,"   24","H,,S"
"UPM00033356","2015-01-04","50.217","31.8","128.0","YAHOTYN, UP",,,,,,,,,"    9","H,,S"
"UPM00033356","2015-01-05","50.217","31.8","128.0","YAHOTYN, UP",,,,,"   -3",",,S",,,"  -14","H,,S"
"UPM00033356","2015-01-06","50.217","31.8","128.0","YAHOTYN, UP","    3","B,,S","   10",",,S",,,,," -106","H,,S"
"UPM00033356","2015-01-07","50.217","31.8","128.0","YAHOTYN, UP",,,,," -123",",,S"," -165",",,S"," -144","H,,S"
"UPM00033356","2015-01-08","50.217","31.8","128.0","YAHOTYN, UP",,,"   10",",,S"," -104",",,S"," -216",",,S"," -153","H,,S"
"UPM00033356","2015-01-09","50.217","31.8","128.0","YAHOTYN, UP",,,"   10",",,S",,," -142",",,S","  -69","H,,S"
"UPM00033356","2015-01-10","50.217","31.8","128.0","YAHOTYN, UP",,,"   61",",,S","   23",",,S","   -2",",,S","   11","H,,S"
"UPM00033356","2015-01-11","50.217","31.8","128.0","YAHOTYN, UP",,,"   30",",,S","   54",",,S","    6",",,S","   32","H,,S"
"UPM00033356","2015-01-12","50.217","31.8","128.0","YAHOTYN, UP",,,"   10",",,S","   29",",,S",,,"   10","H,,S"
"UPM00033356","2015-01-13","50.217","31.8","128.0","YAHOTYN, UP",,,"   10",",,S","   54",",,S","   -2",",,S","   29","H,,S"
"UPM00033356","2015-01-14","50.217","31.8","128.0","YAHOTYN, UP",,,"   10",",,S","   65",",,S",,,"   22","H,,S"
"UPM00033356","2015-01-15","50.217","31.8","128.0","YAHOTYN, UP",,,"   10",",,S",,,"  -20",",,S","   -8","H,,S"
"UPM00033356","2015-01-16","50.217","31.8","128.0","YAHOTYN, UP",,,"   10",",,S","    1",",,S","  -24",",,S","  -13","H,,S"
"UPM00033356","2015-01-17","50.217","31.8","128.0","YAHOTYN, UP",,,"   10",",,S","   15",",,S","  -10",",,S","    1","H,,S"
"UPM00033356","2015-01-18","50.217","31.8","128.0","YAHOTYN, UP",,,"   10",",,S","   23",",,S","    4",",,S","   16","H,,S"
"UPM00033356","2015-01-19","50.217","31.8","128.0","YAHOTYN, UP",,,,,"   11",",,S",,,"    8","H,,S"
"UPM00033356","2015-01-20","50.217","31.8","128.0","YAHOTYN, UP","   38","B,,S","   10",",,S","    9",",,S","    2",",,S","    6","H,,S"
"UPM00033356","2015-01-21","50.217","31.8","128.0","YAHOTYN, UP","   10","B,,S","   10",",,S","    8",",,S",,,"    3","H,,S"
"UPM00033356","2015-01-22","50.217","31.8","128.0","YAHOTYN, UP",,,,,"    3",",,S","  -10",",,S","   -2","H,,S"
"UPM00033356","2015-01-23","50.217","31.8","128.0","YAHOTYN, UP","   30","B,,S",,,"   24",",,S","    1",",,S","   12","H,,S"
"UPM00033356","2015-01-24","50.217","31.8","128.0","YAHOTYN, UP",,,,,,,,,"   -3","H,,S"
"UPM00033356","2015-01-25","50.217","31.8","128.0","YAHOTYN, UP",,,,,,,"  -35",",,S","  -32","H,,S"
"UPM00033356","2015-01-26","50.217","31.8","128.0","YAHOTYN, UP","   43","B,,S","   10",",,S","  -19",",,S","  -34",",,S","  -29","H,,S"
"UPM00033356","2015-01-27","50.217","31.8","128.0","YAHOTYN, UP",,,"   99",",,S","   -7",",,S",,,"  -31","H,,S"
"UPM00033356","2015-01-28","50.217","31.8","128.0","YAHOTYN, UP",,,"   99",",,S","  -41",",,S","  -75",",,S","  -53","H,,S"
"UPM00033356","2015-01-29","50.217","31.8","128.0","YAHOTYN, UP",,,"   99",",,S",,,"  -76",",,S","  -42","H,,S"
"UPM00033356","2015-01-30","50.217","31.8","128.0","YAHOTYN, UP",,,"   71",",,S",,,"  -20",",,S","   16","H,,S"
"UPM00033356","2015-01-31","50.217","31.8","128.0","YAHOTYN, UP",,,,,"   73",",,S","   25",",,S","   55","H,,S"
"UPM00033356","2015-02-01","50.217","31.8","128.0","YAHOTYN, UP",,,,,"   39",",,S","   -5",",,S","   12","H,,S"
"UPM00033356","2015-02-02","50.217","31.8","128.0","YAHOTYN, UP",,,,,"   44",",,S","  -18",",,S","   13","H,,S"
"UPM00033356","2015-02-03","50.217","31.8","128.0","YAHOTYN, UP",,,,,"   35",",,S","  -20",",,S","    4","H,,S"
"UPM00033356","2015-02-04","50.217","31.8","128.0","YAHOTYN, UP",,,"   71",",,S","   21",",,S",,,"  -13","H,,S"
"UPM00033356","2015-02-05","50.217","31.8","128.0","YAHOTYN, UP","   64","B,,S","   61",",,S","   -4",",,S","  -48",",,S","  -10","H,,S"
"UPM00033356","2015-02-06","50.217","31.8","128.0","YAHOTYN, UP","    0","B,,S","  119",",,S",,,,,"  -39","H,,S"
"UPM00033356","2015-02-07","50.217","31.8","128.0","YAHOTYN, UP",,,"  119",",,S","  -13",",,S","  -85",",,S","  -42","H,,S"
"UPM00033356","2015-02-08","50.217","31.8","128.0","YAHOTYN, UP",,,"   99",",,S","    5",",,S",,,"  -15","H,,S"
"UPM00033356","2015-02-09","50.217","31.8","128.0","YAHOTYN, UP","    3","B,,S","   79",",,S","  -11",",,S","  -84",",,S","  -50","H,,S"
"UPM00033356","2015-02-10","50.217","31.8","128.0","YAHOTYN, UP",,,"   89",",,S","  -37",",,S",,,"  -76","H,,S"
"UPM00033356","2015-02-11","50.217","31.8","128.0","YAHOTYN, UP",,,"   89",",,S","  -27",",,S"," -163",",,S","  -99","H,,S"
"UPM00033356","2015-02-12","50.217","31.8","128.0","YAHOTYN, UP",,,"   89",",,S","  -12",",,S"," -154",",,S","  -63","H,,S"
"UPM00033356","2015-02-13","50.217","31.8","128.0","YAHOTYN, UP",,,"   79",",,S","    1",",,S","  -18",",,S","  -12","H,,S"
"UPM00033356","2015-02-14","50.217","31.8","128.0","YAHOTYN, UP",,,"   79",",,S",,,,,"  -31","H,,S"
"UPM00033356","2015-02-15","50.217","31.8","128.0","YAHOTYN, UP",,,"   79",",,S","  -21",",,S","  -45",",,S","  -34","H,,S"
"UPM00033356","2015-02-16","50.217","31.8","128.0","YAHOTYN, UP",,,"   79",",,S","  -34",",,S",,,"  -78","H,,S"
"UPM00033356","2015-02-17","50.217","31.8","128.0","YAHOTYN, UP",,,"   79",",,S","  -34",",,S"," -121",",,S","  -83","H,,S"
"UPM00033356","2015-02-18","50.217","31.8","128.0","YAHOTYN, UP",,,"   79",",,S","  -14",",,S"," -159",",,S","  -83","H,,S"
"UPM00033356","2015-02-19","50.217","31.8","128.0","YAHOTYN, UP","    8","B,,S","   89",",,S","   15",",,S","  -76",",,S","   -4","H,,S"
"UPM00033356","2015-02-20","50.217","31.8","128.0","YAHOTYN, UP",,,"   71",",,S","   24",",,S","    2",",,S","    9","H,,S"
"UPM00033356","2015-02-21","50.217","31.8","128.0","YAHOTYN, UP",,,"   51",",,S","   35",",,S","   11",",,S","   19","H,,S"
"UPM00033356","2015-02-22","50.217","31.8","128.0","YAHOTYN, UP",,,,,"   51",",,S","   -4",",,S","   19","H,,S"
"UPM00033356","2015-02-23","50.217","31.8","128.0","YAHOTYN, UP",,,,,,,"   11",",,S","   21","H,,S"
"UPM00033356","2015-02-24","50.217","31.8","128.0","YAHOTYN, UP",,,,,"   34",",,S",,,"   18","H,,S"
"UPM00033356","2015-02-25","50.217","31.8","128.0","YAHOTYN, UP",,,,,"   54",",,S","    1",",,S","   19","H,,S"
"UPM00033356","2015-02-26","50.217","31.8","128.0","YAHOTYN, UP",,,,,"   27",",,S","   -6",",,S","    9","H,,S"
"UPM00033356","2015-02-27","50.217","31.8","128.0","YAHOTYN, UP","   79","B,,S",,,"   56",",,S","    9",",,S","   34","H,,S"
"UPM00033356","2015-02-28","50.217","31.8","128.0","YAHOTYN, UP",,,,,"   51",",,S","   23",",,S","   33","H,,S"
"UPM00033356","2015-03-01","50.217","31.8","128.0","YAHOTYN, UP",,,,,"   75",",,S",,,"   28","H,,S"
"UPM00033356","2015-03-02","50.217","31.8","128.0","YAHOTYN, UP",,,,,"   31",",,S","    0",",,S","   21","H,,S"
"UPM00033356","2015-03-03","50.217","31.8","128.0","YAHOTYN, UP",,,,,,,,,"   26","H,,S"
"UPM00033356","2015-03-04","50.217","31.8","128.0","YAHOTYN, UP",,,,,"   89",",,S",,,"   23","H,,S"
"UPM00033356","2015-03-05","50.217","31.8","128.0","YAHOTYN, UP",,,,,"   47",",,S",,,"   16","H,,S"
"UPM00033356","2015-03-06","50.217","31.8","128.0","YAHOTYN, UP",,,,,"   59",",,S","  -30",",,S","    6","H,,S"
"UPM00033356","2015-03-07","50.217","31.8","128.0","YAHOTYN, UP",,,"   10",",,S","   49",",,S",,,"   12","H,,S"
"UPM00033356","2015-03-08","50.217","31.8","128.0","YAHOTYN, UP",,,,,"   87",",,S","  -25",",,S","   28","H,,S"
"UPM00033356","2015-03-09","50.217","31.8","128.0","YAHOTYN, UP",,,,,"  127",",,S","   19",",,S","   64","H,,S"
"UPM00033356","2015-03-10","50.217","31.8","128.0","YAHOTYN, UP",,,,,"  148",",,S","   -5",",,S","   63","H,,S"
"UPM00033356","2015-03-11","50.217","31.8","128.0","YAHOTYN, UP",,,,,"  135",",,S","   -5",",,S","   67","H,,S"
"UPM00033356","2015-03-12","50.217","31.8","128.0","YAHOTYN, UP",,,,,"  118",",,S","   50",",,S","   75","H,,S"
"UPM00033356","2015-03-13","50.217","31.8","128.0","YAHOTYN, UP","  140","B,,S",,,"   47",",,S",,,"   35","H,,S"
"UPM00033356","2015-03-14","50.217","31.8","128.0","YAHOTYN, UP","   41","B,,S",,,"   65",",,S","   27",",,S","   44","H,,S"
"UPM00033356","2015-03-15","50.217","31.8","128.0","YAHOTYN, UP",,,,,"   87",",,S","   27",",,S","   50","H,,S"
"UPM00033356","2015-03-16","50.217","31.8","128.0","YAHOTYN, UP",,,,,"  104",",,S","    5",",,S","   51","H,,S"
"UPM00033356","2015-03-17","50.217","31.8","128.0","YAHOTYN, UP",,,,,"   81",",,S","   -6",",,S","   29","H,,S"
"UPM00033356","2015-03-18","50.217","31.8","128.0","YAHOTYN, UP",,,,,"   84",",,S","  -10",",,S","   32","H,,S"
"UPM00033356","2015-03-19","50.217","31.8","128.0","YAHOTYN, UP",,,,,"   89",",,S","    4",",,S","   41","H,,S"
"UPM00033356","2015-03-20","50.217","31.8","128.0","YAHOTYN, UP",,,,,"   99",",,S","   -3",",,S","   39","H,,S"
"UPM00033356","2015-03-21","50.217","31.8","128.0","YAHOTYN, UP",,,,,"  125",",,S","   -2",",,S","   54","H,,S"
"UPM00033356","2015-03-22","50.217","31.8","128.0","YAHOTYN, UP",,,,,"   91",",,S",,,"   33","H,,S"
"UPM00033356","2015-03-23","50.217","31.8","128.0","YAHOTYN, UP",,,,,"   30",",,S","  -48",",,S","  -11","H,,S"
"UPM00033356","2015-03-24","50.217","31.8","128.0","YAHOTYN, UP",,,,,"  113",",,S","  -28",",,S","   42","H,,S"
"UPM00033356","2015-03-25","50.217","31.8","128.0","YAHOTYN, UP",,,,,"  142",",,S","   -2",",,S","   68","H,,S"
"UPM00033356","2015-03-26","50.217","31.8","128.0","YAHOTYN, UP",,,,,"  123",",,S","   14",",,S","   68","H,,S"
"UPM00033356","2015-03-27","50.217","31.8","128.0","YAHOTYN, UP",,,,,"  165",",,S","   49",",,S","  113","H,,S"
"UPM00033356","2015-03-28","50.217","31.8","128.0","YAHOTYN, UP",,,,,"  156",",,S",,,"  104","H,,S"
"UPM00033356","2015-03-29","50.217","31.8","128.0","YAHOTYN, UP","  150","B,,S","   10",",,S",,,"   -6",",,S","   16","H,,S"
"UPM00033356","2015-03-30","50.217","31.8","128.0","YAHOTYN, UP","   71","B,,S",,,,,"    1",",,S","   39","H,,S"
"UPM00033356","2015-03-31","50.217","31.8","128.0","YAHOTYN, UP","  160","B,,S",,,"   67",",,S",,,"   54","H,,S"
"UPM00033356","2015-04-01","50.217","31.8","128.0","YAHOTYN, UP","   15","B,,S",,,"  117",",,S",,,"   61","H,,S"
"UPM00033356","2015-04-02","50.217","31.8","128.0","YAHOTYN, UP",,,,,"   67",",,S",,,"   36","H,,S"
"UPM00033356","2015-04-03","50.217","31.8","128.0","YAHOTYN, UP",,,,,"   97",",,S","  -24",",,S","   36","H,,S"
"UPM00033356","2015-04-04","50.217","31.8","128.0","YAHOTYN, UP","  130","B,,S",,,"   51",",,S","    9",",,S","   27","H,,S"
"UPM00033356","2015-04-05","50.217","31.8","128.0","YAHOTYN, UP",,,,,"   75",",,S","   -6",",,S","   26","H,,S"
"UPM00033356","2015-04-06","50.217","31.8","128.0","YAHOTYN, UP",,,,,"   92",",,S","  -10",",,S","   43","H,,S"
"UPM00033356","2015-04-07","50.217","31.8","128.0","YAHOTYN, UP",,,,,"   95",",,S","   14",",,S","   51","H,,S"
"UPM00033356","2015-04-08","50.217","31.8","128.0","YAHOTYN, UP",,,,,"  120",",,S",,,"   67","H,,S"
"UPM00033356","2015-04-09","50.217","31.8","128.0","YAHOTYN, UP",,,,,"  122",",,S","   39",",,S","   79","H,,S"
"UPM00033356","2015-04-10","50.217","31.8","128.0","YAHOTYN, UP",,,,,"  175",",,S","   24",",,S","  108","H,,S"
"UPM00033356","2015-04-11","50.217","31.8","128.0","YAHOTYN, UP",,,,,"  212",",,S","   44",",,S","  132","H,,S"
"UPM00033356","2015-04-12","50.217","31.8","128.0","YAHOTYN, UP",,,,,"  231",",,S","   33",",,S","  146","H,,S"
"UPM00033356","2015-04-13","50.217","31.8","128.0","YAHOTYN, UP",,,,,"  160",",,S","   69",",,S","  115","H,,S"
"UPM00033356","2015-04-14","50.217","31.8","128.0","YAHOTYN, UP",,,,,"  118",",,S",,,"   76","H,,S"
"UPM00033356","2015-04-15","50.217","31.8","128.0","YAHOTYN, UP",,,,,"   90",",,S","    7",",,S","   49","H,,S"
"UPM00033356","2015-04-16","50.217","31.8","128.0","YAHOTYN, UP",,,,,"  220",",,S","   53",",,S","  147","H,,S"
"UPM00033356","2015-04-17","50.217","31.8","128.0","YAHOTYN, UP",,,,,"  180",",,S","   45",",,S","  119","H,,S"
"UPM00033356","2015-04-18","50.217","31.8","128.0","YAHOTYN, UP",,,,,"  133",",,S","   71",",,S","   91","H,,S"
"UPM00033356","2015-04-19","50.217","31.8","128.0","YAHOTYN, UP","    0","B,,S",,,"   99",",,S","   25",",,S","   57","H,,S"
"UPM00033356","2015-04-20","50.217","31.8","128.0","YAHOTYN, UP","   20","B,,S",,,"   59",",,S",,,"   29","H,,S"
"UPM00033356","2015-04-21","50.217","31.8","128.0","YAHOTYN, UP",,,,,"   84",",,S","    9",",,S","   45","H,,S"
"UPM00033356","2015-04-22","50.217","31.8","128.0","YAHOTYN, UP",,,,,"  115",",,S","    3",",,S","   62","H,,S"
"UPM00033356","2015-04-23","50.217","31.8","128.0","YAHOTYN, UP",,,,,"  183",",,S","   32",",,S","  108","H,,S"
"UPM00033356","2015-04-24","50.217","31.8","128.0","YAHOTYN, UP",,,,,"  225",",,S","   90",",,S","  156","H,,S"
"UPM00033356","2015-04-25","50.217","31.8","128.0","YAHOTYN, UP",,,,,"  215",",,S","   93",",,S","  143","H,,S"
"UPM00033356","2015-04-26","50.217","31.8","128.0","YAHOTYN, UP",,,,,"  240",",,S","  100",",,S","  169","H,,S"
"UPM00033356","2015-04-27","50.217","31.8","128.0","YAHOTYN, UP",,,,,"  251",",,S","   97",",,S","  176","H,,S"
"UPM00033356","2015-04-28","50.217","31.8","128.0","YAHOTYN, UP",,,,,"  250",",,S","   81",",,S","  173","H,,S"
"UPM00033356","2015-04-29","50.217","31.8","128.0","YAHOTYN, UP",,,,,"  215",",,S","   91",",,S","  153","H,,S"
"UPM00033356","2015-04-30","50.217","31.8","128.0","YAHOTYN, UP",,,,,"  177",",,S","  106",",,S","  133","H,,S"
"UPM00033356","2015-05-01","50.217","31.8","128.0","YAHOTYN, UP",,,,,"  220",",,S","   65",",,S","  144","H,,S"
"UPM00033356","2015-05-02","50.217","31.8","128.0","YAHOTYN, UP",,,,,"  230",",,S","  109",",,S","  174","H,,S"
"UPM00033356","2015-05-03","50.217","31.8","128.0","YAHOTYN, UP","   99","B,,S",,,"  134",",,S",,,"  116","H,,S"
"UPM00033356","2015-05-04","50.217","31.8","128.0","YAHOTYN, UP",,,,,"  185",",,S","   53",",,S","  117","H,,S"
"UPM00033356","2015-05-05","50.217","31.8","128.0","YAHOTYN, UP",,,,,"  210",",,S","   47",",,S","  133","H,,S"
"UPM00033356","2015-05-06","50.217","31.8","128.0","YAHOTYN, UP",,,,,"  221",",,S","   49",",,S","  146","H,,S"
"UPM00033356","2015-05-07","50.217","31.8","128.0","YAHOTYN, UP",,,,,"  181",",,S","   91",",,S","  129","H,,S"
"UPM00033356","2015-05-08","50.217","31.8","128.0","YAHOTYN, UP","   58","B,,S",,,"  138",",,S",,,"  112","H,,S"
"UPM00033356","2015-05-09","50.217","31.8","128.0","YAHOTYN, UP",,,,,"  205",",,S","   93",",,S","  149","H,,S"
"UPM00033356","2015-05-10","50.217","31.8","128.0","YAHOTYN, UP",,,,,"  205",",,S","  107",",,S","  157","H,,S"
"UPM00033356","2015-05-11","50.217","31.8","128.0","YAHOTYN, UP",,,,,"  240",",,S",,,"  177","H,,S"
"UPM00033356","2015-05-12","50.217","31.8","128.0","YAHOTYN, UP",,,,,"  245",",,S","  120",",,S","  175","H,,S"
"UPM00033356","2015-05-13","50.217","31.8","128.0","YAHOTYN, UP",,,,,"  236",",,S","   79",",,S","  169","H,,S"
"UPM00033356","2015-05-14","50.217","31.8","128.0","YAHOTYN, UP",,,,,"  188",",,S","  102",",,S","  144","H,,S"
"UPM00033356","2015-05-15","50.217","31.8","128.0","YAHOTYN, UP","  170","B,,S",,,"  170",",,S","   91",",,S","  119","H,,S"
"UPM00033356","2015-05-16","50.217","31.8","128.0","YAHOTYN, UP",,,,,"  157",",,S",,,"  115","H,,S"
"UPM00033356","2015-05-17","50.217","31.8","128.0","YAHOTYN, UP",,,,,"  187",",,S","   64",",,S","  133","H,,S"
"UPM00033356","2015-05-18","50.217","31.8","128.0","YAHOTYN, UP",,,,,"  167",",,S","   92",",,S","  128","H,,S"
"UPM00033356","2015-05-19","50.217","31.8","128.0","YAHOTYN, UP",,,,,"  230",",,S","   69",",,S","  155","H,,S"
"UPM00033356","2015-05-20","50.217","31.8","128.0","YAHOTYN, UP",,,,,"  290",",,S","  119",",,S","  201","H,,S"
"UPM00033356","2015-05-21","50.217","31.8","128.0","YAHOTYN, UP",,,,,"  290",",,S","  139",",,S","  214","H,,S"
"UPM00033356","2015-05-22","50.217","31.8","128.0","YAHOTYN, UP",,,,,"  287",",,S","  149",",,S","  217","H,,S"
"UPM00033356","2015-05-23","50.217","31.8","128.0","YAHOTYN, UP",,,,,"  295",",,S","  123",",,S","  217","H,,S"
"UPM00033356","2015-05-24","50.217","31.8","128.0","YAHOTYN, UP",,,,,"  290",",,S","  139",",,S","  223","H,,S"
"UPM00033356","2015-05-25","50.217","31.8","128.0","YAHOTYN, UP",,,,,"  290",",,S","  151",",,S","  218","H,,S"
"UPM00033356","2015-05-26","50.217","31.8","128.0","YAHOTYN, UP",,,,,"  287",",,S","  163",",,S","  227","H,,S"
"UPM00033356","2015-05-27","50.217","31.8","128.0","YAHOTYN, UP",,,,,"  272",",,S","  162",",,S","  216","H,,S"
"UPM00033356","2015-05-28","50.217","31.8","128.0","YAHOTYN, UP",,,,,"  188",",,S",,,"  166","H,,S"
"UPM00033356","2015-05-29","50.217","31.8","128.0","YAHOTYN, UP","  351","B,,S",,,"  140",",,S","  120",",,S","  129","H,,S"
"UPM00033356","2015-05-30","50.217","31.8","128.0","YAHOTYN, UP",,,,,"  187",",,S","  135",",,S","  159","H,,S"
"UPM00033356","2015-05-31","50.217","31.8","128.0","YAHOTYN, UP",,,,,"  245",",,S","  134",",,S","  184","H,,S"
"UPM00033356","2015-06-01","50.217","31.8","128.0","YAHOTYN, UP",,,,,"  240",",,S",,,"  181","H,,S"
"UPM00033356","2015-06-02","50.217","31.8","128.0","YAHOTYN, UP",,,,,"  270",",,S","  107",",,S","  197","H,,S"
"UPM00033356","2015-06-03","50.217","31.8","128.0","YAHOTYN, UP",,,,,"  287",",,S","  134",",,S","  223","H,,S"
"UPM00033356","2015-06-04","50.217","31.8","128.0","YAHOTYN, UP",,,,,"  303",",,S","  161",",,S","  223","H,,S"
"UPM00033356","2015-06-05","50.217","31.8","128.0","YAHOTYN, UP",,,,,"  222",",,S","  119",",,S","  173","H,,S"
"UPM00033356","2015-06-06","50.217","31.8","128.0","YAHOTYN, UP",,,,,"  254",",,S","   84",",,S","  181","H,,S"
"UPM00033356","2015-06-07","50.217","31.8","128.0","YAHOTYN, UP",,,,,"  277",",,S","  101",",,S","  206","H,,S"
"UPM00033356","2015-06-08","50.217","31.8","128.0","YAHOTYN, UP",,,,,"  312",",,S","  124",",,S","  226","H,,S"
"UPM00033356","2015-06-09","50.217","31.8","128.0","YAHOTYN, UP",,,,,"  300",",,S","  144",",,S","  227","H,,S"
"UPM00033356","2015-06-10","50.217","31.8","128.0","YAHOTYN, UP",,,,,"  262",",,S","  144",",,S","  196","H,,S"
"UPM00033356","2015-06-11","50.217","31.8","128.0","YAHOTYN, UP",,,,,"  266",",,S","  126",",,S","  199","H,,S"
"UPM00033356","2015-06-12","50.217","31.8","128.0","YAHOTYN, UP",,,,,"  262",",,S",,,"  203","H,,S"
"UPM00033356","2015-06-13","50.217","31.8","128.0","YAHOTYN, UP",,,,,"  299",",,S","  105",",,S","  217","H,,S"
"UPM00033356","2015-06-14","50.217","31.8","128.0","YAHOTYN, UP",,,,,"  327",",,S",,,"  242","H,,S"
"UPM00033356","2015-06-15","50.217","31.8","128.0","YAHOTYN, UP",,,,,"  337",",,S","  169",",,S","  238","H,,S"
"UPM00033356","2015-06-16","50.217","31.8","128.0","YAHOTYN, UP","    0","B,,S",,,"  285",",,S","  154",",,S","  214","H,,S"
"UPM00033356","2015-06-17","50.217","31.8","128.0","YAHOTYN, UP","   41","B,,S",,,"  189",",,S",,,"  164","H,,S"
"UPM00033356","2015-06-18","50.217","31.8","128.0","YAHOTYN, UP",,,,,"  201",",,S","  111",",,S","  159","H,,S"
"UPM00033356","2015-06-19","50.217","31.8","128.0","YAHOTYN, UP",,,,,"  190",",,S","  139",",,S","  159","H,,S"
"UPM00033356","2015-06-20","50.217","31.8","128.0","YAHOTYN, UP",,,,,"  235",",,S","  119",",,S","  174","H,,S"
"UPM00033356","2015-06-21","50.217","31.8","128.0","YAHOTYN, UP",,,,,"  267",",,S","  119",",,S","  197","H,,S"
"UPM00033356","2015-06-22","50.217","31.8","128.0","YAHOTYN, UP","  140","B,,S",,,"  190",",,S",,,"  160","H,,S"
"UPM00033356","2015-06-23","50.217","31.8","128.0","YAHOTYN, UP",,,,,"  252",",,S","   94",",,S","  181","H,,S"
"UPM00033356","2015-06-24","50.217","31.8","128.0","YAHOTYN, UP",,,,,"  285",",,S","  125",",,S","  213","H,,S"
"UPM00033356","2015-06-25","50.217","31.8","128.0","YAHOTYN, UP",,,,,"  297",",,S","  160",",,S","  227","H,,S"
"UPM00033356","2015-06-26","50.217","31.8","128.0","YAHOTYN, UP",,,,,,,,,"  173","H,,S"
"UPM00033356","2015-06-27","50.217","31.8","128.0","YAHOTYN, UP","  160","B,,S",,,"  165",",,S","  149",",,S","  155","H,,S"
"UPM00033356","2015-06-28","50.217","31.8","128.0","YAHOTYN, UP",,,,,"  176",",,S","  149",",,S","  161","H,,S"
"UPM00033356","2015-06-29","50.217","31.8","128.0","YAHOTYN, UP","   30","B,,S",,,"  186",",,S","  137",",,S","  156","H,,S"
"UPM00033356","2015-06-30","50.217","31.8","128.0","YAHOTYN, UP",,,,,"  242",",,S","  145",",,S","  188","H,,S"
"UPM00033356","2015-07-01","50.217","31.8","128.0","YAHOTYN, UP",,,,,"  260",",,S","  116",",,S","  183","H,,S"
"UPM00033356","2015-07-02","50.217","31.8","128.0","YAHOTYN, UP","  160","B,,S",,,"  223",",,S","  153",",,S","  183","H,,S"
"UPM00033356","2015-07-03","50.217","31.8","128.0","YAHOTYN, UP",,,,,"  263",",,S","  159",",,S","  208","H,,S"
"UPM00033356","2015-07-04","50.217","31.8","128.0","YAHOTYN, UP",,,,,"  260",",,S","  137",",,S","  206","H,,S"
"UPM00033356","2015-07-05","50.217","31.8","128.0","YAHOTYN, UP",,,,,"  285",",,S","  149",",,S","  225","H,,S"
"UPM00033356","2015-07-06","50.217","31.8","128.0","YAHOTYN, UP",,,,,"  312",",,S","  164",",,S","  241","H,,S"
"UPM00033356","2015-07-07","50.217","31.8","128.0","YAHOTYN, UP",,,,,"  300",",,S",,,"  235","H,,S"
"UPM00033356","2015-07-08","50.217","31.8","128.0","YAHOTYN, UP",,,,,"  314",",,S","  126",",,S","  234","H,,S"
"UPM00033356","2015-07-09","50.217","31.8","128.0","YAHOTYN, UP",,,,,"  325",",,S",,,"  258","H,,S"
"UPM00033356","2015-07-10","50.217","31.8","128.0","YAHOTYN, UP",,,,,"  257",",,S","  173",",,S","  205","H,,S"
"UPM00033356","2015-07-11","50.217","31.8","128.0","YAHOTYN, UP",,,,,"  185",",,S","  109",",,S","  146","H,,S"
"UPM00033356","2015-07-12","50.217","31.8","128.0","YAHOTYN, UP",,,,,"  220",",,S","  117",",,S","  147","H,,S"
"UPM00033356","2015-07-13","50.217","31.8","128.0","YAHOTYN, UP",,,,,"  221",",,S","  117",",,S","  170","H,,S"
"UPM00033356","2015-07-14","50.217","31.8","128.0","YAHOTYN, UP","   25","B,,S",,,"  235",",,S","  149",",,S","  187","H,,S"
"UPM00033356","2015-07-15","50.217","31.8","128.0","YAHOTYN, UP",,,,,"  243",",,S","  125",",,S","  188","H,,S"
"UPM00033356","2015-07-16","50.217","31.8","128.0","YAHOTYN, UP",,,,,"  240",",,S","  139",",,S","  182","H,,S"
"UPM00033356","2015-07-17","50.217","31.8","128.0","YAHOTYN, UP",,,,,"  256",",,S","  114",",,S","  191","H,,S"
"UPM00033356","2015-07-18","50.217","31.8","128.0","YAHOTYN, UP",,,,,"  235",",,S",,,"  184","H,,S"
"UPM00033356","2015-07-19","50.217","31.8","128.0","YAHOTYN, UP",,,,,"  285",",,S","   99",",,S","  207","H,,S"
"UPM00033356","2015-07-20","50.217","31.8","128.0","YAHOTYN, UP",,,,,"  324",",,S","  180",",,S","  244","H,,S"
"UPM00033356","2015-07-21","50.217","31.8","128.0","YAHOTYN, UP",,,,,"  240",",,S",,,"  191","H,,S"
"UPM00033356","2015-07-22","50.217","31.8","128.0","YAHOTYN, UP",,,,,"  304",",,S","   97",",,S","  217","H,,S"
"UPM00033356","2015-07-23","50.217","31.8","128.0","YAHOTYN, UP",,,,,"  309",",,S","  179",",,S","  240","H,,S"
"UPM00033356","2015-07-24","50.217","31.8","128.0","YAHOTYN, UP",,,,,"  342",",,S","  169",",,S","  254","H,,S"
"UPM00033356","2015-07-25","50.217","31.8","128.0","YAHOTYN, UP",,,,,"  332",",,S","  189",",,S","  263","H,,S"
"UPM00033356","2015-07-26","50.217","31.8","128.0","YAHOTYN, UP",,,,,"  345",",,S","  202",",,S","  268","H,,S"
"UPM00033356","2015-07-27","50.217","31.8","128.0","YAHOTYN, UP","  109","B,,S",,,"  240",",,S",,,"  201","H,,S"
"UPM00033356","2015-07-28","50.217","31.8","128.0","YAHOTYN, UP",,,,,"  250",",,S",,,"  188","H,,S"
"UPM00033356","2015-07-29","50.217","31.8","128.0","YAHOTYN, UP",,,,,"  290",",,S","  149",",,S","  214","H,,S"
"UPM00033356","2015-07-30","50.217","31.8","128.0","YAHOTYN, UP",,,,,"  264",",,S",,,"  204","H,,S"
"UPM00033356","2015-07-31","50.217","31.8","128.0","YAHOTYN, UP",,,,,"  275",",,S","  170",",,S","  210","H,,S"
"UPM00033356","2015-08-01","50.217","31.8","128.0","YAHOTYN, UP",,,,,"  260",",,S","  134",",,S","  184","H,,S"
"UPM00033356","2015-08-02","50.217","31.8","128.0","YAHOTYN, UP",,,,,"  270",",,S","  114",",,S","  201","H,,S"
"UPM00033356","2015-08-03","50.217","31.8","128.0","YAHOTYN, UP",,,,,"  285",",,S","  119",",,S","  213","H,,S"
"UPM00033356","2015-08-04","50.217","31.8","128.0","YAHOTYN, UP",,,,,"  298",",,S","  155",",,S","  222","H,,S"
"UPM00033356","2015-08-05","50.217","31.8","128.0","YAHOTYN, UP",,,,,"  313",",,S","  153",",,S","  236","H,,S"
"UPM00033356","2015-08-06","50.217","31.8","128.0","YAHOTYN, UP",,,,,"  312",",,S","  159",",,S","  238","H,,S"
"UPM00033356","2015-08-07","50.217","31.8","128.0","YAHOTYN, UP",,,,,"  295",",,S","  129",",,S","  219","H,,S"
"UPM00033356","2015-08-08","50.217","31.8","128.0","YAHOTYN, UP",,,,,"  300",",,S","  127",",,S","  220","H,,S"
"UPM00033356","2015-08-09","50.217","31.8","128.0","YAHOTYN, UP",,,,,"  327",",,S","  139",",,S","  236","H,,S"
"UPM00033356","2015-08-10","50.217","31.8","128.0","YAHOTYN, UP",,,,,"  342",",,S","  150",",,S","  254","H,,S"
"UPM00033356","2015-08-11","50.217","31.8","128.0","YAHOTYN, UP",,,,,"  347",",,S","  193",",,S","  274","H,,S"
"UPM00033356","2015-08-12","50.217","31.8","128.0","YAHOTYN, UP",,,,,"  353",",,S","  205",",,S","  270","H,,S"
"UPM00033356","2015-08-13","50.217","31.8","128.0","YAHOTYN, UP",,,,,"  342",",,S","  177",",,S","  258","H,,S"
"UPM00033356","2015-08-14","50.217","31.8","128.0","YAHOTYN, UP",,,,,"  312",",,S","  177",",,S","  233","H,,S"
"UPM00033356","2015-08-15","50.217","31.8","128.0","YAHOTYN, UP",,,,,"  266",",,S",,,"  219","H,,S"
"UPM00033356","2015-08-16","50.217","31.8","128.0","YAHOTYN, UP",,,,,"  285",",,S","  149",",,S","  211","H,,S"
"UPM00033356","2015-08-17","50.217","31.8","128.0","YAHOTYN, UP",,,,,"  241",",,S","  111",",,S","  177","H,,S"
"UPM00033356","2015-08-18","50.217","31.8","128.0","YAHOTYN, UP",,,,,"  212",",,S","  134",",,S","  164","H,,S"
"UPM00033356","2015-08-19","50.217","31.8","128.0","YAHOTYN, UP",,,,,"  210",",,S","  104",",,S","  154","H,,S"
"UPM00033356","2015-08-20","50.217","31.8","128.0","YAHOTYN, UP",,,,,"  227",",,S","   87",",,S","  162","H,,S"
"UPM00033356","2015-08-21","50.217","31.8","128.0","YAHOTYN, UP",,,,,"  222",",,S","  149",",,S","  181","H,,S"
"UPM00033356","2015-08-22","50.217","31.8","128.0","YAHOTYN, UP",,,,,"  270",",,S","  121",",,S","  199","H,,S"
"UPM00033356","2015-08-23","50.217","31.8","128.0","YAHOTYN, UP",,,,,"  290",",,S","  125",",,S","  218","H,,S"
"UPM00033356","2015-08-24","50.217","31.8","128.0","YAHOTYN, UP",,,,,"  296",",,S","  139",",,S","  212","H,,S"
"UPM00033356","2015-08-25","50.217","31.8","128.0","YAHOTYN, UP",,,,,"  280",",,S","  123",",,S","  201","H,,S"
"UPM00033356","2015-08-26","50.217","31.8","128.0","YAHOTYN, UP",,,,,"  303",",,S","   99",",,S","  214","H,,S"
"UPM00033356","2015-08-27","50.217","31.8","128.0","YAHOTYN, UP",,,,,"  270",",,S",,,"  206","H,,S"
"UPM00033356","2015-08-28","50.217","31.8","128.0","YAHOTYN, UP",,,,,"  305",",,S","  116",",,S","  220","H,,S"
"UPM00033356","2015-08-29","50.217","31.8","128.0","YAHOTYN, UP",,,,,"  312",",,S","  175",",,S","  234","H,,S"
"UPM00033356","2015-08-30","50.217","31.8","128.0","YAHOTYN, UP",,,,,"  253",",,S",,,"  191","H,,S"
"UPM00033356","2015-08-31","50.217","31.8","128.0","YAHOTYN, UP",,,,,"  315",",,S","   99",",,S","  211","H,,S"
"UPM00033356","2015-09-01","50.217","31.8","128.0","YAHOTYN, UP",,,,,"  357",",,S","  172",",,S","  260","H,,S"
"UPM00033356","2015-09-02","50.217","31.8","128.0","YAHOTYN, UP",,,,,"  367",",,S","  215",",,S","  279","H,,S"
"UPM00033356","2015-09-03","50.217","31.8","128.0","YAHOTYN, UP",,,,,"  274",",,S",,,"  234","H,,S"
"UPM00033356","2015-09-04","50.217","31.8","128.0","YAHOTYN, UP",,,,,"  285",",,S","  171",",,S","  227","H,,S"
"UPM00033356","2015-09-05","50.217","31.8","128.0","YAHOTYN, UP","   30","B,,S",,,"  240",",,S",,,"  184","H,,S"
"UPM00033356","2015-09-06","50.217","31.8","128.0","YAHOTYN, UP","  391","B,,S",,,"  190",",,S","  144",",,S","  163","H,,S"
"UPM00033356","2015-09-07","50.217","31.8","128.0","YAHOTYN, UP",,,,,"  180",",,S","  113",",,S","  148","H,,S"
"UPM00033356","2015-09-08","50.217","31.8","128.0","YAHOTYN, UP",,,,,"  182",",,S","   87",",,S","  127","H,,S"
"UPM00033356","2015-09-09","50.217","31.8","128.0","YAHOTYN, UP","    3","B,,S",,,"  180",",,S","   75",",,S","  131","H,,S"
"UPM00033356","2015-09-10","50.217","31.8","128.0","YAHOTYN, UP",,,,,"  200",",,S","   56",",,S","  133","H,,S"
"UPM00033356","2015-09-11","50.217","31.8","128.0","YAHOTYN, UP",,,,,"  185",",,S","   97",",,S","  133","H,,S"
"UPM00033356","2015-09-12","50.217","31.8","128.0","YAHOTYN, UP",,,,,,,"   93",",,S","  139","H,,S"
"UPM00033356","2015-09-15","50.217","31.8","128.0","YAHOTYN, UP",,,,,"  212",",,S","   68",",,S","  145","H,,S"
"UPM00033356","2015-09-16","50.217","31.8","128.0","YAHOTYN, UP",,,,,"  236",",,S","   90",",,S","  164","H,,S"
"UPM00033356","2015-09-17","50.217","31.8","128.0","YAHOTYN, UP",,,,,"  255",",,S","  118",",,S","  187","H,,S"
"UPM00033356","2015-09-18","50.217","31.8","128.0","YAHOTYN, UP",,,,,"  288",",,S","  155",",,S","  212","H,,S"
"UPM00033356","2015-09-19","50.217","31.8","128.0","YAHOTYN, UP",,,,,"  312",",,S","  167",",,S","  228","H,,S"
"UPM00033356","2015-09-20","50.217","31.8","128.0","YAHOTYN, UP",,,,,"  300",",,S",,,"  202","H,,S"
"UPM00033356","2015-09-21","50.217","31.8","128.0","YAHOTYN, UP",,,,,"  260",",,S","   89",",,S","  164","H,,S"
"UPM00033356","2015-09-22","50.217","31.8","128.0","YAHOTYN, UP",,,,,"  229",",,S","  113",",,S","  164","H,,S"
"UPM00033356","2015-09-23","50.217","31.8","128.0","YAHOTYN, UP",,,,,"  286",",,S","  141",",,S","  213","H,,S"
"UPM00033356","2015-09-24","50.217","31.8","128.0","YAHOTYN, UP",,,,,"  300",",,S","  161",",,S","  226","H,,S"
"UPM00033356","2015-09-25","50.217","31.8","128.0","YAHOTYN, UP",,,,,"  293",",,S","  174",",,S","  224","H,,S"
"UPM00033356","2015-09-26","50.217","31.8","128.0","YAHOTYN, UP",,,,,"  295",",,S","  149",",,S","  213","H,,S"
"UPM00033356","2015-09-27","50.217","31.8","128.0","YAHOTYN, UP",,,,,"  235",",,S","  149",",,S","  182","H,,S"
"UPM00033356","2015-09-28","50.217","31.8","128.0","YAHOTYN, UP",,,,,"  155",",,S",,,"  127","H,,S"
"UPM00033356","2015-09-29","50.217","31.8","128.0","YAHOTYN, UP",,,,,"  160",",,S","   73",",,S","  119","H,,S"
"UPM00033356","2015-09-30","50.217","31.8","128.0","YAHOTYN, UP",,,,,"  146",",,S","   92",",,S","  116","H,,S"
"UPM00033356","2015-10-01","50.217","31.8","128.0","YAHOTYN, UP",,,,,"  163",",,S","   55",",,S","  109","H,,S"
"UPM00033356","2015-10-02","50.217","31.8","128.0","YAHOTYN, UP",,,,,"  196",",,S","   47",",,S","  116","H,,S"
"UPM00033356","2015-10-03","50.217","31.8","128.0","YAHOTYN, UP",,,,,"  235",",,S","   65",",,S","  127","H,,S"
"UPM00033356","2015-10-04","50.217","31.8","128.0","YAHOTYN, UP",,,,,"  236",",,S","   20",",,S","  133","H,,S"
"UPM00033356","2015-10-05","50.217","31.8","128.0","YAHOTYN, UP",,,,,"  245",",,S","   86",",,S","  152","H,,S"
"UPM00033356","2015-10-06","50.217","31.8","128.0","YAHOTYN, UP",,,,,"  235",",,S","  103",",,S","  149","H,,S"
"UPM00033356","2015-10-07","50.217","31.8","128.0","YAHOTYN, UP",,,,,"  115",",,S",,,"   53","H,,S"
"UPM00033356","2015-10-08","50.217","31.8","128.0","YAHOTYN, UP",,,,,"  103",",,S","  -42",",,S","   21","H,,S"
"UPM00033356","2015-10-09","50.217","31.8","128.0","YAHOTYN, UP",,,,,"   79",",,S",,,"   22","H,,S"
"UPM00033356","2015-10-10","50.217","31.8","128.0","YAHOTYN, UP",,,,,"   79",",,S",,,"   18","H,,S"
"UPM00033356","2015-10-11","50.217","31.8","128.0","YAHOTYN, UP",,,,,"   81",",,S","  -68",",,S","   17","H,,S"
"UPM00033356","2015-10-12","50.217","31.8","128.0","YAHOTYN, UP",,,,,"  102",",,S","  -20",",,S","   37","H,,S"
"UPM00033356","2015-10-13","50.217","31.8","128.0","YAHOTYN, UP",,,,,"   97",",,S","    0",",,S","   53","H,,S"
"UPM00033356","2015-10-14","50.217","31.8","128.0","YAHOTYN, UP",,,,,"  120",",,S","   21",",,S","   59","H,,S"
"UPM00033356","2015-10-15","50.217","31.8","128.0","YAHOTYN, UP",,,,,"  120",",,S","  -30",",,S","   40","H,,S"
"UPM00033356","2015-10-16","50.217","31.8","128.0","YAHOTYN, UP",,,,,"  122",",,S","  -18",",,S","   49","H,,S"
"UPM00033356","2015-10-17","50.217","31.8","128.0","YAHOTYN, UP",,,,,"  135",",,S","   -6",",,S","   60","H,,S"
"UPM00033356","2015-10-18","50.217","31.8","128.0","YAHOTYN, UP",,,,,"  160",",,S","   39",",,S","   95","H,,S"
"UPM00033356","2015-10-19","50.217","31.8","128.0","YAHOTYN, UP",,,,,"  170",",,S",,,"   99","H,,S"
"UPM00033356","2015-10-20","50.217","31.8","128.0","YAHOTYN, UP",,,,,"  104",",,S","   46",",,S","   83","H,,S"
"UPM00033356","2015-10-21","50.217","31.8","128.0","YAHOTYN, UP","   71","B,,S",,,,,,,"   32","H,,S"
"UPM00033356","2015-10-22","50.217","31.8","128.0","YAHOTYN, UP",,,,,"   57",",,S","   18",",,S","   44","H,,S"
"UPM00033356","2015-10-23","50.217","31.8","128.0","YAHOTYN, UP",,,,,"   99",",,S","   49",",,S","   69","H,,S"
"UPM00033356","2015-10-24","50.217","31.8","128.0","YAHOTYN, UP","   51","B,,S",,,"  125",",,S","   59",",,S","   89","H,,S"
"UPM00033356","2015-10-25","50.217","31.8","128.0","YAHOTYN, UP","    5","B,,S",,,"  110",",,S",,,"   85","H,,S"
"UPM00033356","2015-10-26","50.217","31.8","128.0","YAHOTYN, UP","    5","B,,S",,,"  120",",,S","   57",",,S","   70","H,,S"
"UPM00033356","2015-10-27","50.217","31.8","128.0","YAHOTYN, UP",,,,,"   79",",,S",,,"   55","H,,S"
"UPM00033356","2015-10-28","50.217","31.8","128.0","YAHOTYN, UP",,,,,"   84",",,S",,,"   22","H,,S"
"UPM00033356","2015-10-29","50.217","31.8","128.0","YAHOTYN, UP",,,,,"   59",",,S","  -48",",,S","   -1","H,,S"
"UPM00033356","2015-10-30","50.217","31.8","128.0","YAHOTYN, UP",,,,,"   79",",,S","  -55",",,S","    2","H,,S"
"UPM00033356","2015-10-31","50.217","31.8","128.0","YAHOTYN, UP",,,,,"   79",",,S","  -50",",,S","   -1","H,,S"
"UPM00033356","2015-11-01","50.217","31.8","128.0","YAHOTYN, UP",,,,,"  105",",,S","  -67",",,S","   21","H,,S"
"UPM00033356","2015-11-02","50.217","31.8","128.0","YAHOTYN, UP",,,,,"  107",",,S","   29",",,S","   64","H,,S"
"UPM00033356","2015-11-03","50.217","31.8","128.0","YAHOTYN, UP",,,,,"   84",",,S",,,"   58","H,,S"
"UPM00033356","2015-11-04","50.217","31.8","128.0","YAHOTYN, UP","    0","B,,S",,,"   68",",,S","    9",",,S","   36","H,,S"
"UPM00033356","2015-11-05","50.217","31.8","128.0","YAHOTYN, UP",,,,,,,"  -10",",,S","   20","H,,S"
"UPM00033356","2015-11-06","50.217","31.8","128.0","YAHOTYN, UP",,,,,"   65",",,S",,,"   41","H,,S"
"UPM00033356","2015-11-07","50.217","31.8","128.0","YAHOTYN, UP",,,,,"   71",",,S","  -10",",,S","   41","H,,S"
"UPM00033356","2015-11-08","50.217","31.8","128.0","YAHOTYN, UP",,,,,"   77",",,S","   32",",,S","   51","H,,S"
"UPM00033356","2015-11-09","50.217","31.8","128.0","YAHOTYN, UP",,,,,"   95",",,S","   45",",,S","   77","H,,S"
"UPM00033356","2015-11-10","50.217","31.8","128.0","YAHOTYN, UP","   41","B,,S",,,"   93",",,S","   65",",,S","   78","H,,S"
"UPM00033356","2015-11-11","50.217","31.8","128.0","YAHOTYN, UP",,,,,"  103",",,S","   62",",,S","   84","H,,S"
"UPM00033356","2015-11-12","50.217","31.8","128.0","YAHOTYN, UP",,,,,,,"   69",",,S","   92","H,,S"
"UPM00033356","2015-11-13","50.217","31.8","128.0","YAHOTYN, UP",,,,,"  110",",,S",,,"   87","H,,S"
"UPM00033356","2015-11-14","50.217","31.8","128.0","YAHOTYN, UP",,,,,"   74",",,S","    9",",,S","   47","H,,S"
"UPM00033356","2015-11-15","50.217","31.8","128.0","YAHOTYN, UP",,,,,"   75",",,S","   33",",,S","   52","H,,S"
"UPM00033356","2015-11-16","50.217","31.8","128.0","YAHOTYN, UP",,,,,"   69",",,S","    9",",,S","   32","H,,S"
"UPM00033356","2015-11-17","50.217","31.8","128.0","YAHOTYN, UP",,,,,"   31",",,S","  -14",",,S","   12","H,,S"
"UPM00033356","2015-11-18","50.217","31.8","128.0","YAHOTYN, UP","    5","B,,S",,,,,"   19",",,S","   44","H,,S"
"UPM00033356","2015-11-19","50.217","31.8","128.0","YAHOTYN, UP",,,,,"  102",",,S","   59",",,S","   88","H,,S"
"UPM00033356","2015-11-20","50.217","31.8","128.0","YAHOTYN, UP","   79","B,,S",,,"   84",",,S",,,"   68","H,,S"
"UPM00033356","2015-11-21","50.217","31.8","128.0","YAHOTYN, UP","   86","B,,S",,,"   63",",,S","   39",",,S","   49","H,,S"
"UPM00033356","2015-11-22","50.217","31.8","128.0","YAHOTYN, UP","   61","B,,S",,,"  118",",,S","   41",",,S","   61","H,,S"
"UPM00033356","2015-11-23","50.217","31.8","128.0","YAHOTYN, UP",,,,,"   49",",,S",,,"   39","H,,S"
"UPM00033356","2015-11-24","50.217","31.8","128.0","YAHOTYN, UP",,,,,"   49",",,S","   -5",",,S","   18","H,,S"
"UPM00033356","2015-11-25","50.217","31.8","128.0","YAHOTYN, UP",,,,,"    2",",,S",,,"   -7","H,,S"
"UPM00033356","2015-11-26","50.217","31.8","128.0","YAHOTYN, UP",,,,,"    9",",,S","  -18",",,S","   -7","H,,S"
"UPM00033356","2015-11-27","50.217","31.8","128.0","YAHOTYN, UP",,,,,"    9",",,S",,,"  -18","H,,S"
"UPM00033356","2015-11-28","50.217","31.8","128.0","YAHOTYN, UP",,,,,"   26",",,S","  -44",",,S","   -8","H,,S"
"UPM00033356","2015-11-29","50.217","31.8","128.0","YAHOTYN, UP",,,,,,,"   -2",",,S","    1","H,,S"
"UPM00033356","2015-11-30","50.217","31.8","128.0","YAHOTYN, UP","   51","B,,S","   61",",,S","   33",",,S","   -1",",,S","   18","H,,S"
"UPM00033356","2015-12-01","50.217","31.8","128.0","YAHOTYN, UP","   71","B,,S",,,"   35",",,S",,,"   11","H,,S"
"UPM00033356","2015-12-02","50.217","31.8","128.0","YAHOTYN, UP","   18","B,,S","   51",",,S","   21",",,S","    3",",,S","   17","H,,S"
"UPM00033356","2015-12-03","50.217","31.8","128.0","YAHOTYN, UP",,,"   10",",,S","   39",",,S",,,"   12","H,,S"
"UPM00033356","2015-12-04","50.217","31.8","128.0","YAHOTYN, UP",,,,,"   25",",,S","  -28",",,S","   -6","H,,S"
"UPM00033356","2015-12-05","50.217","31.8","128.0","YAHOTYN, UP","    0","B,,S",,,"   47",",,S","  -12",",,S","   22","H,,S"
"UPM00033356","2015-12-06","50.217","31.8","128.0","YAHOTYN, UP",,,,,"   89",",,S","   31",",,S","   56","H,,S"
"UPM00033356","2015-12-07","50.217","31.8","128.0","YAHOTYN, UP",,,,,"   96",",,S","   39",",,S","   59","H,,S"
"UPM00033356","2015-12-08","50.217","31.8","128.0","YAHOTYN, UP",,,,,"   56",",,S",,,"   29","H,,S"
"UPM00033356","2015-12-09","50.217","31.8","128.0","YAHOTYN, UP",,,,,,,,,"  -17","H,,S"
"UPM00033356","2015-12-10","50.217","31.8","128.0","YAHOTYN, UP",,,,,"    3",",,S","  -28",",,S","   -8","H,,S"
"UPM00033356","2015-12-11","50.217","31.8","128.0","YAHOTYN, UP","    0","B,,S",,,"    9",",,S",,,"   -2","H,,S"
"UPM00033356","2015-12-12","50.217","31.8","128.0","YAHOTYN, UP",,,,,"   21",",,S","  -13",",,S","    7","H,,S"
"UPM00033356","2015-12-13","50.217","31.8","128.0","YAHOTYN, UP",,,,,"   65",",,S","   14",",,S","   29","H,,S"
"UPM00033356","2015-12-14","50.217","31.8","128.0","YAHOTYN, UP","   46","B,,S",,,,,,,"   18","H,,S"
"UPM00033356","2015-12-15","50.217","31.8","128.0","YAHOTYN, UP",,,,,"    9",",,S",,,"   -2","H,,S"
"UPM00033356","2015-12-16","50.217","31.8","128.0","YAHOTYN, UP",,,,,"  -11",",,S","  -44",",,S","  -27","H,,S"
"UPM00033356","2015-12-17","50.217","31.8","128.0","YAHOTYN, UP",,,,,"    4",",,S","  -45",",,S","  -19","H,,S"
"UPM00033356","2015-12-18","50.217","31.8","128.0","YAHOTYN, UP",,,,,"   27",",,S","   -6",",,S","    8","H,,S"
"UPM00033356","2015-12-19","50.217","31.8","128.0","YAHOTYN, UP",,,,,,,"   17",",,S","   40","H,,S"
"UPM00033356","2015-12-20","50.217","31.8","128.0","YAHOTYN, UP",,,,,"   76",",,S",,,"   60","H,,S"
"UPM00033356","2015-12-21","50.217","31.8","128.0","YAHOTYN, UP",,,,,"  108",",,S","   28",",,S","   57","H,,S"
"UPM00033356","2015-12-22","50.217","31.8","128.0","YAHOTYN, UP","   10","B,,S",,,"   84",",,S","   34",",,S","   60","H,,S"
"UPM00033356","2015-12-23","50.217","31.8","128.0","YAHOTYN, UP",,,,,"  104",",,S","   29",",,S","   69","H,,S"
"UPM00033356","2015-12-24","50.217","31.8","128.0","YAHOTYN, UP",,,,,"   89",",,S",,,"   64","H,,S"
"UPM00033356","2015-12-25","50.217","31.8","128.0","YAHOTYN, UP",,,,,"   19",",,S","  -15",",,S","    3","H,,S"
"UPM00033356","2015-12-26","50.217","31.8","128.0","YAHOTYN, UP",,,,,,,"    0",",,S","   52","H,,S"
"UPM00033356","2015-12-27","50.217","31.8","128.0","YAHOTYN, UP",,,,,,,,,"   28","H,,S"
"UPM00033356","2015-12-28","50.217","31.8","128.0","YAHOTYN, UP","   51","B,,S",,,,,,,"  -21","H,,S"
"UPM00033356","2015-12-29","50.217","31.8","128.0","YAHOTYN, UP",,,"   10",",,S","  -57",",,S","  -96",",,S","  -70","H,,S"
"UPM00033356","2015-12-30","50.217","31.8","128.0","YAHOTYN, UP","    0","B,,S","   10",",,S","  -67",",,S"," -103",",,S","  -86","H,,S"
"UPM00033356","2015-12-31","50.217","31.8","128.0","YAHOTYN, UP",,,"   10",",,S","  -67",",,S"," -100",",,S","  -88","H,,S"
"UPM00033356","2016-01-01","50.217","31.8","128.0","YAHOTYN, UP",,,"   51",",,S",,,,," -136","H,,S"
"UPM00033356","2016-01-02","50.217","31.8","128.0","YAHOTYN, UP",,,,," -153",",,S"," -195",",,S"," -173","H,,S"
"UPM00033356","2016-01-03","50.217","31.8","128.0","YAHOTYN, UP",,,"   51",",,S"," -150",",,S"," -206",",,S"," -182","H,,S"
"UPM00033356","2016-01-04","50.217","31.8","128.0","YAHOTYN, UP",,,"   51",",,S"," -131",",,S"," -220",",,S"," -180","H,,S"
"UPM00033356","2016-01-05","50.217","31.8","128.0","YAHOTYN, UP",,,"   51",",,S",,," -179",",,S"," -127","H,,S"
"UPM00033356","2016-01-06","50.217","31.8","128.0","YAHOTYN, UP",,,"   61",",,S","  -77",",,S"," -121",",,S","  -91","H,,S"
"UPM00033356","2016-01-07","50.217","31.8","128.0","YAHOTYN, UP",,,"   61",",,S","  -46",",,S","  -82",",,S","  -61","H,,S"
"UPM00033356","2016-01-08","50.217","31.8","128.0","YAHOTYN, UP","  249","B,,S","  150",",,S","  -43",",,S",,,"  -54","H,,S"
"UPM00033356","2016-01-09","50.217","31.8","128.0","YAHOTYN, UP","    3","B,,S","  221",",,S",,,"  -93",",,S","  -46","H,,S"
"UPM00033356","2016-01-10","50.217","31.8","128.0","YAHOTYN, UP",,,"  201",",,S","    9",",,S",,,"  -12","H,,S"
"UPM00033356","2016-01-11","50.217","31.8","128.0","YAHOTYN, UP","   20","B,,S","  221",",,S","  -26",",,S","  -52",",,S","  -42","H,,S"
"UPM00033356","2016-01-12","50.217","31.8","128.0","YAHOTYN, UP","   41","B,,S","  191",",,S","   29",",,S","  -38",",,S","   10","H,,S"
"UPM00033356","2016-01-13","50.217","31.8","128.0","YAHOTYN, UP",,,"  150",",,S",,,,,"    8","H,,S"
"UPM00033356","2016-01-14","50.217","31.8","128.0","YAHOTYN, UP",,,"  130",",,S","   15",",,S",,,"   -7","H,,S"
"UPM00033356","2016-01-15","50.217","31.8","128.0","YAHOTYN, UP",,,"  130",",,S","    0",",,S","  -64",",,S","  -33","H,,S"
"UPM00033356","2016-01-16","50.217","31.8","128.0","YAHOTYN, UP","   51","B,,S","  180",",,S","   19",",,S","  -50",",,S","  -13","H,,S"
"UPM00033356","2016-01-17","50.217","31.8","128.0","YAHOTYN, UP",,,"  150",",,S",,,,,"  -83","H,,S"
"UPM00033356","2016-01-18","50.217","31.8","128.0","YAHOTYN, UP",,,"  150",",,S",,," -100",",,S","  -91","H,,S"
"UPM00033356","2016-01-19","50.217","31.8","128.0","YAHOTYN, UP",,,"  221",",,S","  -44",",,S","  -86",",,S","  -61","H,,S"
"UPM00033356","2016-01-20","50.217","31.8","128.0","YAHOTYN, UP",,,"  221",",,S",,,,,"  -82","H,,S"
"UPM00033356","2016-01-21","50.217","31.8","128.0","YAHOTYN, UP",,,"  221",",,S","  -84",",,S"," -151",",,S"," -110","H,,S"
"UPM00033356","2016-01-22","50.217","31.8","128.0","YAHOTYN, UP","    5","B,,S","  221",",,S","  -69",",,S",,,"  -98","H,,S"
"UPM00033356","2016-01-23","50.217","31.8","128.0","YAHOTYN, UP","    5","B,,S","  231",",,S","  -76",",,S",,," -105","H,,S"
"UPM00033356","2016-01-24","50.217","31.8","128.0","YAHOTYN, UP",,,"  239",",,S"," -116",",,S",,," -167","H,,S"
"UPM00033356","2016-01-25","50.217","31.8","128.0","YAHOTYN, UP",,,"  239",",,S","  -79",",,S"," -225",",,S"," -134","H,,S"
"UPM00033356","2016-01-26","50.217","31.8","128.0","YAHOTYN, UP",,,"  249",",,S",,,"  -94",",,S","  -76","H,,S"
"UPM00033356","2016-01-27","50.217","31.8","128.0","YAHOTYN, UP","   23","B,,S","  249",",,S",,,"  -68",",,S","  -22","H,,S"
"UPM00033356","2016-01-28","50.217","31.8","128.0","YAHOTYN, UP",,,"  211",",,S",,,"    9",",,S","   31","H,,S"
"UPM00033356","2016-01-29","50.217","31.8","128.0","YAHOTYN, UP",,,"  130",",,S","   47",",,S",,,"   22","H,,S"
"UPM00033356","2016-01-30","50.217","31.8","128.0","YAHOTYN, UP",,,"  119",",,S","   49",",,S","  -30",",,S","    9","H,,S"
"UPM00033356","2016-01-31","50.217","31.8","128.0","YAHOTYN, UP",,,"  109",",,S","   23",",,S","    1",",,S","   13","H,,S"
"UPM00033356","2016-02-01","50.217","31.8","128.0","YAHOTYN, UP","    5","B,,S","  109",",,S","   44",",,S","    0",",,S","   13","H,,S"
"UPM00033356","2016-02-02","50.217","31.8","128.0","YAHOTYN, UP",,,"   99",",,S","   41",",,S","  -12",",,S","   16","H,,S"
"UPM00033356","2016-02-03","50.217","31.8","128.0","YAHOTYN, UP",,,"   89",",,S","   89",",,S",,,"   47","H,,S"
"UPM00033356","2016-02-04","50.217","31.8","128.0","YAHOTYN, UP","   15","B,,S","   79",",,S","   25",",,S",,,"   16","H,,S"
"UPM00033356","2016-02-05","50.217","31.8","128.0","YAHOTYN, UP",,,"   71",",,S","   13",",,S","  -22",",,S","   -2","H,,S"
"UPM00033356","2016-02-06","50.217","31.8","128.0","YAHOTYN, UP",,,"   71",",,S","   14",",,S",,,"   -8","H,,S"
"UPM00033356","2016-02-07","50.217","31.8","128.0","YAHOTYN, UP",,,"   71",",,S","   19",",,S","  -71",",,S","  -29","H,,S"
"UPM00033356","2016-02-08","50.217","31.8","128.0","YAHOTYN, UP",,,"   61",",,S","   19",",,S","  -55",",,S","  -16","H,,S"
"UPM00033356","2016-02-09","50.217","31.8","128.0","YAHOTYN, UP",,,"   61",",,S","   24",",,S","  -10",",,S","    9","H,,S"
"UPM00033356","2016-02-10","50.217","31.8","128.0","YAHOTYN, UP",,,"   51",",,S","   28",",,S","   15",",,S","   24","H,,S"
"UPM00033356","2016-02-11","50.217","31.8","128.0","YAHOTYN, UP","  119","B,,S","   20",",,S","    9",",,S","   -2",",,S","    3","H,,S"
"UPM00033356","2016-02-12","50.217","31.8","128.0","YAHOTYN, UP",,,"   51",",,S","   47",",,S","  -25",",,S","    6","H,,S"
"UPM00033356","2016-02-13","50.217","31.8","128.0","YAHOTYN, UP",,,"   51",",,S","   16",",,S","  -24",",,S","   -2","H,,S"
"UPM00033356","2016-02-14","50.217","31.8","128.0","YAHOTYN, UP","   89","B,,S","   41",",,S","   45",",,S","    3",",,S","   23","H,,S"
"UPM00033356","2016-02-15","50.217","31.8","128.0","YAHOTYN, UP",,,"   10",",,S","  110",",,S","   17",",,S","   45","H,,S"
"UPM00033356","2016-02-16","50.217","31.8","128.0","YAHOTYN, UP",,,"   10",",,S","   79",",,S",,,"   59","H,,S"
"UPM00033356","2016-02-17","50.217","31.8","128.0","YAHOTYN, UP",,,,,"   44",",,S",,,"    8","H,,S"
"UPM00033356","2016-02-18","50.217","31.8","128.0","YAHOTYN, UP",,,,,"   23",",,S","  -42",",,S","  -18","H,,S"
"UPM00033356","2016-02-19","50.217","31.8","128.0","YAHOTYN, UP",,,,,"   18",",,S","  -24",",,S","   -9","H,,S"
"UPM00033356","2016-02-20","50.217","31.8","128.0","YAHOTYN, UP",,,,,"   11",",,S",,,"  -13","H,,S"
"UPM00033356","2016-02-21","50.217","31.8","128.0","YAHOTYN, UP",,,,,"    4",",,S","  -42",",,S","  -11","H,,S"
"UPM00033356","2016-02-22","50.217","31.8","128.0","YAHOTYN, UP","   56","B,,S","   10",",,S","   74",",,S","   -4",",,S","   42","H,,S"
"UPM00033356","2016-02-23","50.217","31.8","128.0","YAHOTYN, UP",,,,,"  128",",,S","   45",",,S","   76","H,,S"
"UPM00033356","2016-02-24","50.217","31.8","128.0","YAHOTYN, UP","   71","B,,S",,,"   48",",,S",,,"   32","H,,S"
"UPM00033356","2016-02-25","50.217","31.8","128.0","YAHOTYN, UP",,,,,"   36",",,S",,,"   11","H,,S"
"UPM00033356","2016-02-26","50.217","31.8","128.0","YAHOTYN, UP",,,,,"   41",",,S","  -16",",,S","   16","H,,S"
"UPM00033356","2016-02-27","50.217","31.8","128.0","YAHOTYN, UP",,,"   10",",,S","   34",",,S",,,"    6","H,,S"
"UPM00033356","2016-02-28","50.217","31.8","128.0","YAHOTYN, UP",,,,,"   35",",,S","  -28",",,S","    9","H,,S"
"UPM00033356","2016-02-29","50.217","31.8","128.0","YAHOTYN, UP",,,,,"   75",",,S","   25",",,S","   52","H,,S"
"UPM00033356","2016-03-01","50.217","31.8","128.0","YAHOTYN, UP","   25","B,,S",,,"   92",",,S","   35",",,S","   61","H,,S"
"UPM00033356","2016-03-02","50.217","31.8","128.0","YAHOTYN, UP","   10","B,,S",,,"   89",",,S",,,"   55","H,,S"
"UPM00033356","2016-03-03","50.217","31.8","128.0","YAHOTYN, UP",,,,,"   38",",,S",,,"   27","H,,S"
"UPM00033356","2016-03-04","50.217","31.8","128.0","YAHOTYN, UP","   61","B,,S",,,"   19",",,S",,,"   12","H,,S"
"UPM00033356","2016-03-05","50.217","31.8","128.0","YAHOTYN, UP",,,,,"   19",",,S","    3",",,S","   11","H,,S"
"UPM00033356","2016-03-06","50.217","31.8","128.0","YAHOTYN, UP",,,,,"   99",",,S","   -4",",,S","   42","H,,S"
"UPM00033356","2016-03-07","50.217","31.8","128.0","YAHOTYN, UP",,,,,"  135",",,S","   37",",,S","   72","H,,S"
"UPM00033356","2016-03-08","50.217","31.8","128.0","YAHOTYN, UP",,,,,"  127",",,S","   49",",,S","   82","H,,S"
"UPM00033356","2016-03-09","50.217","31.8","128.0","YAHOTYN, UP",,,,,"  123",",,S","   54",",,S","   83","H,,S"
"UPM00033356","2016-03-10","50.217","31.8","128.0","YAHOTYN, UP",,,,,"  130",",,S",,,"   83","H,,S"
"UPM00033356","2016-03-11","50.217","31.8","128.0","YAHOTYN, UP",,,,,"  126",",,S","   44",",,S","   64","H,,S"
"UPM00033356","2016-03-12","50.217","31.8","128.0","YAHOTYN, UP",,,,,"  110",",,S","   34",",,S","   76","H,,S"
"UPM00033356","2016-03-13","50.217","31.8","128.0","YAHOTYN, UP","   15","B,,S",,,,,,,"   33","H,,S"
"UPM00033356","2016-03-14","50.217","31.8","128.0","YAHOTYN, UP",,,,,"   29",",,S","   -2",",,S","   12","H,,S"
"UPM00033356","2016-03-15","50.217","31.8","128.0","YAHOTYN, UP",,,,,"   22",",,S",,,"    0","H,,S"
"UPM00033356","2016-03-16","50.217","31.8","128.0","YAHOTYN, UP",,,,,"   68",",,S","  -20",",,S","   25","H,,S"
"UPM00033356","2016-03-17","50.217","31.8","128.0","YAHOTYN, UP",,,,,"   45",",,S","   11",",,S","   27","H,,S"
"UPM00033356","2016-03-18","50.217","31.8","128.0","YAHOTYN, UP",,,,,"   81",",,S",,,"   46","H,,S"
"UPM00033356","2016-03-19","50.217","31.8","128.0","YAHOTYN, UP","    5","B,,S",,,"    1",",,S",,,"  -21","H,,S"
"UPM00033356","2016-03-20","50.217","31.8","128.0","YAHOTYN, UP","   20","B,,S","   10",",,S","    4",",,S","  -40",",,S","  -16","H,,S"
"UPM00033356","2016-03-21","50.217","31.8","128.0","YAHOTYN, UP","   13","B,,S","   10",",,S","   60",",,S","  -16",",,S","   11","H,,S"
"UPM00033356","2016-03-22","50.217","31.8","128.0","YAHOTYN, UP",,,,,"   66",",,S","   -6",",,S","   31","H,,S"
"UPM00033356","2016-03-23","50.217","31.8","128.0","YAHOTYN, UP",,,,,"   54",",,S",,,"   31","H,,S"
"UPM00033356","2016-03-24","50.217","31.8","128.0","YAHOTYN, UP","   51","B,,S",,,"   27",",,S","    2",",,S","   11","H,,S"
"UPM00033356","2016-03-25","50.217","31.8","128.0","YAHOTYN, UP",,,,,"   25",",,S","   -3",",,S","    9","H,,S"
"UPM00033356","2016-03-26","50.217","31.8","128.0","YAHOTYN, UP",,,,,"   90",",,S","    9",",,S","   47","H,,S"
"UPM00033356","2016-03-27","50.217","31.8","128.0","YAHOTYN, UP",,,,,"   93",",,S","   14",",,S","   56","H,,S"
"UPM00033356","2016-03-28","50.217","31.8","128.0","YAHOTYN, UP",,,,,"   81",",,S",,,"   39","H,,S"
"UPM00033356","2016-03-29","50.217","31.8","128.0","YAHOTYN, UP",,,,,"   95",",,S","   13",",,S","   53","H,,S"
"UPM00033356","2016-03-30","50.217","31.8","128.0","YAHOTYN, UP",,,,,"  146",",,S","   13",",,S","   62","H,,S"
"UPM00033356","2016-03-31","50.217","31.8","128.0","YAHOTYN, UP","   28","B,,S",,,"  148",",,S","   24",",,S","   81","H,,S"
"UPM00033356","2016-04-01","50.217","31.8","128.0","YAHOTYN, UP",,,,,"  185",",,S",,,"  122","H,,S"
"UPM00033356","2016-04-02","50.217","31.8","128.0","YAHOTYN, UP",,,,,"   79",",,S","   25",",,S","   54","H,,S"
"UPM00033356","2016-04-03","50.217","31.8","128.0","YAHOTYN, UP",,,,,"  138",",,S","   17",",,S","   68","H,,S"
"UPM00033356","2016-04-04","50.217","31.8","128.0","YAHOTYN, UP",,,,,"  165",",,S","   43",",,S","   94","H,,S"
"UPM00033356","2016-04-05","50.217","31.8","128.0","YAHOTYN, UP",,,,,"  182",",,S","   13",",,S","  111","H,,S"
"UPM00033356","2016-04-06","50.217","31.8","128.0","YAHOTYN, UP",,,,,"  191",",,S","   74",",,S","  134","H,,S"
"UPM00033356","2016-04-07","50.217","31.8","128.0","YAHOTYN, UP",,,,,"  210",",,S","   82",",,S","  129","H,,S"
"UPM00033356","2016-04-08","50.217","31.8","128.0","YAHOTYN, UP",,,,,"  256",",,S","   96",",,S","  171","H,,S"
"UPM00033356","2016-04-09","50.217","31.8","128.0","YAHOTYN, UP",,,,,"  205",",,S","  109",",,S","  163","H,,S"
"UPM00033356","2016-04-10","50.217","31.8","128.0","YAHOTYN, UP",,,,,"  230",",,S","  127",",,S","  172","H,,S"
"UPM00033356","2016-04-11","50.217","31.8","128.0","YAHOTYN, UP",,,,,"  205",",,S","  113",",,S","  154","H,,S"
"UPM00033356","2016-04-12","50.217","31.8","128.0","YAHOTYN, UP",,,,,"  205",",,S","   96",",,S","  144","H,,S"
"UPM00033356","2016-04-13","50.217","31.8","128.0","YAHOTYN, UP",,,,,"  200",",,S","  111",",,S","  148","H,,S"
"UPM00033356","2016-04-14","50.217","31.8","128.0","YAHOTYN, UP",,,,,"  207",",,S","   75",",,S","  146","H,,S"
"UPM00033356","2016-04-15","50.217","31.8","128.0","YAHOTYN, UP","  160","B,,S",,,,,,,"   89","H,,S"
"UPM00033356","2016-04-16","50.217","31.8","128.0","YAHOTYN, UP",,,,,"  155",",,S","   39",",,S","  112","H,,S"
"UPM00033356","2016-04-17","50.217","31.8","128.0","YAHOTYN, UP",,,,,"  235",",,S","  101",",,S","  171","H,,S"
"UPM00033356","2016-04-18","50.217","31.8","128.0","YAHOTYN, UP",,,,,"  239",",,S","  112",",,S","  162","H,,S"
"UPM00033356","2016-04-19","50.217","31.8","128.0","YAHOTYN, UP",,,,,"  160",",,S","   96",",,S","  126","H,,S"
"UPM00033356","2016-04-20","50.217","31.8","128.0","YAHOTYN, UP",,,,,"  140",",,S","   69",",,S","   98","H,,S"
"UPM00033356","2016-04-21","50.217","31.8","128.0","YAHOTYN, UP",,,,,"   95",",,S",,,"   60","H,,S"
"UPM00033356","2016-04-22","50.217","31.8","128.0","YAHOTYN, UP",,,,,"  166",",,S",,,"  101","H,,S"
"UPM00033356","2016-04-23","50.217","31.8","128.0","YAHOTYN, UP",,,,,"  150",",,S","   25",",,S","   95","H,,S"
"UPM00033356","2016-04-24","50.217","31.8","128.0","YAHOTYN, UP",,,,,"  201",",,S","   84",",,S","  139","H,,S"
"UPM00033356","2016-04-25","50.217","31.8","128.0","YAHOTYN, UP",,,,,"  212",",,S","   84",",,S","  146","H,,S"
"UPM00033356","2016-04-26","50.217","31.8","128.0","YAHOTYN, UP","   48","B,,S",,,"  122",",,S",,,"  106","H,,S"
"UPM00033356","2016-04-27","50.217","31.8","128.0","YAHOTYN, UP",,,,,"  130",",,S","   59",",,S","   93","H,,S"
"UPM00033356","2016-04-28","50.217","31.8","128.0","YAHOTYN, UP",,,,,"  196",",,S","   53",",,S","  129","H,,S"
"UPM00033356","2016-04-29","50.217","31.8","128.0","YAHOTYN, UP",,,,,"  205",",,S","   74",",,S","  137","H,,S"
"UPM00033356","2016-04-30","50.217","31.8","128.0","YAHOTYN, UP",,,,,"  192",",,S","   73",",,S","  141","H,,S"
"UPM00033356","2016-05-01","50.217","31.8","128.0","YAHOTYN, UP",,,,,"  183",",,S","   64",",,S","  130","H,,S"
"UPM00033356","2016-05-02","50.217","31.8","128.0","YAHOTYN, UP",,,,,"  212",",,S","   39",",,S","  138","H,,S"
"UPM00033356","2016-05-03","50.217","31.8","128.0","YAHOTYN, UP",,,,,"  220",",,S","   89",",,S","  160","H,,S"
"UPM00033356","2016-05-04","50.217","31.8","128.0","YAHOTYN, UP",,,,,"  220",",,S","   89",",,S","  157","H,,S"
"UPM00033356","2016-05-05","50.217","31.8","128.0","YAHOTYN, UP",,,,,"  230",",,S","   86",",,S","  153","H,,S"
"UPM00033356","2016-05-06","50.217","31.8","128.0","YAHOTYN, UP",,,,,"  195",",,S","   72",",,S","  129","H,,S"
"UPM00033356","2016-05-07","50.217","31.8","128.0","YAHOTYN, UP","  140","B,,S",,,"  157",",,S","   94",",,S","  123","H,,S"
"UPM00033356","2016-05-08","50.217","31.8","128.0","YAHOTYN, UP","   20","B,,S",,,"  195",",,S",,,"  139","H,,S"
"UPM00033356","2016-05-09","50.217","31.8","128.0","YAHOTYN, UP",,,,,"  226",",,S","   84",",,S","  154","H,,S"
"UPM00033356","2016-05-10","50.217","31.8","128.0","YAHOTYN, UP",,,,,"  230",",,S","  109",",,S","  173","H,,S"
"UPM00033356","2016-05-11","50.217","31.8","128.0","YAHOTYN, UP",,,,,"  235",",,S","  104",",,S","  159","H,,S"
"UPM00033356","2016-05-12","50.217","31.8","128.0","YAHOTYN, UP",,,,,"  228",",,S","  114",",,S","  173","H,,S"
"UPM00033356","2016-05-13","50.217","31.8","128.0","YAHOTYN, UP","  165","B,,S",,,"  230",",,S","  124",",,S","  181","H,,S"
"UPM00033356","2016-05-14","50.217","31.8","128.0","YAHOTYN, UP","  119","B,,S",,,"  148",",,S",,,"  132","H,,S"
"UPM00033356","2016-05-15","50.217","31.8","128.0","YAHOTYN, UP",,,,,"  190",",,S","  114",",,S","  150","H,,S"
"UPM00033356","2016-05-16","50.217","31.8","128.0","YAHOTYN, UP",,,,,"  195",",,S","  109",",,S","  150","H,,S"
"UPM00033356","2016-05-17","50.217","31.8","128.0","YAHOTYN, UP","   99","B,,S",,,"  115",",,S",,,"  101","H,,S"
"UPM00033356","2016-05-18","50.217","31.8","128.0","YAHOTYN, UP",,,,,"  176",",,S","   56",",,S","  119","H,,S"
"UPM00033356","2016-05-19","50.217","31.8","128.0","YAHOTYN, UP","  140","B,,S",,,"  150",",,S","   93",",,S","  113","H,,S"
"UPM00033356","2016-05-20","50.217","31.8","128.0","YAHOTYN, UP","   71","B,,S",,,"  155",",,S","   93",",,S","  110","H,,S"
"UPM00033356","2016-05-21","50.217","31.8","128.0","YAHOTYN, UP",,,,,"  208",",,S","   99",",,S","  159","H,,S"
"UPM00033356","2016-05-22","50.217","31.8","128.0","YAHOTYN, UP",,,,,"  228",",,S","  101",",,S","  170","H,,S"
"UPM00033356","2016-05-23","50.217","31.8","128.0","YAHOTYN, UP",,,,,"  223",",,S","  121",",,S","  172","H,,S"
"UPM00033356","2016-05-24","50.217","31.8","128.0","YAHOTYN, UP",,,,,"  200",",,S","  120",",,S","  154","H,,S"
"UPM00033356","2016-05-25","50.217","31.8","128.0","YAHOTYN, UP","   61","B,,S",,,"  213",",,S","  119",",,S","  147","H,,S"
"UPM00033356","2016-05-26","50.217","31.8","128.0","YAHOTYN, UP",,,,,"  246",",,S","  114",",,S","  173","H,,S"
"UPM00033356","2016-05-27","50.217","31.8","128.0","YAHOTYN, UP",,,,,"  245",",,S","  141",",,S","  191","H,,S"
"UPM00033356","2016-05-28","50.217","31.8","128.0","YAHOTYN, UP",,,,,"  215",",,S","  161",",,S","  187","H,,S"
"UPM00033356","2016-05-29","50.217","31.8","128.0","YAHOTYN, UP",,,,,"  245",",,S","  149",",,S","  185","H,,S"
"UPM00033356","2016-05-30","50.217","31.8","128.0","YAHOTYN, UP","   71","B,,S",,,"  251",",,S","  163",",,S","  187","H,,S"
"UPM00033356","2016-05-31","50.217","31.8","128.0","YAHOTYN, UP",,,,,"  260",",,S","  153",",,S","  204","H,,S"
"UPM00033356","2016-06-01","50.217","31.8","128.0","YAHOTYN, UP",,,,,"  212",",,S",,,"  174","H,,S"
"UPM00033356","2016-06-02","50.217","31.8","128.0","YAHOTYN, UP",,,,,"  220",",,S","  108",",,S","  163","H,,S"
"UPM00033356","2016-06-03","50.217","31.8","128.0","YAHOTYN, UP",,,,,"  225",",,S","  115",",,S","  174","H,,S"
"UPM00033356","2016-06-04","50.217","31.8","128.0","YAHOTYN, UP",,,,,"  248",",,S","   99",",,S","  181","H,,S"
"UPM00033356","2016-06-05","50.217","31.8","128.0","YAHOTYN, UP",,,,,"  257",",,S","  131",",,S","  198","H,,S"
"UPM00033356","2016-06-06","50.217","31.8","128.0","YAHOTYN, UP",,,,,"  180",",,S",,,"  147","H,,S"
"UPM00033356","2016-06-07","50.217","31.8","128.0","YAHOTYN, UP",,,,,"  160",",,S","   79",",,S","  117","H,,S"
"UPM00033356","2016-06-08","50.217","31.8","128.0","YAHOTYN, UP",,,,,"  195",",,S","   95",",,S","  139","H,,S"
"UPM00033356","2016-06-09","50.217","31.8","128.0","YAHOTYN, UP",,,,,"  225",",,S","   74",",,S","  166","H,,S"
"UPM00033356","2016-06-10","50.217","31.8","128.0","YAHOTYN, UP",,,,,"  230",",,S","  110",",,S","  165","H,,S"
"UPM00033356","2016-06-11","50.217","31.8","128.0","YAHOTYN, UP","  221","B,,S",,,"  200",",,S","  139",",,S","  156","H,,S"
"UPM00033356","2016-06-12","50.217","31.8","128.0","YAHOTYN, UP",,,,,"  198",",,S","   84",",,S","  149","H,,S"
"UPM00033356","2016-06-13","50.217","31.8","128.0","YAHOTYN, UP",,,,,"  193",",,S","   83",",,S","  147","H,,S"
"UPM00033356","2016-06-14","50.217","31.8","128.0","YAHOTYN, UP",,,,,,,"  141",",,S","  195","H,,S"
"UPM00033356","2021-05-04","50.217","31.8","128.0","YAHOTYN, UP",,,,,,,,,"   51","H,,S"
"UPM00033356","2021-05-10","50.217","31.8","128.0","YAHOTYN, UP",,,,,,,,,"  125","H,,S"
"UPM00033356","2021-08-08","50.217","31.8","128.0","YAHOTYN, UP",,,,,,,,,"  223","H,,S"
"UPM00033356","2021-08-09","50.217","31.8","128.0","YAHOTYN, UP",,,,,,,,,"  234","H,,S"
"UPM00033356","2021-08-15","50.217","31.8","128.0","YAHOTYN, UP",,,,,,,,,"  217","H,,S"
"UPM00033356","2021-08-17","50.217","31.8","128.0","YAHOTYN, UP",,,,,,,,,"  267","H,,S"
"UPM00033356","2021-09-08","50.217","31.8","128.0","YAHOTYN, UP",,,,,,,,,"  150","H,,S"
"UPM00033356","2021-10-02","50.217","31.8","128.0","YAHOTYN, UP",,,,,,,,,"  121","H,,S"
"UPM00033356","2021-10-03","50.217","31.8","128.0","YAHOTYN, UP",,,,,,,,,"  110","H,,S"
"UPM00033356","2021-10-04","50.217","31.8","128.0","YAHOTYN, UP",,,,,,,"   30",",,S","   53","H,,S"
"UPM00033356","2021-10-07","50.217","31.8","128.0","YAHOTYN, UP",,,,,,,"   -4",",,S","   20","H,,S"
"UPM00033356","2021-10-08","50.217","31.8","128.0","YAHOTYN, UP",,,,,,,"   13",",,S","   28","H,,S"
"UPM00033356","2021-10-11","50.217","31.8","128.0","YAHOTYN, UP",,,,,,,"   11",",,S","   54","H,,S"
"UPM00033356","2021-12-26","50.217","31.8","128.0","YAHOTYN, UP",,,,,,,,,"  -63","H,,S"
"UPM00033356","2022-02-14","50.217","31.8","128.0","YAHOTYN, UP",,,,,,,,,"   14","H,,S"
"UPM00033356","2022-02-15","50.217","31.8","128.0","YAHOTYN, UP",,,,,,,,,"   16","H,,S"
